1
-32.546
-23.809
-15.866
-6.6258
-13.732
-23.162
-26.324
-25.19
-25.043
-27.537
-30.857
-35.705
-38.82
-41.954
-45.965
-8.3715
-12.586
-32.85
-47.836
-47.197
-41.384
-40.199
-47.41
-54.614
-56.61
-56.008
-56.708
-2.9882
-5.9636
-31.647
1
1
-11.604
1
1
-4.3493
-12.736
-6.6934
-4.7595
-7.8141
-11.309
-12.528
-12.392
0.58698
-0.6422
-8.7468
1
1
-3.4731
1
0.2726
-3.5497
-6.0974
-6.4601
-6.3679
-7.1406
-8.5732
-1.8145
-2.7513
1
-1.0261
-5.8475
-8.2455
-1.2854
-0.98089
-5.3087
-8.6254
-9.1196
-8.7087
-9.7907
-12.736
-15.669
-17.662
-19.193
-20.962
-23.139
-25.314
-29.358
-33.228
-41.087
-19.652
-10.786
-31.75
-52.684
-15.379
1
-11.058
1
-0.60261
-0.6027
-0.6027
-0.60256
-3.2
-3.2
-3.2001
-3.2001
-3.2001
-3.2359
-5.2002
-5.2004
-0.96816
-6.8303
-10.831
-18.833
-34.836
-66.841
-130.86
-258.88
-514.89
-449.64
-578.06
-706.05
-962.07
-560.42
-342.66
-527.43
-591.43
-225.67
-374.26
-406.26
-470.27
-598.29
-854.32
-1366.7
-2391.3
-4441.7
-8540
-16737
-14429
-18616
-7216
-11870
-3605.3
-6573.8
-1804.9
-3447.9
-3479.9
-3543.8
-965.7
-1851.8
-484.57
-947
-954.99
-971.02
-1003
-290.1
-541.07
-146.45
-7.423
-147.38
-4.4265
-77.902
-0.083179
0.32888
-20.582
-21.583
-23.584
-27.586
-35.592
-51.599
-34.351
-13.889
-14.635
-31.488
-39.492
-55.501
-33.364
-16.385
-37.903
-45.907
-61.917
-93.938
-157.98
-286.04
-542.17
-1054.5
-907.64
-1170.1
-452.6
-745.14
-229.19
-31.142
-234.84
-250.83
-282.87
-107.21
-179.11
-52.486
-98.028
-102.03
-110.03
-126.04
-158.07
-77.641
-117.78
-133.8
-165.81
-229.86
-136.95
-194.6
-226.63
-93.047
-150.91
-48.422
-85.922
-3.9806
-46.953
-48.955
-52.958
-60.961
-76.972
-108.99
-173.02
-301.1
-557.25
-1069.5
-2094.1
-1802.8
-2326.8
-2839.2
-3863.7
-4888.7
-6938.3
-11037
-7880.6
-10640
-3940
-2225.8
-3812
-1112.4
-127.2
-1144.5
-326.99
-612.84
-628.85
-660.85
-203.54
-30.638
-211.99
-227.98
-260.03
-324.05
-452.14
-708.31
-1220.6
-949.72
-1253.5
