140.72
33.104
11.317
7.9439
13.403
3.2717
5.2577
4.1508
2.9136
3.3896
2.8887
2.9006
5.7897
5.6579
5.6917
5.6658
30.1
15.686
4.6838
11.405
4.6239
4.6546
9.2786
2.8289
4.6428
3.3735
2.9752
3.1476
40.19
19.562
5.3733
21.339
12.582
1.6474
10.483
8.552
2.5714
4.384
3.2313
3.8004
1.4482
2.1418
1.7091
1.4511
10.146
5.063
2.9536
6.5095
4.5426
1.4163
4.1437
2.6058
1.6772
2.0946
1.4506
1.541
1.4894
1.4163
5.6307
3.11
5.1781
2.4305
2.222
2.325
4.9141
3.5679
1.585
2.4461
1.5525
1.5685
3.1207
2.8289
2.9057
2.8477
2.8339
2.8398
2.829
2.8317
5.6591
5.6579
11.316
13.305
26.471
5.6581
13.252
14.808
20.498
2.1577
10.209
4.9968
3.4105
2.6652
2.3183
1.4301
1.5371
1.7369
1.8622
1.9299
3.9296
3.1515
3.5284
6.1507
2.8289
5.6578
11.316
22.631
45.265
90.527
181.05
362.05
202.66
90.52
181.01
362.06
308.4
234.25
45.257
90.519
192.9
22.629
45.258
90.519
181.04
362.07
724.58
1448.9
2899.7
5795.9
11592
6538.3
2897.9
6033.5
724.51
4033.1
181.11
2280
45.283
45.284
90.559
1231.3
22.646
648.39
5.6607
11.32
22.636
45.283
344.36
11.32
188
195.17
2.83
102.54
1.415
55.753
28.901
0.70751
1.415
2.8301
5.6601
11.32
22.64
16.428
28.433
21.411
5.6603
11.32
22.64
18.167
27.235
5.6601
11.32
22.641
45.284
90.561
181.13
362.21
724.49
409.07
181.13
379.39
45.279
251.79
277.67
11.321
22.64
45.282
93.143
11.32
61.836
2.83
5.66
11.321
22.641
45.279
50.78
11.32
22.642
45.279
90.571
74.281
22.639
45.282
74.061
11.32
50.518
2.83
59.424
1.415
2.8301
5.66
11.321
22.641
45.282
90.56
181.13
362.24
724.5
1449
817.56
362.24
724.57
1449
1449.4
2898.6
5796
3797.2
1449
3476.3
2093.7
181.14
1305.9
1396.3
45.283
393.57
11.321
22.641
45.282
224.28
246.19
11.32
22.638
45.284
90.561
181.12
362.3
724.54
439.28
181.13
