4.004
0.074242
0.020396
0.0098935
0.0025403
-0.00099664
-0.0010999
-0.00070277
-0.00026671
-0.0001006
-0.00016899
-0.00019201
-0.00019949
-9.6646e-05
-0.00020158
-0.00010109
-0.00010159
-4.9974e-05
-0.00010143
-0.00010171
-5.0479e-05
-0.0001004
-0.00010057
-0.00010117
-5.051e-05
-0.00010147
-5.0697e-05
-0.00010165
-5.0794e-05
-5.0831e-05
-0.00010139
-0.00010132
-0.00010153
-5.0743e-05
-5.0809e-05
-5.0836e-05
-2.5413e-05
-2.5423e-05
-1.2709e-05
-1.2713e-05
-6.3534e-06
-6.3552e-06
-3.1771e-06
-1.5879e-06
-7.9349e-07
-1.5887e-06
-1.5886e-06
-7.9375e-07
-1.5888e-06
-1.5886e-06
-7.9376e-07
-1.5888e-06
-1.5886e-06
-7.9377e-07
-1.5888e-06
-1.5886e-06
-7.9375e-07
-1.5888e-06
-1.5886e-06
-7.9377e-07
-1.163e-09
-3.4259e-09
-6.8255e-09
-1.6182e-08
-3.1446e-08
-6.5395e-08
-6.3333e-08
-6.2686e-08
-6.2177e-08
-6.2126e-08
-6.1994e-08
-6.2072e-08
-6.1982e-08
-6.2075e-08
-6.1991e-08
-6.2085e-08
-6.2001e-08
-6.2095e-08
4.9596e-09
4.6849e-09
5.5392e-09
4.9896e-09
4.8484e-09
4.9258e-09
4.8292e-09
4.9125e-09
4.8181e-09
4.9019e-09
4.8077e-09
4.8917e-09
4.7976e-09
4.8818e-09
4.7877e-09
4.8715e-09
4.7777e-09
4.8616e-09
4.7676e-09
4.8515e-09
5.0046e-09
4.9321e-09
