557.95
5.192
1.9941
1.2879
0.78119
0.5037
0.23753
0.12462
0.044951
0.017684
0.019447
0.042496
0.036236
0.026279
0.02026
0.011702
0.012294
0.0076369
0.012246
0.012301
0.0059093
0.015862
0.016646
0.014783
0.006346
0.011353
0.005292
0.01034
0.0051161
0.0059577
0.010422
0.010737
0.010537
0.0051655
0.0051148
0.0050961
0.0025449
0.0025447
0.001272
0.0012722
0.00063597
0.00063609
0.00031803
0.00015908
7.9555e-05
0.00015911
0.00015912
7.9573e-05
0.00015912
0.00015912
7.9574e-05
0.00015912
0.00015912
7.9572e-05
0.00015912
0.00015912
7.9577e-05
0.00015912
0.00015912
7.957e-05
6.1714e-06
7.7105e-06
1.1699e-05
2.2087e-05
3.0916e-05
5.4148e-05
5.6924e-05
5.7334e-05
5.8714e-05
5.7765e-05
5.8663e-05
5.7715e-05
5.8614e-05
5.7665e-05
5.8559e-05
5.7616e-05
5.8509e-05
5.7566e-05
5.799e-05
5.645e-05
6.2068e-05
5.5956e-05
5.6965e-05
5.7865e-05
5.6915e-05
5.7815e-05
5.6865e-05
5.7765e-05
5.682e-05
5.7715e-05
5.677e-05
5.767e-05
5.6719e-05
5.762e-05
5.6669e-05
5.757e-05
5.6624e-05
5.753e-05
5.8435e-05
5.748e-05
