0.0027405
0.0027712
0.0027709
0.0028902
0.0027707
0.0027704
0.0027702
0.00277
0.0027698
0.0027696
0.0027694
0.0027692
0.002769
0.0027688
0.0027685
0.0027683
0.0027681
0.0027679
0.0027677
0.0027675
0.0027673
0.002767
0.0027668
0.0027666
0.0027664
0.0027662
0.002766
0.0027658
0.0027656
0.0027653
0.0027651
0.0027649
0.0027647
0.0027645
0.0027643
0.0027641
0.0027639
0.0027636
0.0027634
0.0027632
0.002763
0.0027628
0.0027626
0.0027624
0.0027622
0.0027619
0.0027617
0.0027615
0.0027613
0.0027611
0.0027609
0.0027607
0.0027605
0.0027602
0.00276
0.0027598
0.0027596
0.0027594
0.0027592
0.002759
0.0027587
0.0027585
0.0027583
0.0027581
0.0027579
0.0027577
0.0027575
0.0027573
0.002757
0.0027568
0.0027566
0.0027564
0.0027562
0.002756
0.0027558
0.0027556
0.0027553
0.0027551
0.0027549
0.0027547
0.0027545
0.0027543
0.0027541
0.0027539
0.0027536
0.0027534
0.0027532
0.002753
0.0027528
0.0027526
0.0027524
0.0027522
0.0027519
0.0027517
0.0027515
0.0027513
0.0027511
0.0027509
0.0027507
0.0027504
0.0027502
0.00275
0.0027498
0.0027496
0.0027494
0.0027492
0.002749
0.0027487
0.0027485
0.0027483
0.0027481
0.0027479
0.0027477
0.0027475
0.0027473
0.002747
0.0027468
0.0027466
0.0027464
0.0027462
0.002746
0.0027458
0.0027456
0.0027453
0.0027451
0.0027449
0.0027447
0.0027445
0.0027443
0.0027441
0.0027439
0.0027436
0.0027434
0.0027432
0.002743
0.0027428
0.0027426
0.0027424
0.0027422
0.0027419
0.0027417
0.0027415
0.0027413
0.0027411
0.0027409
0.0027407
0.0027404
0.0027402
0.00274
0.0027398
