0.031331,-0.031323,-0.29973,-0.00063675,0.29993,0.0025498,-2.5048e-05
0.0085964,-0.0085964,-0.22602,0.00026133,0.22607,0.00026135,-8.0153e-06
0.00012785,-0.00012785,-0.18919,3.8865e-06,0.18919,3.8865e-06,-1.1933e-07
0.0047132,-0.0047132,-0.089232,0.0001543,0.08926,0.00013226,-4.3993e-06
0.0001002,-0.0001002,-0.026204,3.0461e-06,0.026204,3.0462e-06,-9.3529e-08
6.5585e-05,-6.5585e-05,0.018414,1.9937e-06,-0.018413,1.9938e-06,-6.1217e-08
7.6741e-05,-7.6741e-05,0.031516,2.3329e-06,-0.031516,2.333e-06,-7.1631e-08
8.069e-05,-8.069e-05,0.02231,2.4529e-06,-0.02231,2.453e-06,-7.5316e-08
2.9578e-05,-2.9578e-05,0.0065527,8.9913e-07,-0.0065525,8.9923e-07,-2.7608e-08
-1.0524e-05,1.0524e-05,-0.0046012,-3.1999e-07,0.0046011,-3.1989e-07,9.8235e-09
-2.4569e-05,2.4569e-05,-0.0078781,-7.4695e-07,0.007878,-7.4685e-07,2.2933e-08
-5.5828e-06,5.5828e-06,-0.0055781,-1.6977e-07,0.0055781,-1.6967e-07,5.211e-09
-1.6541e-05,1.6541e-05,-0.0016391,-5.0291e-07,0.001639,-5.0281e-07,1.544e-08
9.908e-07,-9.908e-07,0.0011494,3.007e-08,-0.0011494,3.017e-08,-9.2481e-10
-4.6878e-07,4.6878e-07,0.0019689,-1.4301e-08,-0.0019689,-1.4201e-08,4.3756e-10
2.3166e-06,-2.3166e-06,0.0013942,7.0373e-08,-0.0013942,7.0473e-08,-2.1623e-09
6.3501e-06,-6.3501e-06,0.00040977,1.9299e-07,-0.00040973,1.9309e-07,-5.9272e-09
9.5092e-06,-9.5092e-06,-0.00028733,2.8903e-07,0.00028739,2.8913e-07,-8.8759e-09
1.1169e-05,-1.1169e-05,-0.00049221,3.395e-07,0.00049228,3.396e-07,-1.0425e-08
1.1767e-05,-1.1767e-05,-0.00034854,3.5765e-07,0.00034861,3.5775e-07,-1.0983e-08
1.2046e-05,-1.2046e-05,-0.00010118,3.6616e-07,0.00010125,3.6626e-07,-1.1244e-08
1.2542e-05,-1.2542e-05,7.3725e-05,3.8123e-07,-7.3649e-05,3.8133e-07,-1.1707e-08
-1.1553e-05,1.1553e-05,0.00012487,-3.5126e-07,-0.00012494,-3.5116e-07,1.0783e-08
-1.0375e-05,1.0375e-05,8.7394e-05,-3.1545e-07,-8.7458e-05,-3.1535e-07,9.684e-09
-9.1038e-06,9.1038e-06,2.4933e-05,-2.7681e-07,-2.4989e-05,-2.7671e-07,8.4975e-09
-7.8745e-06,7.8745e-06,-1.8788e-05,-2.3944e-07,1.8741e-05,-2.3934e-07,7.3501e-09
-6.7251e-06,6.7251e-06,-3.1278e-05,-2.0449e-07,3.1237e-05,-2.0439e-07,6.2772e-09
-5.6306e-06,5.6306e-06,-2.128e-05,-1.7122e-07,2.1246e-05,-1.7112e-07,5.2556e-09
-4.5423e-06,4.5423e-06,-5.0359e-06,-1.3814e-07,5.0083e-06,-1.3804e-07,4.2398e-09
-3.4269e-06,3.4269e-06,6.2112e-06,-1.0423e-07,-6.232e-06,-1.0413e-07,3.1987e-09
-2.2783e-06,2.2783e-06,9.9626e-06,-6.931e-08,-9.9764e-06,-6.921e-08,2.1266e-09
-1.101e-06,1.101e-06,7.4676e-06,-3.3522e-08,-7.4742e-06,-3.3422e-08,1.0277e-09
9.1998e-08,-9.1998e-08,2.474e-06,2.7467e-09,-2.4734e-06,2.8467e-09,-8.5871e-11
1.2886e-06,-1.2886e-06,-1.2703e-06,3.9123e-08,1.2781e-06,3.9223e-08,-1.2028e-09
2.4797e-06,-2.4797e-06,-1.2667e-06,7.5333e-08,1.2817e-06,7.5433e-08,-2.3146e-09
3.6721e-06,-3.6721e-06,-1.3737e-08,1.1158e-07,3.6063e-08,1.1168e-07,-3.4276e-09
4.8689e-06,-4.8689e-06,1.2392e-06,1.4796e-07,-1.2096e-06,1.4806e-07,-4.5446e-09
6.0685e-06,-6.0685e-06,2.4921e-06,1.8443e-07,-2.4553e-06,1.8453e-07,-5.6644e-09
7.274e-06,-7.274e-06,2.4958e-06,2.2108e-07,-2.4516e-06,2.2118e-07,-6.7896e-09
8.4839e-06,-8.4839e-06,1.2502e-06,2.5786e-07,-1.1986e-06,2.5796e-07,-7.9189e-09
9.6898e-06,-9.6898e-06,1.2539e-06,2.9452e-07,-1.1949e-06,2.9462e-07,-9.0445e-09
1.0894e-05,-1.0894e-05,1.2575e-06,3.3113e-07,-1.1913e-06,3.3123e-07,-1.0168e-08
1.2096e-05,-1.2096e-05,1.2612e-06,3.6766e-07,-1.1876e-06,3.6776e-07,-1.129e-08
1.3294e-05,-1.3294e-05,1.2648e-06,4.0408e-07,-1.184e-06,4.0418e-07,-1.2408e-08
-1.0476e-05,1.0476e-05,1.1926e-06,-3.1851e-07,-1.2562e-06,-3.1841e-07,9.7781e-09
-9.2392e-06,9.2392e-06,-5.2987e-08,-2.8092e-07,-3.1872e-09,-2.8082e-07,8.6239e-09
-7.9912e-06,7.9912e-06,-4.9193e-08,-2.4298e-07,6.0658e-10,-2.4288e-07,7.459e-09
-6.729e-06,6.729e-06,-4.5356e-08,-2.0461e-07,4.4436e-09,-2.0451e-07,6.2809e-09
-5.4541e-06,5.4541e-06,-4.148e-08,-1.6585e-07,8.3194e-09,-1.6575e-07,5.0909e-09
-4.1672e-06,4.1672e-06,-3.7568e-08,-1.2673e-07,1.2231e-08,-1.2663e-07,3.8897e-09
-2.8699e-06,2.8699e-06,-3.3624e-08,-8.7295e-08,1.6175e-08,-8.7195e-08,2.6788e-09
-1.5637e-06,1.5637e-06,-2.9653e-08,-4.7586e-08,2.0146e-08,-4.7486e-08,1.4596e-09
-2.4934e-07,2.4934e-07,-2.5657e-08,-7.6299e-09,2.4142e-08,-7.5299e-09,2.3273e-10
1.0717e-06,-1.0717e-06,-2.1642e-08,3.2528e-08,2.8157e-08,3.2628e-08,-1.0003e-09
2.3986e-06,-2.3986e-06,-1.7608e-08,7.2867e-08,3.2191e-08,7.2967e-08,-2.2388e-09
3.7298e-06,-3.7298e-06,-1.3561e-08,1.1334e-07,3.6238e-08,1.1344e-07,-3.4814e-09
5.0639e-06,-5.0639e-06,-9.5053e-09,1.5389e-07,4.0294e-08,1.5399e-07,-4.7266e-09
6.4001e-06,-6.4001e-06,-5.4435e-09,1.9451e-07,4.4356e-08,1.9461e-07,-5.9738e-09
7.7368e-06,-7.7368e-06,-1.3798e-09,2.3515e-07,4.842e-08,2.3525e-07,-7.2216e-09
9.0733e-06,-9.0733e-06,2.6831e-09,2.7578e-07,5.2483e-08,2.7588e-07,-8.4691e-09
1.0408e-05,-1.0408e-05,6.7408e-09,3.1636e-07,5.6541e-08,3.1646e-07,-9.715e-09
1.174e-05,-1.174e-05,1.0788e-08,3.5683e-07,6.0588e-08,3.5693e-07,-1.0958e-08
1.3068e-05,-1.3068e-05,1.4826e-08,3.9721e-07,6.4626e-08,3.9731e-07,-1.2197e-08
-1.0573e-05,1.0573e-05,-5.7041e-08,-3.2146e-07,-7.2406e-09,-3.2136e-07,9.8685e-09
-9.2109e-06,9.2109e-06,-5.2901e-08,-2.8006e-07,-3.1008e-09,-2.7996e-07,8.5974e-09
-7.8338e-06,7.8338e-06,-4.8715e-08,-2.382e-07,1.0854e-09,-2.381e-07,7.3121e-09
-6.4425e-06,6.4425e-06,-4.4485e-08,-1.959e-07,5.3151e-09,-1.958e-07,6.0134e-09
-5.0384e-06,5.0384e-06,-4.0217e-08,-1.5322e-07,9.5832e-09,-1.5312e-07,4.7029e-09
-3.6232e-06,3.6232e-06,-3.5914e-08,-1.1019e-07,1.3886e-08,-1.1009e-07,3.3819e-09
-2.1983e-06,2.1983e-06,-3.1583e-08,-6.6878e-08,1.8217e-08,-6.6778e-08,2.0519e-09
-7.6447e-07,7.6447e-07,-2.7224e-08,-2.329e-08,2.2576e-08,-2.319e-08,7.1355e-10
6.7676e-07,-6.7676e-07,-2.2843e-08,2.0524e-08,2.6957e-08,2.0624e-08,-6.3169e-10
2.1239e-06,-2.1239e-06,-1.8443e-08,6.4516e-08,3.1357e-08,6.4616e-08,-1.9824e-09
3.5754e-06,-3.5754e-06,-1.4031e-08,1.0864e-07,3.5769e-08,1.0874e-07,-3.3373e-09
5.0305e-06,-5.0305e-06,-9.6074e-09,1.5288e-07,4.0193e-08,1.5298e-07,-4.6955e-09
6.4877e-06,-6.4877e-06,-5.1777e-09,1.9717e-07,4.4623e-08,1.9727e-07,-6.0556e-09
7.9454e-06,-7.9454e-06,-7.4627e-10,2.4149e-07,4.9054e-08,2.4159e-07,-7.4163e-09
9.4022e-06,-9.4022e-06,3.6825e-09,2.8578e-07,5.3483e-08,2.8588e-07,-8.776e-09
1.0857e-05,-1.0857e-05,8.1058e-09,3.3001e-07,5.7906e-08,3.3011e-07,-1.0134e-08
1.2309e-05,-1.2309e-05,1.2519e-08,3.7414e-07,6.2319e-08,3.7424e-07,-1.1489e-08
1.3756e-05,-1.3756e-05,1.6919e-08,4.1814e-07,6.6719e-08,4.1824e-07,-1.284e-08
-9.7659e-06,9.7659e-06,-5.4588e-08,-2.9693e-07,-4.7882e-09,-2.9683e-07,9.1155e-09
-8.2858e-06,8.2858e-06,-5.0089e-08,-2.5194e-07,-2.8896e-10,-2.5184e-07,7.734e-09
-6.7915e-06,6.7915e-06,-4.5546e-08,-2.0651e-07,4.2539e-09,-2.0641e-07,6.3392e-09
-5.2845e-06,5.2845e-06,-4.0965e-08,-1.607e-07,8.8351e-09,-1.606e-07,4.9325e-09
-3.7663e-06,3.7663e-06,-3.635e-08,-1.1455e-07,1.3451e-08,-1.1445e-07,3.5155e-09
-2.2377e-06,2.2377e-06,-3.1703e-08,-6.8075e-08,1.8098e-08,-6.7975e-08,2.0886e-09
-7.0014e-07,7.0014e-07,-2.7029e-08,-2.1334e-08,2.2772e-08,-2.1234e-08,6.5351e-10
8.4482e-07,-8.4482e-07,-2.2332e-08,2.5632e-08,2.7469e-08,2.5732e-08,-7.8856e-10
2.3957e-06,-2.3957e-06,-1.7618e-08,7.2778e-08,3.2183e-08,7.2878e-08,-2.2361e-09
3.9509e-06,-3.9509e-06,-1.289e-08,1.2006e-07,3.6911e-08,1.2016e-07,-3.6878e-09
5.5089e-06,-5.5089e-06,-8.1533e-09,1.6742e-07,4.1648e-08,1.6752e-07,-5.1421e-09
7.0683e-06,-7.0683e-06,-3.4131e-09,2.1483e-07,4.6388e-08,2.1493e-07,-6.5975e-09
8.6275e-06,-8.6275e-06,1.327e-09,2.6223e-07,5.1128e-08,2.6233e-07,-8.0529e-09
1.0185e-05,-1.0185e-05,6.0629e-09,3.2208e-07,5.5864e-08,2.9719e-07,-9.507e-09
1.174e-05,-1.174e-05,1.079e-08,3.5686e-07,6.0591e-08,3.5696e-07,-1.0958e-08
1.3292e-05,-1.3292e-05,1.5506e-08,4.0402e-07,6.5307e-08,4.0412e-07,-1.2407e-08
-1.0124e-05,1.0124e-05,-5.5679e-08,-3.0783e-07,-5.8778e-09,-3.0773e-07,9.4502e-09
-8.5392e-06,8.5392e-06,-5.086e-08,-2.5964e-07,-1.0587e-09,-2.5954e-07,7.9705e-09
-6.9402e-06,6.9402e-06,-4.5999e-08,-2.1103e-07,3.8024e-09,-2.1093e-07,6.478e-09
-5.3285e-06,5.3285e-06,-4.1099e-08,-1.6204e-07,8.7021e-09,-1.6194e-07,4.9736e-09
-3.7056e-06,3.7056e-06,-3.6166e-08,-1.127e-07,1.3636e-08,-1.126e-07,3.4588e-09
-2.0723e-06,2.0723e-06,-3.1201e-08,-6.3047e-08,1.8601e-08,-6.2947e-08,1.9343e-09
-4.3006e-07,4.3006e-07,-2.6208e-08,-1.3124e-08,2.3594e-08,-1.3024e-08,4.0142e-10
1.2196e-06,-1.2196e-06,-2.1193e-08,3.7025e-08,2.8609e-08,3.7125e-08,-1.1384e-09
2.8751e-06,-2.8751e-06,-1.6161e-08,8.7354e-08,3.3641e-08,8.7454e-08,-2.6836e-09
4.5346e-06,-4.5346e-06,-1.1116e-08,1.5029e-07,3.8686e-08,1.2541e-07,-4.2326e-09
6.1962e-06,-6.1962e-06,-6.0646e-09,1.8831e-07,4.3737e-08,1.8842e-07,-5.7835e-09
7.858e-06,-7.858e-06,-1.0126e-09,2.3883e-07,4.8789e-08,2.3894e-07,-7.3346e-09
9.5188e-06,-9.5188e-06,4.0364e-09,2.8932e-07,5.3838e-08,2.8943e-07,-8.8849e-09
1.1177e-05,-1.1177e-05,9.0777e-09,3.3973e-07,5.8879e-08,3.3984e-07,-1.0433e-08
1.2831e-05,-1.2831e-05,1.4107e-08,3.9002e-07,6.3908e-08,3.9013e-07,-1.1977e-08
-1.0483e-05,1.0483e-05,-5.6768e-08,-3.1873e-07,-6.9673e-09,-3.1862e-07,9.7847e-09
-8.7949e-06,8.7949e-06,-5.1637e-08,-2.6742e-07,-1.8361e-09,-2.6731e-07,8.2092e-09
-7.0918e-06,7.0918e-06,-4.6459e-08,-2.1565e-07,3.3414e-09,-2.1554e-07,6.6195e-09
-5.3752e-06,5.3752e-06,-4.1241e-08,-1.6346e-07,8.5595e-09,-1.6335e-07,5.0172e-09
-3.6467e-06,3.6467e-06,-3.5986e-08,-1.1091e-07,1.3814e-08,-1.108e-07,3.4038e-09
-1.9085e-06,1.9085e-06,-3.0702e-08,-5.8073e-08,1.9098e-08,-5.7963e-08,1.7814e-09
-1.6214e-07,1.6214e-07,-2.5393e-08,-4.9842e-09,2.4407e-08,-4.8742e-09,1.5135e-10
1.5909e-06,-1.5909e-06,-2.0064e-08,4.8307e-08,2.9736e-08,4.8417e-08,-1.4849e-09
3.349e-06,-3.349e-06,-1.4719e-08,1.0175e-07,3.5081e-08,1.0186e-07,-3.126e-09
5.1107e-06,-5.1107e-06,-9.3634e-09,1.5531e-07,4.0437e-08,1.5542e-07,-4.7704e-09
6.8745e-06,-6.8745e-06,-4.0017e-09,2.0893e-07,4.5799e-08,2.0904e-07,-6.4167e-09
8.6389e-06,-8.6389e-06,1.3618e-09,2.6257e-07,5.1162e-08,2.6268e-07,-8.0635e-09
1.0402e-05,-1.0402e-05,6.7206e-09,3.1615e-07,5.6521e-08,3.1626e-07,-9.7088e-09
1.2161e-05,-1.2161e-05,1.2071e-08,3.6965e-07,6.1871e-08,3.6976e-07,-1.1351e-08
1.3916e-05,-1.3916e-05,1.7404e-08,4.2298e-07,6.7204e-08,4.2309e-07,-1.2989e-08
-9.2983e-06,9.2983e-06,-5.3167e-08,-2.8272e-07,-3.3667e-09,-2.8261e-07,8.679e-09
-7.5121e-06,7.5121e-06,-4.7737e-08,-2.2842e-07,2.0633e-09,-2.2831e-07,7.0118e-09
-5.7125e-06,5.7125e-06,-4.2266e-08,-1.7371e-07,7.5343e-09,-1.736e-07,5.332e-09
-3.9009e-06,3.9009e-06,-3.6759e-08,-1.1864e-07,1.3041e-08,-1.1853e-07,3.6411e-09
-2.0789e-06,2.0789e-06,-3.122e-08,-6.3253e-08,1.858e-08,-6.3143e-08,1.9404e-09
-2.4797e-07,2.4797e-07,-2.5654e-08,-7.5933e-09,2.4146e-08,-7.4833e-09,2.3145e-10
1.5896e-06,-1.5896e-06,-2.0068e-08,4.8269e-08,2.9732e-08,4.8379e-08,-1.4837e-09
3.4323e-06,-3.4323e-06,-1.4466e-08,1.0429e-07,3.5334e-08,1.044e-07,-3.2037e-09
5.2786e-06,-5.2786e-06,-8.8531e-09,1.6041e-07,4.0947e-08,1.6052e-07,-4.927e-09
7.127e-06,-7.127e-06,-3.2341e-09,2.166e-07,4.6566e-08,2.1671e-07,-6.6523e-09
8.9752e-06,-8.9752e-06,2.3845e-09,2.7279e-07,5.2185e-08,2.729e-07,-8.3775e-09
1.0822e-05,-1.0822e-05,7.9976e-09,3.2892e-07,5.7798e-08,3.2903e-07,-1.0101e-08
1.2665e-05,-1.2665e-05,1.3602e-08,3.8497e-07,6.3403e-08,3.8508e-07,-1.1822e-08
-1.0459e-05,1.0459e-05,-5.6696e-08,-3.1801e-07,-6.8954e-09,-3.179e-07,9.7626e-09
-8.5812e-06,8.5812e-06,-5.0987e-08,-2.6092e-07,-1.1867e-09,-2.6081e-07,8.0097e-09
-6.6892e-06,6.6892e-06,-4.5235e-08,-2.0341e-07,4.565e-09,-2.033e-07,6.2437e-09
-4.7845e-06,4.7845e-06,-3.9445e-08,-1.455e-07,1.0355e-08,-1.4539e-07,4.4659e-09
-2.8686e-06,2.8686e-06,-3.3621e-08,-8.7261e-08,1.6179e-08,-8.7151e-08,2.6776e-09
-9.438e-07,9.438e-07,-2.7769e-08,-2.8746e-08,2.2031e-08,-2.8636e-08,8.8094e-10
9.884e-07,-9.884e-07,-2.1895e-08,2.9992e-08,2.7905e-08,3.0102e-08,-9.2258e-10
2.9265e-06,-2.9265e-06,-1.6004e-08,8.891e-08,3.3796e-08,8.902e-08,-2.7316e-09
4.8682e-06,-4.8682e-06,-1.0101e-08,1.4794e-07,3.9699e-08,1.4805e-07,-4.544e-09
6.812e-06,-6.812e-06,-4.1916e-09,2.0703e-07,4.5608e-08,2.0714e-07,-6.3583e-09
