0.13078
0.019807
0.0046679
0.005515
0.004182
0.0022902
0.0029238
0.0019168
0.00046648
0.002083
0.0014596
0.00084854
0.00015948
0.00067878
0.00073477
0.00040484
0.00042716
0.00019506
0.00020939
0.00014087
0.0018745
0.00012947
0.00012236
0.00011526
0.00010401
0.00010266
0.00010394
0.00010344
0.0038427
9.8637e-05
0.0039681
9.8692e-05
0.00020176
0.000854
9.9921e-05
0.0012396
0.00010152
0.00020044
0.00010107
0.00010091
0.00010089
0.00010033
0.00010026
0.00010012
0.0001002
9.9979e-05
0.00013497
0.0001137
0.00011243
0.00011244
0.00011244
0.00011244
0.00011119
0.00011087
0.00011087
0.00011087
0.00011087
0.00011087
0.00011009
0.00011009
0.00011009
0.00010931
0.00010853
0.00010814
0.00010781
0.00010737
0.00010658
0.00010619
0.0001058
0.00010502
0.00010463
0.00010424
0.00010385
0.00010307
0.00010268
0.00010228
0.00010131
0.00010033
9.9357e-05
9.8576e-05
9.76e-05
9.6624e-05
9.5843e-05
9.4867e-05
9.311e-05
9.1354e-05
8.9499e-05
8.784e-05
8.6278e-05
8.4619e-05
8.3155e-05
8.1596e-05
8.0033e-05
7.8569e-05
7.7104e-05
7.5738e-05
7.4274e-05
7.2908e-05
7.1541e-05
7.0272e-05
6.9004e-05
6.7637e-05
6.6466e-05
6.5197e-05
6.4026e-05
6.2855e-05
6.1683e-05
6.0512e-05
5.9342e-05
5.8268e-05
5.7194e-05
5.612e-05
5.5047e-05
5.4071e-05
5.3095e-05
5.2022e-05
5.1045e-05
5.0166e-05
4.919e-05
4.8314e-05
4.7434e-05
4.7043e-05
4.6458e-05
4.6067e-05
4.5677e-05
4.5286e-05
4.4701e-05
4.433e-05
4.4116e-05
4.4138e-05
4.3726e-05
4.3754e-05
4.3726e-05
4.2944e-05
4.2944e-05
4.3028e-05
4.2948e-05
4.3028e-05
4.2983e-05
4.2946e-05
4.2963e-05
4.2164e-05
4.2163e-05
4.2163e-05
4.2163e-05
4.2163e-05
4.1773e-05
4.1773e-05
4.1394e-05
4.1383e-05
4.0995e-05
4.0992e-05
4.0602e-05
4.0602e-05
4.0211e-05
4.0211e-05
3.9626e-05
3.9235e-05
3.904e-05
3.865e-05
3.7869e-05
3.7186e-05
3.6502e-05
3.5819e-05
3.5136e-05
3.4453e-05
3.377e-05
3.3184e-05
3.2502e-05
3.2208e-05
3.2015e-05
3.1624e-05
3.1428e-05
3.1037e-05
3.0842e-05
3.0452e-05
3.0256e-05
2.9866e-05
2.967e-05
2.9475e-05
2.9085e-05
2.8891e-05
2.8499e-05
2.8304e-05
2.8109e-05
2.7724e-05
2.7719e-05
2.7328e-05
2.7328e-05
2.7328e-05
2.694e-05
2.6743e-05
2.6547e-05
2.6352e-05
2.5962e-05
2.5766e-05
2.5575e-05
2.5377e-05
2.4986e-05
2.479e-05
2.4595e-05
2.44e-05
2.4205e-05
2.3815e-05
2.3619e-05
2.3424e-05
2.3229e-05
2.3034e-05
2.2839e-05
2.2643e-05
2.2448e-05
2.2058e-05
2.1862e-05
2.1667e-05
2.1472e-05
2.1277e-05
2.1082e-05
2.0893e-05
2.0692e-05
2.0691e-05
2.0709e-05
2.0311e-05
2.0304e-05
2.0306e-05
2.0305e-05
2.0303e-05
2.0302e-05
2.0301e-05
1.9914e-05
1.9912e-05
1.9911e-05
1.9911e-05
1.9521e-05
1.9521e-05
1.9522e-05
1.9521e-05
1.9131e-05
1.9133e-05
1.9132e-05
1.8741e-05
1.8741e-05
1.8741e-05
1.8741e-05
1.8745e-05
1.874e-05
1.8349e-05
1.843e-05
1.835e-05
1.8271e-05
1.8193e-05
1.8076e-05
1.8037e-05
1.7998e-05
1.7959e-05
1.7883e-05
1.7805e-05
1.7729e-05
1.7649e-05
1.7537e-05
1.7413e-05
1.722e-05
1.6985e-05
1.7064e-05
1.7023e-05
1.6944e-05
1.6637e-05
1.5684e-05
1.4277e-05
1.3703e-05
1.5296e-05
1.4169e-05
1.4227e-05
1.3744e-05
1.3678e-05
1.3399e-05
1.4507e-05
1.35e-05
1.3431e-05
4.3736e-05
1.508e-05
1.5145e-05
1.4677e-05
1.4566e-05
1.3456e-05
1.3462e-05
1.347e-05
0.0001109
2.1167e-05
2.2471e-05
1.6603e-05
1.8988e-05
1.5523e-05
0.00015411
1.7088e-05
3.0115e-05
0.00020521
0.00012119
3.7109e-05
2.9992e-05
8.3365e-05
4.5021e-05
3.7711e-05
2.6133e-05
2.2994e-05
2.2211e-05
1.4128e-05
1.4916e-05
1.492e-05
1.458e-05
1.2268e-05
1.2284e-05
1.2859e-05
1.2411e-05
1.2378e-05
1.4658e-05
1.4617e-05
1.2706e-05
1.9886e-05
1.663e-05
1.2797e-05
1.3344e-05
1.3706e-05
1.3635e-05
1.3616e-05
1.4381e-05
1.4369e-05
1.4361e-05
1.4056e-05
1.3967e-05
1.662e-05
1.4666e-05
1.4093e-05
1.3847e-05
1.3812e-05
1.3339e-05
1.3803e-05
1.3426e-05
1.3383e-05
1.3783e-05
1.3778e-05
1.3356e-05
1.3812e-05
1.3678e-05
1.5154e-05
1.644e-05
1.6795e-05
1.4769e-05
1.4134e-05
1.8047e-05
1.5446e-05
1.397e-05
1.3678e-05
1.3448e-05
2.0137e-05
1.5135e-05
1.4716e-05
1.3647e-05
2.675e-05
1.9736e-05
1.404e-05
1.5317e-05
2.7167e-05
1.7575e-05
1.7085e-05
1.5684e-05
2.5102e-05
2.1877e-05
1.6224e-05
1.4673e-05
1.3137e-05
1.5724e-05
2.5704e-05
1.3014e-05
1.2633e-05
1.2495e-05
1.4116e-05
1.4069e-05
1.3744e-05
1.3845e-05
1.362e-05
1.3611e-05
1.3531e-05
1.3896e-05
1.4697e-05
1.3893e-05
1.4171e-05
1.3958e-05
1.4367e-05
1.435e-05
1.4389e-05
1.3599e-05
1.3737e-05
1.432e-05
1.536e-05
1.417e-05
1.3642e-05
1.5104e-05
1.5543e-05
1.4483e-05
1.394e-05
1.3187e-05
1.3633e-05
1.5429e-05
1.3867e-05
1.416e-05
1.4937e-05
1.3875e-05
1.4304e-05
1.3843e-05
1.3641e-05
1.4326e-05
1.4392e-05
1.3434e-05
1.3866e-05
1.3802e-05
2.2614e-05
1.3703e-05
1.4678e-05
1.461e-05
1.4631e-05
3.5889e-05
1.5064e-05
1.3136e-05
1.4778e-05
1.4569e-05
1.3351e-05
1.6594e-05
1.418e-05
1.343e-05
2.0645e-05
2.8075e-05
1.4866e-05
1.4057e-05
1.2813e-05
4.0985e-05
1.3038e-05
5.6957e-05
2.2828e-05
1.9791e-05
1.9066e-05
1.5694e-05
1.5066e-05
1.47e-05
1.8648e-05
1.8782e-05
1.3152e-05
1.4594e-05
1.4584e-05
1.294e-05
1.272e-05
1.254e-05
1.2426e-05
1.2413e-05
1.3524e-05
1.284e-05
2.2839e-05
1.566e-05
1.3711e-05
1.347e-05
1.336e-05
1.3374e-05
1.3348e-05
1.3487e-05
1.2355e-05
1.2425e-05
1.3427e-05
1.8431e-05
2.0784e-05
1.6319e-05
1.6227e-05
1.2925e-05
1.2717e-05
1.35e-05
1.7295e-05
1.7142e-05
1.9143e-05
1.927e-05
2.0283e-05
2.1397e-05
1.527e-05
1.5465e-05
1.614e-05
1.4335e-05
1.3416e-05
1.4569e-05
1.3296e-05
1.3612e-05
1.3968e-05
1.7625e-05
1.5307e-05
1.8229e-05
1.9705e-05
1.4365e-05
1.4256e-05
1.5695e-05
1.3084e-05
1.5948e-05
1.3828e-05
1.3686e-05
1.3669e-05
