1.0023
0.019687
-0.0063989
-0.01951
-0.010873
-0.0007487
0.0064898
0.0045879
0.0008957
-0.00092849
-0.00091624
-0.00030428
0.00010199
0.00030612
0.00016764
1.0384e-05
-5.0735e-05
-4.0123e-05
-8.4351e-06
7.8213e-06
7.5705e-06
2.3964e-06
-3.2564e-07
-3.0452e-06
-2.2627e-07
-2.1509e-07
-2.0391e-07
-1.9273e-07
-1.8189e-07
-1.5954e-07
-1.3719e-07
-1.1485e-07
-9.2507e-08
-7.0163e-08
-4.8601e-08
-3.9479e-09
4.0704e-08
8.5356e-08
1.3001e-07
1.7466e-07
2.193e-07
2.6235e-07
3.07e-07
3.5165e-07
3.963e-07
4.4094e-07
4.8558e-07
5.2987e-07
5.5181e-07
5.7375e-07
5.9568e-07
6.1842e-07
6.4036e-07
6.6229e-07
6.8503e-07
7.0697e-07
7.289e-07
7.5164e-07
7.7358e-07
7.9551e-07
8.1825e-07
8.402e-07
8.6294e-07
8.8487e-07
9.0681e-07
9.2956e-07
9.5149e-07
9.7344e-07
9.9618e-07
1.0181e-06
1.0401e-06
1.0628e-06
0.044478
0.022239
2.9971e-06
-0.0036999
-0.011103
-0.0037
-4.3955e-06
0.0006125
0.00061383
0.00040897
0.0002042
1.8988e-07
-0.00010191
-5.6727e-05
-3.4069e-05
-1.5134e-05
-3.727e-06
1.3856e-06
2.5343e-06
1.9843e-06
1.2282e-06
6.1849e-07
-5.6056e-08
-5.8412e-07
-8.2762e-07
-4.5161e-07
-1.1518e-07
