139.53
1.6079
0.52265
1.5936
0.88809
0.061144
0.61162
0.40543
0.10708
0.085481
0.077352
0.024869
0.0082952
0.025115
0.013587
0.0084241
0.0055721
0.0038387
0.0010564
0.00072172
0.00079688
0.00016681
9.6323e-05
0.00028238
4.6609e-06
4.6592e-06
4.6566e-06
4.6578e-06
9.2863e-06
9.2805e-06
9.2724e-06
9.2723e-06
9.2699e-06
9.2002e-06
1.8374e-05
1.8357e-05
1.8323e-05
1.8314e-05
1.831e-05
1.823e-05
1.809e-05
1.8062e-05
1.8046e-05
1.8012e-05
1.8004e-05
1.8002e-05
5.9308e-05
2.064e-05
2.0631e-05
2.0619e-05
2.0608e-05
2.0595e-05
2.0584e-05
2.054e-05
2.0528e-05
2.0529e-05
2.0452e-05
2.0441e-05
2.0415e-05
2.0363e-05
2.035e-05
2.034e-05
2.0329e-05
2.0316e-05
2.0306e-05
2.0295e-05
2.0291e-05
2.025e-05
2.0237e-05
2.0223e-05
2.0182e-05
3.8568
3.8536
1.9266
0.64226
0.37042
0.00057992
0.90688
0.3205
0.10686
0.06152
0.05017
0.035376
0.017678
0.0058795
0.0092043
0.0046838
0.0030741
0.0016546
0.00073664
0.00035005
0.00024706
0.00021169
0.0001876
9.8963e-05
8.6031e-06
8.3952e-05
8.0904e-05
5.0434e-05
2.9414e-05
