556.87
4.4665
0.4609
0.32247
0.1963
0.16186
0.14107
0.15138
0.12026
0.10423
0.080551
0.069785
0.063977
0.056255
0.057966
0.06497
0.073973
0.036278
0.023244
0.019404
0.016586
0.014112
0.012108
0.071117
0.067121
0.063579
0.060271
0.057179
0.05431
0.051454
0.047016
0.043784
0.042554
0.042529
0.042511
0.042497
0.00050201
0.00040394
0.00027264
0.00092539
0.00092523
0.00083054
0.0007633
0.00059096
0.00051448
0.00045124
0.00045859
0.00030958
0.00033827
0.00027493
0.033257
0.016229
3.054e-05
7.7328e-05
9.0848e-05
5.6482e-05
0.0001112
0.00016812
0.00013053
0.00011438
0.00011254
0.0001002
9.8696e-05
0.000104
9.7988e-05
9.063e-05
9.7668e-05
9.3288e-05
9.1607e-05
9.6871e-05
0.00011405
9.9498e-05
0.00010437
0.00010883
0.00011707
9.4742e-05
9.4893e-05
9.5723e-05
9.6284e-05
9.6965e-05
9.7382e-05
9.7991e-05
9.897e-05
9.9927e-05
0.00010132
0.00010111
0.00010123
0.00010157
0.00010217
0.00010318
0.00010402
0.00010495
0.00010527
0.0001064
0.00013326
0.00011924
0.00010775
0.00010894
0.00010959
0.00013516
0.00011063
0.00011053
0.00011086
0.00011184
0.00011245
0.00011281
0.000114
0.00011497
0.00011474
0.00011565
0.00011659
0.00011702
0.00011827
0.00011826
0.00011882
0.00011914
0.00011972
0.00012096
0.00012147
0.0001223
0.00012254
0.00012379
0.00014794
0.00012451
0.00012469
0.00012562
0.00012608
0.00012659
0.00012737
0.00012843
0.00012912
0.0001302
0.00013
0.00013046
0.00013127
0.00013163
0.0001324
0.00013302
0.0001338
0.00013465
0.0001361
0.00013579
0.00013646
0.00013692
0.00013802
0.00013895
0.00015998
0.00013956
0.00013997
0.00014062
0.00014086
0.0001418
0.00014258
0.0001435
0.00014293
0.00014201
0.00014121
0.00014067
0.00013965
0.00013908
0.00013892
0.00013821
0.00013752
0.00013736
0.00013674
0.00013526
0.00013502
0.00013436
0.00013424
0.00015587
0.00013273
0.00013175
0.00013124
0.00013036
0.00012991
0.00012921
0.00012886
0.0001287
0.00012818
0.0001271
0.00012633
0.00012503
0.00012466
0.00012426
0.00012377
0.00012254
0.00012268
0.00012281
0.00012125
0.00012007
0.00011997
0.00011952
0.00011973
0.00014231
0.00011755
0.00011676
0.00011555
0.00011544
0.00011511
0.00011472
0.00011436
0.00011342
0.0001127
0.00011228
0.0001114
0.00010976
0.00010984
0.00010911
0.00010811
0.00010826
0.00010845
0.00010818
0.00010663
0.00010523
0.00010453
0.00010411
0.00010289
0.00010262
0.00010254
0.00010236
0.00010144
0.00012024
0.00010226
9.9829e-05
9.8617e-05
9.9008e-05
9.7841e-05
9.707e-05
9.5528e-05
9.5062e-05
9.482e-05
9.4467e-05
9.3078e-05
9.3459e-05
9.3564e-05
9.2473e-05
9.0738e-05
9.0386e-05
8.9975e-05
8.9392e-05
8.8008e-05
8.7784e-05
8.7917e-05
8.6724e-05
8.7342e-05
0.00010771
8.7754e-05
8.5553e-05
8.4379e-05
8.3733e-05
8.3005e-05
8.2244e-05
8.0313e-05
8.0406e-05
8.0919e-05
8.0083e-05
0.00031804
0.00035829
0.00035179
0.00020674
0.0001954
8.0363e-05
0.00016404
6.6365e-05
8.7799e-05
7.4937e-05
6.4587e-05
6.4587e-05
6.4587e-05
6.4587e-05
6.4587e-05
6.4587e-05
6.4587e-05
6.4587e-05
6.4587e-05
6.4587e-05
6.4587e-05
6.4587e-05
6.4587e-05
6.4587e-05
6.4587e-05
6.4587e-05
6.4587e-05
6.4587e-05
6.4587e-05
6.4587e-05
6.4587e-05
6.4587e-05
6.4587e-05
6.4587e-05
6.4587e-05
6.4587e-05
6.4587e-05
6.4587e-05
6.4587e-05
6.4587e-05
6.4587e-05
6.4587e-05
6.4587e-05
6.4587e-05
6.4587e-05
6.4587e-05
6.4587e-05
6.4587e-05
6.4587e-05
6.4587e-05
6.4587e-05
6.4587e-05
6.4587e-05
6.4587e-05
6.4587e-05
6.4587e-05
6.4587e-05
6.4587e-05
6.4587e-05
6.4587e-05
6.4587e-05
6.4587e-05
6.4587e-05
6.4587e-05
6.4587e-05
6.4587e-05
6.4587e-05
6.4587e-05
6.4587e-05
6.4587e-05
6.4587e-05
6.4587e-05
6.4587e-05
6.4587e-05
6.4587e-05
6.4587e-05
6.4587e-05
6.4587e-05
6.4587e-05
6.4587e-05
6.4587e-05
6.4587e-05
6.4587e-05
6.4587e-05
6.4587e-05
6.4587e-05
6.4587e-05
6.4587e-05
6.4587e-05
6.4587e-05
6.4587e-05
6.4587e-05
6.4587e-05
6.4587e-05
6.4587e-05
6.4587e-05
6.4587e-05
6.4587e-05
6.4587e-05
6.4587e-05
6.4587e-05
6.4587e-05
6.4587e-05
6.4587e-05
6.4587e-05
6.4587e-05
6.4587e-05
6.4587e-05
6.4587e-05
6.4587e-05
6.4587e-05
6.4587e-05
6.4587e-05
6.4587e-05
6.4587e-05
6.4587e-05
6.4587e-05
6.4587e-05
6.4587e-05
6.4587e-05
6.4587e-05
6.4587e-05
6.4587e-05
6.4587e-05
6.4587e-05
6.4587e-05
6.4587e-05
6.4587e-05
6.4587e-05
6.4587e-05
6.4587e-05
6.4587e-05
6.4587e-05
6.4587e-05
6.4587e-05
6.4587e-05
6.4587e-05
6.4587e-05
6.4587e-05
6.4587e-05
6.4587e-05
6.4587e-05
6.4587e-05
6.4587e-05
6.4587e-05
6.4587e-05
6.4587e-05
6.4587e-05
6.4587e-05
6.4587e-05
6.4587e-05
6.4587e-05
6.4587e-05
6.4587e-05
6.4587e-05
6.4587e-05
6.4587e-05
6.4587e-05
6.4587e-05
6.4587e-05
6.4587e-05
6.4587e-05
6.4587e-05
6.4587e-05
6.4587e-05
6.4587e-05
6.4587e-05
6.4587e-05
6.4587e-05
6.4587e-05
6.4587e-05
6.4587e-05
6.4587e-05
6.4587e-05
6.4587e-05
6.4587e-05
6.4587e-05
6.4587e-05
6.4587e-05
6.4587e-05
6.4587e-05
6.4587e-05
6.4587e-05
6.4587e-05
6.4587e-05
6.4587e-05
6.4587e-05
6.4587e-05
6.4587e-05
6.4587e-05
6.4587e-05
6.4587e-05
6.4587e-05
6.4587e-05
6.4587e-05
6.4587e-05
6.4587e-05
6.4587e-05
6.4587e-05
6.4587e-05
6.4587e-05
6.4587e-05
6.4587e-05
6.4587e-05
6.4587e-05
6.4587e-05
6.4587e-05
6.4587e-05
6.4587e-05
6.4587e-05
6.4587e-05
6.4587e-05
6.4587e-05
6.4587e-05
6.4587e-05
6.4587e-05
6.4587e-05
6.4587e-05
6.4587e-05
6.4587e-05
6.4587e-05
6.4587e-05
6.4587e-05
6.4587e-05
6.4587e-05
6.4587e-05
6.4587e-05
6.4587e-05
6.4587e-05
6.4587e-05
6.4587e-05
6.4587e-05
6.4587e-05
6.4587e-05
6.4587e-05
6.4587e-05
6.4587e-05
6.4587e-05
6.4587e-05
6.4587e-05
6.4587e-05
6.4587e-05
6.4587e-05
6.4587e-05
6.4587e-05
6.4587e-05
6.4587e-05
6.4587e-05
6.4587e-05
6.4587e-05
6.4587e-05
6.4587e-05
6.4587e-05
6.4587e-05
6.4587e-05
6.4587e-05
6.4587e-05
6.4587e-05
6.4587e-05
6.4587e-05
6.4587e-05
6.4587e-05
6.4587e-05
6.4587e-05
6.4587e-05
6.4587e-05
6.4587e-05
6.4587e-05
6.4587e-05
6.4587e-05
6.4587e-05
6.4587e-05
6.4587e-05
6.4587e-05
6.4587e-05
6.4587e-05
6.4587e-05
6.4587e-05
6.4587e-05
6.4587e-05
6.4587e-05
6.4587e-05
6.4587e-05
6.4587e-05
6.4587e-05
6.4587e-05
6.4587e-05
6.4587e-05
6.4587e-05
6.4587e-05
6.4587e-05
6.4587e-05
6.4587e-05
6.4587e-05
6.4587e-05
6.4587e-05
6.4587e-05
6.4587e-05
6.4587e-05
6.4587e-05
6.4587e-05
6.4587e-05
6.4587e-05
6.4587e-05
6.4587e-05
6.4587e-05
6.4587e-05
6.4587e-05
6.4587e-05
6.4587e-05
6.4587e-05
6.4587e-05
6.4587e-05
6.4587e-05
6.4587e-05
6.4587e-05
6.4587e-05
6.4587e-05
6.4587e-05
6.4587e-05
6.4587e-05
6.4587e-05
6.4587e-05
6.4587e-05
6.4587e-05
6.4587e-05
6.4587e-05
6.4587e-05
6.4587e-05
6.4587e-05
6.4587e-05
6.4587e-05
6.4587e-05
6.4587e-05
6.4587e-05
6.4587e-05
6.4587e-05
6.4587e-05
6.4587e-05
6.4587e-05
6.4587e-05
6.4587e-05
6.4587e-05
6.4587e-05
6.4587e-05
6.4587e-05
6.4587e-05
6.4587e-05
6.4587e-05
6.4587e-05
6.4587e-05
6.4587e-05
6.4587e-05
6.4587e-05
6.4587e-05
6.4587e-05
6.4587e-05
6.4587e-05
6.4587e-05
6.4587e-05
6.4587e-05
6.4587e-05
6.4587e-05
6.4587e-05
6.4587e-05
6.4587e-05
6.4587e-05
6.4587e-05
6.4587e-05
6.4587e-05
6.4587e-05
6.4587e-05
6.4587e-05
6.4587e-05
6.4587e-05
6.4587e-05
6.4587e-05
6.4587e-05
6.4587e-05
6.4587e-05
6.4587e-05
6.4587e-05
6.4587e-05
6.4587e-05
6.4587e-05
6.4587e-05
6.4587e-05
6.4587e-05
6.4587e-05
6.4587e-05
6.4587e-05
6.4587e-05
6.4587e-05
6.4587e-05
6.4587e-05
6.4587e-05
6.4587e-05
6.4587e-05
6.4587e-05
6.4587e-05
6.4587e-05
6.4587e-05
6.4587e-05
6.4587e-05
6.4587e-05
6.4587e-05
6.4587e-05
6.4587e-05
6.4587e-05
6.4587e-05
6.4587e-05
6.4587e-05
6.4587e-05
6.4587e-05
6.4587e-05
6.4587e-05
6.4587e-05
6.4587e-05
6.4587e-05
6.4587e-05
6.4587e-05
6.4587e-05
6.4587e-05
6.4587e-05
6.4587e-05
6.4587e-05
6.4587e-05
6.4587e-05
6.4587e-05
6.4587e-05
6.4587e-05
6.4587e-05
6.4587e-05
6.4587e-05
6.4587e-05
6.4587e-05
6.4587e-05
6.4587e-05
6.4587e-05
6.4587e-05
6.4587e-05
6.4587e-05
6.4587e-05
6.4587e-05
6.4587e-05
6.4587e-05
6.4587e-05
6.4587e-05
6.4587e-05
6.4587e-05
6.4587e-05
6.4587e-05
6.4587e-05
6.4587e-05
6.4587e-05
6.4587e-05
6.4587e-05
6.4587e-05
6.4587e-05
6.4587e-05
6.4587e-05
6.4587e-05
6.4587e-05
6.4587e-05
6.4587e-05
6.4587e-05
6.4587e-05
6.4587e-05
6.4587e-05
6.4587e-05
6.4587e-05
6.4587e-05
6.4587e-05
6.4587e-05
6.4587e-05
6.4587e-05
6.4587e-05
6.4587e-05
6.4587e-05
6.4587e-05
6.4587e-05
6.4587e-05
6.4587e-05
6.4587e-05
6.4587e-05
6.4587e-05
6.4587e-05
6.4587e-05
6.4587e-05
6.4587e-05
6.4587e-05
6.4587e-05
6.4587e-05
6.4587e-05
6.4587e-05
6.4587e-05
6.4587e-05
6.4587e-05
6.4587e-05
6.4587e-05
6.4587e-05
6.4587e-05
6.4587e-05
6.4587e-05
6.4587e-05
6.4587e-05
6.4587e-05
6.4587e-05
6.4587e-05
6.4587e-05
6.4587e-05
6.4587e-05
6.4587e-05
6.4587e-05
6.4587e-05
6.4587e-05
6.4587e-05
6.4587e-05
6.4587e-05
6.4587e-05
6.4587e-05
6.4587e-05
6.4587e-05
6.4587e-05
6.4587e-05
6.4587e-05
6.4587e-05
6.4587e-05
6.4587e-05
6.4587e-05
6.4587e-05
6.4587e-05
6.4587e-05
6.4587e-05
6.4587e-05
6.4587e-05
6.4587e-05
6.4587e-05
6.4587e-05
6.4587e-05
6.4587e-05
6.4587e-05
6.4587e-05
6.4587e-05
6.4587e-05
6.4587e-05
6.4587e-05
6.4587e-05
6.4587e-05
6.4587e-05
6.4587e-05
6.4587e-05
6.4587e-05
6.4587e-05
6.4587e-05
6.4587e-05
6.4587e-05
6.4587e-05
6.4587e-05
6.4587e-05
6.4587e-05
6.4587e-05
6.4587e-05
6.4587e-05
6.4587e-05
6.4587e-05
6.4587e-05
6.4587e-05
6.4587e-05
6.4587e-05
6.4587e-05
6.4587e-05
6.4587e-05
6.4587e-05
6.4587e-05
6.4587e-05
6.4587e-05
6.4587e-05
6.4587e-05
6.4587e-05
6.4587e-05
6.4587e-05
6.4587e-05
6.4587e-05
6.4587e-05
6.4587e-05
6.4587e-05
6.4587e-05
6.4587e-05
6.4587e-05
6.4587e-05
6.4587e-05
6.4587e-05
6.4587e-05
6.4587e-05
6.4587e-05
6.4587e-05
6.4587e-05
6.4587e-05
6.4587e-05
6.4587e-05
6.4587e-05
6.4587e-05
6.4587e-05
6.4587e-05
6.4587e-05
6.4587e-05
6.4587e-05
6.4587e-05
6.4587e-05
6.4587e-05
6.4587e-05
6.4587e-05
6.4587e-05
6.4587e-05
6.4587e-05
6.4587e-05
6.4587e-05
6.4587e-05
6.4587e-05
6.4587e-05
6.4587e-05
6.4587e-05
6.4587e-05
6.4587e-05
6.4587e-05
6.4587e-05
6.4587e-05
6.4587e-05
6.4587e-05
6.4587e-05
6.4587e-05
6.4587e-05
6.4587e-05
6.4587e-05
6.4587e-05
6.4587e-05
6.4587e-05
6.4587e-05
6.4587e-05
6.4587e-05
6.4587e-05
6.4587e-05
6.4587e-05
6.4587e-05
6.4587e-05
6.4587e-05
6.4587e-05
6.4587e-05
6.4587e-05
6.4587e-05
6.4587e-05
6.4587e-05
6.4587e-05
6.4587e-05
6.4587e-05
6.4587e-05
6.4587e-05
6.4587e-05
6.4587e-05
6.4587e-05
6.4587e-05
6.4587e-05
6.4587e-05
6.4587e-05
6.4587e-05
6.4587e-05
6.4587e-05
6.4587e-05
6.4587e-05
6.4587e-05
6.4587e-05
6.4587e-05
6.4587e-05
6.4587e-05
6.4587e-05
6.4587e-05
6.4587e-05
6.4587e-05
6.4587e-05
6.4587e-05
6.4587e-05
6.4587e-05
6.4587e-05
6.4587e-05
6.4587e-05
6.4587e-05
6.4587e-05
6.4587e-05
6.4587e-05
6.4587e-05
6.4587e-05
6.4587e-05
6.4587e-05
6.4587e-05
6.4587e-05
6.4587e-05
6.4587e-05
6.4587e-05
6.4587e-05
6.4587e-05
6.4587e-05
6.4587e-05
6.4587e-05
6.4587e-05
6.4587e-05
6.4587e-05
6.4587e-05
6.4587e-05
6.4587e-05
6.4587e-05
6.4587e-05
6.4587e-05
6.4587e-05
6.4587e-05
6.4587e-05
6.4587e-05
6.4587e-05
6.4587e-05
6.4587e-05
6.4587e-05
6.4587e-05
6.4587e-05
6.4587e-05
6.4587e-05
6.4587e-05
6.4587e-05
6.4587e-05
6.4587e-05
6.4587e-05
6.4587e-05
6.4587e-05
6.4587e-05
6.4587e-05
6.4587e-05
6.4587e-05
6.4587e-05
6.4587e-05
6.4587e-05
6.4587e-05
6.4587e-05
6.4587e-05
6.4587e-05
