38.93,1.1,-30,-0.0099996,29.339,-0.0029355,24.09
2.0255,1.1,-30,-4.0612,-6.0597,-2.3412,26.541
22.122,0.9,-30,-2.4445,-20.859,-2.2603,27.63
13.272,1.1,-30,-3.3654,-16.536,-1.7247,32.38
10.915,1.1,-30,-2.5177,-15.625,-1.4748,36.096
11.272,1.1,-30,-1.5568,-16.569,-1.1768,39.519
12.072,1.1,-30,-0.81149,-17.84,-0.88071,42.955
13.567,1.1,-30,-0.25918,-19.639,-0.63433,46.415
14.701,1.1,-30,0.072661,-21.173,-0.43715,49.967
15.53,1.1,-30,0.2806,-22.478,-0.28007,53.556
16.208,1.1,-30,0.42444,-23.66,-0.14585,57.134
16.781,1.1,-30,0.5347,-24.75,-0.024027,60.674
17.275,1.1,-30,0.63101,-25.763,0.093006,64.155
17.7,1.1,-30,0.72618,-26.703,0.21092,67.562
18.06,1.1,-30,0.82908,-27.571,0.33444,70.881
18.362,1.1,-30,0.94619,-28.37,0.4676,74.102
18.613,1.1,-30,1.0821,-29.103,0.61399,77.216
18.819,1.1,-30,1.2397,-29.775,0.77642,80.215
18.986,1.1,-30,1.4209,-30.387,0.95735,83.092
19.117,1.1,-30,1.6268,-30.943,1.1587,85.843
19.219,1.1,-30,1.8583,-31.446,1.382,88.463
19.294,1.1,-30,2.1153,-31.899,1.6287,90.95
19.346,1.1,-30,2.398,-32.303,1.8996,93.302
19.378,1.1,-30,2.7062,-32.661,2.1956,95.518
19.392,1.1,-30,3.0394,-32.975,2.5172,97.599
19.392,1.1,-30,3.3977,-33.248,2.8648,99.546
19.379,1.1,-30,3.7803,-33.481,3.2385,101.36
19.357,1.1,-30,4.1871,-33.676,3.6384,103.04
19.324,1.1,-30,4.6169,-33.833,4.0638,104.6
19.286,1.1,-30,5.0697,-33.957,4.5148,106.03
19.243,1.1,-30,5.544,-34.047,4.9899,107.34
19.197,1.1,-30,6.0388,-34.105,5.4882,108.54
19.147,1.1,-30,6.5529,-34.133,6.0083,109.63
19.098,1.1,-30,7.0848,-34.132,6.5485,110.61
19.048,1.1,-30,7.6322,-34.104,7.1066,111.5
19,1.1,-30,8.1933,-34.051,7.6797,112.29
19.005,0.99047,-30,8.7656,-33.936,8.2563,113
18.996,0.9,-30,9.3211,-33.803,8.8225,113.64
18.94,0.9,-30,9.8615,-33.68,9.3855,114.21
18.887,0.9,-30,10.405,-33.541,9.9497,114.72
18.839,0.9,-30,10.948,-33.388,10.512,115.18
18.795,0.9,-30,11.488,-33.222,11.068,115.58
18.755,0.9,-30,12.02,-33.047,11.615,115.93
18.718,0.9,-30,12.54,-32.864,12.148,116.24
18.683,0.9,-30,13.045,-32.674,12.665,116.52
18.65,0.9,-30,13.531,-32.481,13.161,116.78
18.619,0.9,-30,13.995,-32.289,13.634,117.01
18.59,0.9,-30,14.435,-32.096,14.082,117.22
18.561,0.9,-30,14.848,-31.908,14.501,117.41
18.532,0.9,-30,15.23,-31.724,14.892,117.59
18.503,0.9,-30,15.584,-31.547,15.253,117.77
18.474,0.9,-30,15.906,-31.38,15.583,117.94
18.443,0.9,-30,16.197,-31.222,15.883,118.11
18.412,0.9,-30,16.458,-31.074,16.155,118.27
18.381,0.9,-30,16.691,-30.937,16.398,118.43
18.349,0.9,-30,16.896,-30.811,16.614,118.59
18.316,0.9,-30,17.073,-30.695,16.805,118.74
18.284,0.9,-30,17.227,-30.591,16.972,118.9
18.251,0.9,-30,17.359,-30.497,17.118,119.06
18.219,0.9,-30,17.471,-30.415,17.245,119.22
18.187,0.9,-30,17.565,-30.341,17.355,119.38
18.156,0.9,-30,17.645,-30.277,17.449,119.54
18.126,0.9,-30,17.712,-30.221,17.531,119.7
18.098,0.9,-30,17.768,-30.173,17.602,119.86
18.072,0.9,-30,17.816,-30.132,17.664,120.02
18.048,0.9,-30,17.855,-30.098,17.717,120.18
18.025,0.9,-30,17.888,-30.07,17.763,120.34
18.005,0.9,-30,17.917,-30.047,17.805,120.5
17.986,0.9,-30,17.944,-30.029,17.842,120.66
17.97,0.9,-30,17.969,-30.015,17.878,120.82
17.956,0.9,-30,17.993,-30.003,17.911,120.98
17.944,0.9,-30,18.016,-29.994,17.943,121.14
17.933,0.9,-30,18.039,-29.989,17.973,121.29
17.925,0.9,-30,18.062,-29.985,18.003,121.44
17.918,0.9,-30,18.086,-29.982,18.033,121.59
17.914,0.9,-30,18.111,-29.982,18.063,121.73
17.91,0.9,-30,18.136,-29.981,18.092,121.87
17.908,0.9,-30,18.162,-29.983,18.121,122.01
17.908,0.9,-30,18.189,-29.985,18.151,122.14
17.908,0.9,-30,18.217,-29.987,18.182,122.27
17.908,0.9,-30,18.245,-29.989,18.213,122.4
17.91,0.9,-30,18.275,-29.992,18.244,122.53
17.912,0.9,-30,18.304,-29.996,18.275,122.66
17.915,0.9,-30,18.334,-30,18.307,122.79
17.918,0.9,-30,18.364,-30.004,18.338,122.91
17.926,0.9,-30,18.395,-30.011,18.372,123.03
17.934,0.9,-30,18.426,-30.019,18.406,123.15
17.941,0.9,-30,18.458,-30.026,18.44,123.28
17.947,0.9,-30,18.49,-30.033,18.473,123.41
17.954,0.9,-30,18.522,-30.04,18.507,123.53
17.962,0.9,-30,18.556,-30.046,18.542,123.65
17.99,0.9,-30,18.589,-30.07,18.587,123.77
18.008,0.9,-30,18.626,-30.087,18.624,123.89
18.017,0.9,-30,18.661,-30.095,18.658,124.01
18.02,0.9,-30,18.695,-30.098,18.69,124.12
18.021,0.9,-30,18.727,-30.097,18.721,124.23
18.022,0.9,-30,18.759,-30.095,18.752,124.34
18.021,0.9,-30,18.788,-30.093,18.781,124.45
18.021,0.9,-30,18.818,-30.092,18.811,124.56
18.02,0.9,-30,18.846,-30.09,18.839,124.67
18.019,0.9,-30,18.874,-30.088,18.867,124.78
18.018,0.9,-30,18.901,-30.087,18.894,124.88
18.018,0.9,-30,18.927,-30.086,18.921,124.98
18.018,0.9,-30,18.953,-30.085,18.947,125.08
18.018,0.9,-30,18.978,-30.084,18.973,125.18
18.018,0.9,-30,19.003,-30.084,18.998,125.28
18.018,0.9,-30,19.027,-30.084,19.023,125.38
18.019,0.9,-30,19.052,-30.084,19.048,125.48
18.019,0.9,-30,19.075,-30.085,19.073,125.58
18.021,0.9,-30,19.099,-30.087,19.097,125.67
18.022,0.9,-30,19.122,-30.087,19.121,125.76
18.024,0.9,-30,19.145,-30.088,19.145,125.85
18.026,0.9,-30,19.169,-30.089,19.169,125.94
18.028,0.9,-30,19.191,-30.09,19.192,126.03
18.029,0.9,-30,19.213,-30.092,19.215,126.12
18.032,0.9,-30,19.236,-30.094,19.238,126.21
18.033,0.9,-30,19.258,-30.095,19.261,126.3
18.036,0.9,-30,19.28,-30.097,19.284,126.39
18.038,0.9,-30,19.302,-30.099,19.307,126.47
18.041,0.9,-30,19.324,-30.101,19.329,126.55
18.044,0.9,-30,19.344,-30.103,19.351,126.63
18.046,0.9,-30,19.365,-30.104,19.372,126.71
18.048,0.9,-30,19.386,-30.106,19.393,126.79
18.05,0.9,-30,19.406,-30.107,19.414,126.87
18.053,0.9,-30,19.427,-30.109,19.435,126.95
18.055,0.9,-30,19.446,-30.11,19.456,127.03
18.056,0.9,-30,19.466,-30.112,19.476,127.11
18.059,0.9,-30,19.486,-30.114,19.496,127.18
18.061,0.9,-30,19.506,-30.114,19.516,127.25
18.063,0.9,-30,19.524,-30.115,19.536,127.32
18.065,0.9,-30,19.543,-30.116,19.555,127.39
18.067,0.9,-30,19.562,-30.117,19.574,127.46
18.068,0.9,-30,19.579,-30.118,19.591,127.53
18.069,0.9,-30,19.596,-30.118,19.609,127.6
18.07,0.9,-30,19.614,-30.118,19.627,127.67
18.07,0.9,-30,19.63,-30.119,19.644,127.74
18.071,0.9,-30,19.647,-30.119,19.661,127.81
18.071,0.9,-30,19.663,-30.12,19.678,127.88
18.072,0.9,-30,19.68,-30.121,19.694,127.94
18.073,0.9,-30,19.695,-30.121,19.71,128
18.073,0.9,-30,19.711,-30.12,19.726,128.06
18.072,0.9,-30,19.726,-30.119,19.741,128.12
18.072,0.9,-30,19.742,-30.118,19.756,128.18
18.072,0.9,-30,19.756,-30.117,19.771,128.24
18.072,0.9,-30,19.77,-30.117,19.785,128.3
18.071,0.9,-30,19.784,-30.116,19.799,128.36
18.07,0.9,-30,19.798,-30.115,19.814,128.42
18.069,0.9,-30,19.812,-30.114,19.827,128.48
18.068,0.9,-30,19.825,-30.114,19.84,128.54
18.067,0.9,-30,19.838,-30.112,19.854,128.6
18.065,0.9,-30,19.851,-30.111,19.867,128.66
18.063,0.9,-30,19.864,-30.11,19.879,128.72
18.062,0.9,-30,19.877,-30.109,19.892,128.78
18.06,0.9,-30,19.89,-30.108,19.905,128.83
18.059,0.9,-30,19.903,-30.107,19.917,128.88
18.058,0.9,-30,19.915,-30.104,19.93,128.93
18.055,0.9,-30,19.927,-30.102,19.941,128.98
18.054,0.9,-30,19.939,-30.1,19.952,129.03
18.052,0.9,-30,19.95,-30.098,19.963,129.08
18.05,0.9,-30,19.962,-30.097,19.974,129.13
18.047,0.9,-30,19.972,-30.094,19.985,129.18
18.045,0.9,-30,19.983,-30.092,19.995,129.23
18.042,0.9,-30,19.994,-30.09,20.006,129.28
18.041,0.9,-30,20.005,-30.088,20.016,129.33
18.038,0.9,-30,20.015,-30.086,20.027,129.38
18.035,0.9,-30,20.025,-30.084,20.036,129.43
18.032,0.9,-30,20.035,-30.082,20.046,129.48
18.029,0.9,-30,20.046,-30.079,20.056,129.53
18.027,0.9,-30,20.056,-30.077,20.066,129.58
18.024,0.9,-30,20.066,-30.075,20.075,129.63
18.021,0.9,-30,20.075,-30.073,20.085,129.68
18.018,0.9,-30,20.085,-30.071,20.094,129.73
18.016,0.9,-30,20.095,-30.069,20.104,129.77
18.014,0.9,-30,20.105,-30.067,20.113,129.81
18.012,0.9,-30,20.115,-30.064,20.123,129.85
18.009,0.9,-30,20.124,-30.062,20.131,129.89
18.007,0.9,-30,20.134,-30.06,20.14,129.93
18.003,0.9,-30,20.143,-30.056,20.147,129.97
18.001,0.9,-30,20.151,-30.054,20.156,130.01
18,0.9,-30,20.16,-30.053,20.165,130.05
17.998,0.9,-30,20.168,-30.052,20.173,130.09
17.997,0.9,-30,20.176,-30.05,20.181,130.13
17.995,0.9,-30,20.185,-30.048,20.19,130.17
