22.851,17.279,-3.8647,-3.3777,-3.8647,-3.3777,25.662
7.0083,-3.8828,-16.922,-2.1443,-16.922,-2.1443,26.071
19.249,3.7733,-26.068,-2.9618,-26.068,-2.9618,27.901
14.321,0.051271,-23.035,-2.3226,-23.035,-2.3226,32.281
12.998,-0.98273,-22.349,-1.5544,-22.349,-1.5544,35.899
13.313,-0.94135,-22.831,-0.93372,-22.831,-0.93372,39.326
13.925,-0.75288,-23.508,-0.45309,-23.508,-0.45309,42.78
14.993,-0.32605,-24.503,-0.14424,-24.503,-0.14424,46.28
15.868,-0.066563,-25.327,0.0652,-25.327,0.0652,49.857
16.57,0.059768,-26.008,0.22096,-26.008,0.22096,53.458
17.186,0.12196,-26.613,0.34676,-26.613,0.34676,57.042
17.738,0.14292,-27.162,0.45834,-27.162,0.45834,60.584
18.239,0.13631,-27.667,0.56642,-27.667,0.56642,64.064
18.691,0.10884,-28.132,0.6788,-28.132,0.6788,67.468
19.096,0.06435,-28.555,0.80144,-28.555,0.80144,70.783
19.455,0.0067393,-28.942,0.9388,-28.942,0.9388,73.999
19.773,-0.059654,-29.294,1.094,-29.294,1.094,77.107
20.051,-0.13173,-29.614,1.2693,-29.614,1.2693,80.099
20.292,-0.20618,-29.903,1.4662,-29.903,1.4662,82.969
20.499,-0.28166,-30.164,1.6858,-30.164,1.6858,85.713
20.674,-0.35482,-30.4,1.9288,-30.4,1.9288,88.326
20.819,-0.42463,-30.611,2.1954,-30.611,2.1954,90.806
20.935,-0.48931,-30.798,2.486,-30.798,2.486,93.152
21.026,-0.5479,-30.964,2.8004,-30.964,2.8004,95.362
21.091,-0.59948,-31.11,3.1388,-31.11,3.1388,97.439
21.135,-0.64258,-31.237,3.5008,-31.237,3.5008,99.382
21.156,-0.67685,-31.346,3.8864,-31.346,3.8864,101.19
21.158,-0.7008,-31.437,4.2947,-31.437,4.2947,102.87
21.14,-0.71628,-31.513,4.7257,-31.513,4.7257,104.43
21.106,-0.72031,-31.574,5.1783,-31.574,5.1783,105.86
21.057,-0.7136,-31.621,5.6516,-31.621,5.6516,107.17
20.993,-0.69593,-31.653,6.1445,-31.653,6.1445,108.37
20.916,-0.66858,-31.674,6.6558,-31.674,6.6558,109.46
20.827,-0.62925,-31.681,7.1835,-31.681,7.1835,110.45
20.729,-0.58087,-31.679,7.7259,-31.679,7.7259,111.34
20.622,-0.52165,-31.665,8.2807,-31.665,8.2807,112.14
20.483,-0.48707,-31.64,8.8244,-31.64,8.8244,112.86
20.342,-0.44612,-31.602,9.3575,-31.602,9.3575,113.51
20.217,-0.37726,-31.556,9.8944,-31.556,9.8944,114.09
20.089,-0.30237,-31.503,10.432,-31.503,10.432,114.61
19.961,-0.22193,-31.445,10.968,-31.445,10.968,115.07
19.831,-0.13645,-31.381,11.498,-31.381,11.498,115.48
19.703,-0.047818,-31.313,12.018,-31.313,12.018,115.84
19.576,0.042289,-31.241,12.526,-31.241,12.526,116.16
19.451,0.13211,-31.166,13.018,-31.166,13.018,116.45
19.33,0.22014,-31.09,13.49,-31.09,13.49,116.72
19.213,0.30616,-31.012,13.941,-31.012,13.941,116.95
19.101,0.38901,-30.935,14.367,-30.935,14.367,117.17
18.994,0.46709,-30.858,14.766,-30.858,14.766,117.37
18.893,0.53947,-30.781,15.138,-30.781,15.138,117.56
18.798,0.60526,-30.708,15.481,-30.708,15.481,117.74
18.709,0.66461,-30.638,15.794,-30.638,15.794,117.92
18.627,0.71629,-30.57,16.079,-30.57,16.079,118.09
18.55,0.7617,-30.506,16.336,-30.506,16.336,118.26
18.481,0.80041,-30.447,16.566,-30.447,16.566,118.42
18.416,0.8325,-30.39,16.769,-30.39,16.769,118.58
18.358,0.85819,-30.339,16.948,-30.339,16.948,118.74
18.306,0.87842,-30.29,17.104,-30.29,17.104,118.9
18.258,0.89278,-30.247,17.24,-30.247,17.24,119.06
18.216,0.90269,-30.208,17.357,-30.208,17.357,119.22
18.179,0.90843,-30.173,17.458,-30.173,17.458,119.38
18.145,0.91089,-30.14,17.545,-30.14,17.545,119.54
18.116,0.91016,-30.113,17.619,-30.113,17.619,119.7
18.09,0.90775,-30.088,17.684,-30.088,17.684,119.86
18.068,0.90367,-30.067,17.739,-30.067,17.739,120.02
18.05,0.89825,-30.049,17.786,-30.049,17.786,120.18
18.033,0.89152,-30.033,17.827,-30.033,17.827,120.34
18.02,0.88467,-30.02,17.864,-30.02,17.864,120.5
18.009,0.87712,-30.01,17.898,-30.01,17.898,120.66
18,0.87037,-30.001,17.93,-30.001,17.93,120.82
17.992,0.86387,-29.993,17.96,-29.993,17.96,120.98
17.986,0.85762,-29.988,17.988,-29.988,17.988,121.14
17.981,0.85191,-29.984,18.016,-29.984,18.016,121.29
17.978,0.84739,-29.98,18.044,-29.98,18.044,121.44
17.975,0.84311,-29.979,18.072,-29.979,18.072,121.58
17.973,0.84069,-29.977,18.099,-29.977,18.099,121.72
17.972,0.83805,-29.977,18.127,-29.977,18.127,121.86
17.972,0.8363,-29.978,18.155,-29.978,18.155,122
17.972,0.83616,-29.978,18.184,-29.978,18.184,122.13
17.972,0.83596,-29.979,18.213,-29.979,18.213,122.26
17.972,0.83583,-29.98,18.243,-29.98,18.243,122.39
17.973,0.83665,-29.982,18.273,-29.982,18.273,122.52
17.975,0.83736,-29.984,18.303,-29.984,18.303,122.65
17.976,0.83874,-29.987,18.333,-29.987,18.333,122.78
17.977,0.8406,-29.989,18.364,-29.989,18.364,122.9
17.981,0.84461,-29.993,18.395,-29.993,18.395,123.02
17.985,0.84853,-29.998,18.427,-29.998,18.427,123.15
17.989,0.85175,-30.002,18.459,-30.002,18.459,123.28
17.993,0.85442,-30.007,18.491,-30.007,18.491,123.41
17.996,0.8583,-30.01,18.524,-30.01,18.524,123.53
17.999,0.86264,-30.015,18.557,-30.015,18.557,123.65
18.015,0.87537,-30.03,18.593,-30.03,18.593,123.77
18.024,0.884,-30.04,18.628,-30.04,18.628,123.89
18.028,0.88883,-30.045,18.662,-30.045,18.662,124.01
18.029,0.89148,-30.047,18.694,-30.047,18.694,124.12
18.028,0.89345,-30.047,18.726,-30.047,18.726,124.23
18.027,0.89541,-30.046,18.756,-30.046,18.756,124.34
18.025,0.89602,-30.046,18.786,-30.046,18.786,124.45
18.024,0.89717,-30.045,18.815,-30.045,18.815,124.56
18.022,0.89757,-30.044,18.843,-30.044,18.843,124.67
18.021,0.89787,-30.044,18.871,-30.044,18.871,124.78
18.019,0.89852,-30.043,18.898,-30.043,18.898,124.88
18.019,0.89936,-30.043,18.924,-30.043,18.924,124.98
18.018,0.90028,-30.043,18.95,-30.043,18.95,125.08
18.017,0.90112,-30.042,18.975,-30.042,18.975,125.18
18.016,0.90163,-30.042,19,-30.042,19,125.28
18.016,0.90195,-30.043,19.025,-30.043,19.025,125.38
18.016,0.903,-30.042,19.049,-30.042,19.049,125.48
18.016,0.90316,-30.044,19.073,-30.044,19.073,125.58
18.016,0.90483,-30.044,19.097,-30.044,19.097,125.67
18.016,0.9058,-30.045,19.12,-30.045,19.12,125.76
18.017,0.90733,-30.046,19.144,-30.046,19.144,125.85
18.017,0.90894,-30.046,19.167,-30.046,19.167,125.94
18.018,0.91015,-30.047,19.189,-30.047,19.189,126.03
18.018,0.91088,-30.049,19.212,-30.049,19.212,126.12
18.019,0.91267,-30.049,19.234,-30.049,19.234,126.21
18.02,0.91335,-30.051,19.257,-30.051,19.257,126.3
18.021,0.9151,-30.052,19.279,-30.052,19.279,126.39
18.021,0.91674,-30.053,19.301,-30.053,19.301,126.47
18.022,0.91865,-30.055,19.322,-30.055,19.322,126.55
18.023,0.92054,-30.056,19.343,-30.056,19.343,126.63
18.024,0.92192,-30.057,19.364,-30.057,19.364,126.71
18.025,0.92324,-30.058,19.384,-30.058,19.384,126.79
18.025,0.92462,-30.059,19.405,-30.059,19.405,126.87
18.027,0.92633,-30.06,19.425,-30.06,19.425,126.95
18.027,0.92756,-30.061,19.445,-30.061,19.445,127.03
18.028,0.92817,-30.063,19.465,-30.063,19.465,127.11
18.029,0.93034,-30.063,19.485,-30.063,19.485,127.18
18.029,0.93194,-30.064,19.504,-30.064,19.504,127.25
18.03,0.93341,-30.065,19.523,-30.065,19.523,127.32
18.03,0.93492,-30.066,19.542,-30.066,19.542,127.39
18.031,0.93638,-30.067,19.56,-30.067,19.56,127.46
18.031,0.93717,-30.067,19.577,-30.067,19.577,127.53
18.031,0.93796,-30.067,19.595,-30.067,19.595,127.6
18.031,0.93873,-30.068,19.612,-30.068,19.612,127.67
18.031,0.93891,-30.068,19.629,-30.068,19.629,127.74
18.031,0.93958,-30.068,19.645,-30.068,19.645,127.81
18.031,0.93963,-30.069,19.662,-30.069,19.662,127.88
18.031,0.9406,-30.07,19.678,-30.07,19.678,127.94
18.031,0.94156,-30.07,19.694,-30.07,19.694,128
18.031,0.94215,-30.069,19.709,-30.069,19.709,128.06
18.03,0.94213,-30.069,19.725,-30.069,19.725,128.12
18.029,0.94262,-30.068,19.74,-30.068,19.74,128.18
18.029,0.94282,-30.069,19.754,-30.069,19.754,128.24
18.029,0.94318,-30.068,19.768,-30.068,19.768,128.3
18.028,0.94298,-30.067,19.783,-30.067,19.783,128.36
18.027,0.94265,-30.067,19.797,-30.067,19.797,128.42
18.027,0.94231,-30.067,19.81,-30.067,19.81,128.48
18.026,0.942,-30.066,19.824,-30.066,19.824,128.54
18.025,0.94165,-30.065,19.837,-30.065,19.837,128.6
18.024,0.94072,-30.065,19.85,-30.065,19.85,128.66
18.023,0.93985,-30.064,19.863,-30.064,19.863,128.72
18.023,0.93944,-30.063,19.876,-30.063,19.876,128.78
18.021,0.93899,-30.063,19.889,-30.063,19.889,128.83
18.02,0.93897,-30.062,19.902,-30.062,19.902,128.88
18.019,0.939,-30.06,19.914,-30.06,19.914,128.93
18.017,0.93781,-30.06,19.926,-30.06,19.926,128.98
18.016,0.93772,-30.058,19.937,-30.058,19.937,129.03
18.015,0.93694,-30.058,19.949,-30.058,19.949,129.08
18.014,0.9363,-30.056,19.96,-30.056,19.96,129.13
18.012,0.93507,-30.055,19.971,-30.055,19.971,129.18
18.011,0.93428,-30.053,19.982,-30.053,19.982,129.23
18.009,0.93295,-30.053,19.993,-30.053,19.993,129.28
18.008,0.93271,-30.051,20.004,-30.051,20.004,129.33
18.007,0.93131,-30.05,20.014,-30.05,20.014,129.38
18.005,0.92993,-30.049,20.024,-30.049,20.024,129.43
18.003,0.92862,-30.047,20.035,-30.047,20.035,129.48
18.002,0.92727,-30.046,20.045,-30.046,20.045,129.53
18,0.92651,-30.044,20.055,-30.044,20.055,129.58
17.999,0.92494,-30.043,20.065,-30.043,20.065,129.63
17.998,0.92347,-30.042,20.075,-30.042,20.075,129.68
17.996,0.92208,-30.04,20.085,-30.04,20.085,129.73
17.995,0.92147,-30.039,20.095,-30.039,20.095,129.77
17.993,0.92086,-30.038,20.105,-30.038,20.105,129.81
17.992,0.92038,-30.037,20.114,-30.037,20.114,129.85
17.99,0.91935,-30.035,20.124,-30.035,20.124,129.89
17.988,0.91864,-30.034,20.133,-30.034,20.133,129.93
17.986,0.917,-30.032,20.141,-30.032,20.141,129.97
17.985,0.91631,-30.031,20.15,-30.031,20.15,130.01
17.984,0.91607,-30.03,20.159,-30.03,20.159,130.05
17.983,0.91507,-30.029,20.167,-30.029,20.167,130.09
17.982,0.91459,-30.028,20.176,-30.028,20.176,130.13
