0.99759
0.47329
0.22754
-0.32305
0.30764
0.36986
0.17548
-0.0088526
-0.091111
-0.085598
-0.041328
0.00050393
0.021569
0.022424
0.013005
0.0028532
-0.0029339
-0.0037975
-0.0016953
0.0010207
0.0028714
0.0034872
0.0032183
0.0026227
0.002106
0.0018325
0.0017708
0.001697
0.0018789
0.0018414
0.0018273
0.0018124
0.0017901
0.0017712
0.0017565
0.0017453
0.0017407
0.0017352
0.0017302
0.0017253
0.001721
0.0017172
0.0017138
0.001708
0.0017022
0.0016991
0.0016965
0.0016942
0.0016925
0.0016908
0.0016892
0.001688
0.0016843
0.0016827
0.0016815
0.0016805
0.0016797
0.0016789
0.0016761
0.0016782
0.0016782
0.0016779
0.0016799
0.0016801
0.0016801
0.0016797
0.001677
0.0016757
0.0016753
0.0016753
0.0016752
0.001675
0.0016747
0.0016744
0.0016744
0.0016742
0.0016764
0.0016745
0.0016176
0.0015965
0.0015881
0.0015848
0.0015894
0.0015854
0.0015787
0.0015765
0.0015772
0.001581
0.0015843
0.0015849
0.001585
0.0015826
0.0015813
0.0015808
0.0015812
0.0015817
0.0015816
0.0015814
0.0015813
0.001582
0.0015822
0.0015823
0.0015819
0.0015821
0.0015822
0.001582
0.001582
0.001582
0.001582
0.001581
0.0015418
0.0015154
0.001481
0.0014692
0.0014672
0.0014619
0.0014604
0.001455
0.001453
0.001454
0.0014578
0.0014609
0.0014756
0.0014484
0.0014394
0.0014337
0.0014306
0.0014333
0.0014288
0.0014022
0.0013935
0.0013914
0.0013925
0.0013721
0.0013627
0.0013582
0.0013568
0.0013595
0.0013577
0.001356
0.0013557
0.0013565
0.0013573
0.0013573
0.0013573
0.0013573
0.0013573
0.0013576
0.0013352
0.001328
0.0013253
0.0013242
0.0013261
0.0013243
0.0013227
0.001322
0.0013225
0.0013231
0.0013232
0.0013233
0.0013229
0.001301
0.0012938
0.0012911
0.0012902
0.0012923
0.0012903
0.0012883
0.0012879
0.001288
0.0012885
0.0012888
0.0012678
0.001261
0.0012585
0.0012578
0.0012599
0.0012579
0.0012565
0.0012554
0.0012555
0.0012561
0.001256
0.001256
0.0012559
0.0012557
0.0012351
0.0012284
0.001226
0.001225
0.0012271
0.001225
0.0012215
0.0012013
0.0011953
0.0011936
0.0011736
0.0011693
0.0011651
0.0011625
