97.09
55.458
90.024
55.193
13.03
4.2826
1.7203
0.9763
0.6406
0.2604
0.13324
0.11789
0.10179
0.066921
0.023373
0.0026937
0.027161
0.029783
0.013692
0.026072
0.014055
0.010645
0.015613
0.017852
0.0012271
0.0038627
0.0013486
0.0012074
0.0020394
0.0023
0.00087262
0.022213
0.023293
0.00059551
0.021725
0.011673
0.030834
0.020519
0.017882
0.025879
0.017364
0.0097352
0.021761
0.0062485
0.009608
0.0094138
0.017249
0.015278
0.0011076
0.00078753
0.00057311
0.00054028
0.001065
0.021226
0.029161
0.05674
0.021027
0.021107
0.021317
0.022517
0.022422
0.026695
0.033431
0.034903
0.043387
0.041009
0.046994
0.054262
0.055618
0.053515
0.050818
0.048847
0.047334
0.045956
0.044564
0.043161
0.041716
0.040313
0.03903
0.030965
0.023736
0.023258
0.048622
0.0041685
0.0088778
0.001188
0.0021304
0.003123
0.0010344
0.0020707
0.0020684
0.004141
0.0082709
0.0082668
0.016524
0.016513
0.032995
0.065842
0.065676
0.13213
0.069224
0.035578
0.024047
0.02977
0.0081894
