0.0032746,-0.0033255,-6.0736,-0.0023429,6.0736,0.0024927,-2.8535e-05
0.20198,-0.20198,-5.1714,0.0051407,5.1726,0.0071397,-0.00018855
0.40078,-0.40078,-4.329,0.0093615,4.3315,0.015006,-0.00037409
0.79944,-0.79944,-2.9218,0.019592,2.9267,0.029014,-0.0007462
1.2762,-1.2762,-0.69625,0.025603,0.70401,0.051991,-0.0011912
1.2837,-1.2837,0.84608,0.021345,-0.83827,0.056707,-0.0011982
1.2679,-1.2679,1.9157,0.020089,-1.908,0.057001,-0.0011835
1.2983,-1.2983,2.6604,0.020705,-2.6525,0.05823,-0.0012118
1.4505,-1.4505,2.7515,0.021397,-2.7426,0.066795,-0.0013539
1.5218,-1.5218,2.6577,0.013048,-2.6485,0.079476,-0.0014204
1.5249,-1.5249,2.5481,0.0036995,-2.5388,0.089013,-0.0014233
1.5258,-1.5258,2.4417,-0.00094932,-2.4324,0.093718,-0.0014242
1.5276,-1.5276,2.2623,-0.003006,-2.253,0.095885,-0.0014259
1.5294,-1.5294,2.1217,-0.0025016,-2.1124,0.095489,-0.0014275
1.5312,-1.5312,2.0157,-0.0014999,-2.0064,0.094595,-0.0014292
1.5329,-1.5329,1.9376,-0.00069476,-1.9282,0.093896,-0.0014308
1.5346,-1.5346,1.8807,-0.00021041,-1.8714,0.093512,-0.0014324
1.5362,-1.5362,1.8396,2.823e-05,-1.8303,0.093375,-0.0014339
1.5378,-1.5378,1.81,0.0001157,-1.8007,0.093382,-0.0014354
1.5394,-1.5394,1.7887,0.00013382,-1.7794,0.09346,-0.0014369
1.541,-1.541,1.7734,0.00012395,-1.7641,0.093566,-0.0014383
1.5425,-1.5425,1.7624,0.00010623,-1.7531,0.09368,-0.0014398
1.544,-1.544,1.7545,8.5634e-05,-1.7452,0.093791,-0.0014412
1.5455,-1.5455,1.7489,7.7195e-05,-1.7395,0.093891,-0.0014426
1.547,-1.547,1.7448,7.0392e-05,-1.7354,0.093988,-0.001444
1.5485,-1.5485,1.7419,6.7939e-05,-1.7325,0.094082,-0.0014454
1.55,-1.55,1.7398,6.519e-05,-1.7304,0.094175,-0.0014468
1.5515,-1.5515,1.7383,6.6813e-05,-1.7289,0.094265,-0.0014482
1.553,-1.553,1.7373,6.6128e-05,-1.7278,0.094356,-0.0014496
1.5545,-1.5545,1.7365,6.3808e-05,-1.7271,0.09445,-0.001451
1.5575,-1.5575,1.7355,0.00010665,-1.726,0.094589,-0.0014538
1.5605,-1.5605,1.7349,0.00014961,-1.7254,0.094728,-0.0014566
1.5635,-1.5635,1.7346,0.0001766,-1.7251,0.094883,-0.0014594
1.5665,-1.5665,1.7345,0.00019959,-1.725,0.095042,-0.0014622
1.5695,-1.5695,1.7345,0.00021457,-1.725,0.095209,-0.0014649
1.5754,-1.5754,1.7345,0.00032367,-1.725,0.095462,-0.0014705
1.5813,-1.5813,1.7346,0.00043068,-1.7249,0.095713,-0.001476
1.5872,-1.5872,1.7347,0.00051357,-1.725,0.095988,-0.0014815
1.5931,-1.5931,1.7347,0.00058834,-1.725,0.096271,-0.001487
1.599,-1.599,1.7347,0.00064697,-1.725,0.09657,-0.0014925
1.6048,-1.6048,1.7347,0.00070549,-1.725,0.096869,-0.001498
1.6106,-1.6106,1.7347,0.00074489,-1.725,0.09718,-0.0015033
1.6164,-1.6164,1.7348,0.00078468,-1.7249,0.097492,-0.0015087
1.6222,-1.6222,1.7349,0.00081614,-1.725,0.097811,-0.0015141
1.6279,-1.6279,1.7349,0.00083992,-1.725,0.098139,-0.0015195
1.6336,-1.6336,1.7349,0.00086831,-1.725,0.098455,-0.0015248
1.6393,-1.6393,1.7349,0.00088096,-1.725,0.098788,-0.0015301
1.645,-1.645,1.735,0.00089324,-1.7249,0.09912,-0.0015354
1.6506,-1.6506,1.735,0.00089782,-1.725,0.099461,-0.0015407
1.6562,-1.6562,1.735,0.00090702,-1.725,0.09979,-0.0015459
1.6618,-1.6618,1.7351,0.00090851,-1.7249,0.10013,-0.0015511
1.6673,-1.6673,1.7351,0.00091665,-1.725,0.10046,-0.0015563
1.6728,-1.6728,1.7351,0.00091407,-1.725,0.10079,-0.0015614
1.6783,-1.6783,1.7352,0.00091413,-1.7249,0.10113,-0.0015665
1.6838,-1.6838,1.7352,0.00091852,-1.725,0.10145,-0.0015716
1.6892,-1.6892,1.7352,0.00092705,-1.725,0.10178,-0.0015767
1.6946,-1.6946,1.7353,0.00091363,-1.725,0.10212,-0.0015818
1.7,-1.7,1.7355,0.00091623,-1.7251,0.10244,-0.0015868
1.703,-1.703,1.736,0.00081591,-1.7257,0.10272,-0.0015895
1.7025,-1.7025,1.7365,0.00058662,-1.7262,0.10292,-0.0015891
1.7014,-1.7014,1.7368,0.00035242,-1.7264,0.10309,-0.0015881
1.7003,-1.7003,1.7369,0.00017073,-1.7266,0.10321,-0.0015871
1.6996,-1.6996,1.7369,6.8542e-05,-1.7265,0.10327,-0.0015864
1.6993,-1.6993,1.7367,2.6323e-05,-1.7264,0.10329,-0.0015861
1.6994,-1.6994,1.7366,1.8247e-05,-1.7262,0.10331,-0.0015862
1.6997,-1.6997,1.7364,1.5306e-05,-1.7261,0.10333,-0.0015865
1.6998,-1.6998,1.7363,6.8625e-06,-1.726,0.10334,-0.0015866
1.6999,-1.6999,1.7363,2.6799e-06,-1.726,0.10335,-0.0015867
1.7,-1.7,1.7363,2.623e-06,-1.726,0.10336,-0.0015868
1.6999,-1.6999,1.7363,-5.4497e-06,-1.726,0.10336,-0.0015867
1.6998,-1.6998,1.7363,-8.5189e-06,-1.726,0.10336,-0.0015866
1.6997,-1.6997,1.7363,-7.0923e-06,-1.726,0.10335,-0.0015865
1.6996,-1.6996,1.7363,-4.4055e-06,-1.726,0.10334,-0.0015864
1.6995,-1.6995,1.7363,-3.0979e-06,-1.726,0.10333,-0.0015863
1.6996,-1.6996,1.7363,3.6021e-06,-1.726,0.10333,-0.0015864
1.6997,-1.6997,1.7363,5.987e-06,-1.7259,0.10334,-0.0015865
1.6998,-1.6998,1.7363,5.2035e-06,-1.7259,0.10334,-0.0015866
1.6999,-1.6999,1.7363,5.8597e-06,-1.7259,0.10335,-0.0015867
1.7,-1.7,1.7363,4.2167e-06,-1.7259,0.10336,-0.0015868
1.6999,-1.6999,1.7363,-2.6505e-06,-1.726,0.10336,-0.0015867
1.6998,-1.6998,1.7363,-5.1217e-06,-1.726,0.10335,-0.0015866
1.6997,-1.6997,1.7363,-4.3801e-06,-1.726,0.10335,-0.0015865
1.6996,-1.6996,1.7363,-5.0553e-06,-1.726,0.10334,-0.0015864
1.6995,-1.6995,1.7363,-3.4218e-06,-1.726,0.10333,-0.0015863
1.6996,-1.6996,1.7363,3.4406e-06,-1.726,0.10333,-0.0015864
1.6997,-1.6997,1.7363,5.9065e-06,-1.7259,0.10334,-0.0015865
1.6998,-1.6998,1.7363,5.1634e-06,-1.7259,0.10334,-0.0015866
1.6999,-1.6999,1.7363,5.8397e-06,-1.7259,0.10335,-0.0015867
1.7,-1.7,1.7363,4.2068e-06,-1.7259,0.10336,-0.0015868
1.6999,-1.6999,1.7363,-2.6554e-06,-1.726,0.10336,-0.0015867
1.6998,-1.6998,1.7363,-5.1241e-06,-1.726,0.10335,-0.0015866
1.6997,-1.6997,1.7363,-4.3813e-06,-1.726,0.10335,-0.0015865
1.6996,-1.6996,1.7363,-5.0559e-06,-1.726,0.10334,-0.0015864
1.6995,-1.6995,1.7363,-3.4221e-06,-1.726,0.10333,-0.0015863
1.6996,-1.6996,1.7363,3.4404e-06,-1.726,0.10333,-0.0015864
1.6997,-1.6997,1.7363,5.9064e-06,-1.7259,0.10334,-0.0015865
1.6998,-1.6998,1.7363,5.1633e-06,-1.7259,0.10334,-0.0015866
1.6999,-1.6999,1.7363,5.8397e-06,-1.7259,0.10335,-0.0015867
1.7,-1.7,1.7363,4.2068e-06,-1.7259,0.10336,-0.0015868
1.6999,-1.6999,1.7363,-2.6554e-06,-1.726,0.10336,-0.0015867
1.6998,-1.6998,1.7363,-5.1241e-06,-1.726,0.10335,-0.0015866
1.6997,-1.6997,1.7363,-4.3813e-06,-1.726,0.10335,-0.0015865
1.6996,-1.6996,1.7363,-5.0559e-06,-1.726,0.10334,-0.0015864
1.6995,-1.6995,1.7363,-3.4221e-06,-1.726,0.10333,-0.0015863
1.6996,-1.6996,1.7363,3.4404e-06,-1.726,0.10333,-0.0015864
1.6997,-1.6997,1.7363,5.9064e-06,-1.7259,0.10334,-0.0015865
1.6998,-1.6998,1.7363,5.1633e-06,-1.7259,0.10334,-0.0015866
1.6999,-1.6999,1.7363,5.8397e-06,-1.7259,0.10335,-0.0015867
1.7,-1.7,1.7363,4.2068e-06,-1.7259,0.10336,-0.0015868
1.6999,-1.6999,1.7363,-2.6554e-06,-1.726,0.10336,-0.0015867
1.6998,-1.6998,1.7363,-5.1241e-06,-1.726,0.10335,-0.0015866
1.6997,-1.6997,1.7363,-4.3813e-06,-1.726,0.10335,-0.0015865
1.6996,-1.6996,1.7363,-5.0559e-06,-1.726,0.10334,-0.0015864
1.6995,-1.6995,1.7363,-3.4221e-06,-1.726,0.10333,-0.0015863
1.6996,-1.6996,1.7363,3.4404e-06,-1.726,0.10333,-0.0015864
1.6997,-1.6997,1.7363,5.9064e-06,-1.7259,0.10334,-0.0015865
1.6998,-1.6998,1.7363,5.1633e-06,-1.7259,0.10334,-0.0015866
1.6999,-1.6999,1.7363,5.8397e-06,-1.7259,0.10335,-0.0015867
1.7,-1.7,1.7363,4.2068e-06,-1.7259,0.10336,-0.0015868
1.6999,-1.6999,1.7363,-2.6554e-06,-1.726,0.10336,-0.0015867
1.6998,-1.6998,1.7363,-5.1241e-06,-1.726,0.10335,-0.0015866
1.6997,-1.6997,1.7363,-4.3813e-06,-1.726,0.10335,-0.0015865
1.6996,-1.6996,1.7363,-5.0559e-06,-1.726,0.10334,-0.0015864
1.6995,-1.6995,1.7363,-3.4221e-06,-1.726,0.10333,-0.0015863
1.6996,-1.6996,1.7363,3.4404e-06,-1.726,0.10333,-0.0015864
1.6997,-1.6997,1.7363,5.9064e-06,-1.7259,0.10334,-0.0015865
1.6998,-1.6998,1.7363,5.1633e-06,-1.7259,0.10334,-0.0015866
1.6999,-1.6999,1.7363,5.8397e-06,-1.7259,0.10335,-0.0015867
1.7,-1.7,1.7363,4.2068e-06,-1.7259,0.10336,-0.0015868
1.6999,-1.6999,1.7363,-2.6554e-06,-1.726,0.10336,-0.0015867
1.6998,-1.6998,1.7363,-5.1241e-06,-1.726,0.10335,-0.0015866
1.6997,-1.6997,1.7363,-4.3813e-06,-1.726,0.10335,-0.0015865
1.6996,-1.6996,1.7363,-5.0559e-06,-1.726,0.10334,-0.0015864
1.6995,-1.6995,1.7363,-3.4221e-06,-1.726,0.10333,-0.0015863
1.6996,-1.6996,1.7363,3.4404e-06,-1.726,0.10333,-0.0015864
1.6997,-1.6997,1.7363,5.9064e-06,-1.7259,0.10334,-0.0015865
1.6998,-1.6998,1.7363,5.1633e-06,-1.7259,0.10334,-0.0015866
1.6999,-1.6999,1.7363,5.8397e-06,-1.7259,0.10335,-0.0015867
1.7,-1.7,1.7363,4.2068e-06,-1.7259,0.10336,-0.0015868
1.6999,-1.6999,1.7363,-2.6554e-06,-1.726,0.10336,-0.0015867
1.6998,-1.6998,1.7363,-5.1241e-06,-1.726,0.10335,-0.0015866
1.6997,-1.6997,1.7363,-4.3813e-06,-1.726,0.10335,-0.0015865
1.6996,-1.6996,1.7363,-5.0559e-06,-1.726,0.10334,-0.0015864
1.6995,-1.6995,1.7363,-3.4221e-06,-1.726,0.10333,-0.0015863
1.6996,-1.6996,1.7363,3.4404e-06,-1.726,0.10333,-0.0015864
1.6997,-1.6997,1.7363,5.9064e-06,-1.7259,0.10334,-0.0015865
1.6998,-1.6998,1.7363,5.1633e-06,-1.7259,0.10334,-0.0015866
1.6999,-1.6999,1.7363,5.8397e-06,-1.7259,0.10335,-0.0015867
1.7,-1.7,1.7363,4.2068e-06,-1.7259,0.10336,-0.0015868
1.6999,-1.6999,1.7363,-2.6554e-06,-1.726,0.10336,-0.0015867
1.6998,-1.6998,1.7363,-5.1241e-06,-1.726,0.10335,-0.0015866
1.6997,-1.6997,1.7363,-4.3813e-06,-1.726,0.10335,-0.0015865
1.6996,-1.6996,1.7363,-5.0559e-06,-1.726,0.10334,-0.0015864
1.6995,-1.6995,1.7363,-3.4221e-06,-1.726,0.10333,-0.0015863
1.6996,-1.6996,1.7363,3.4404e-06,-1.726,0.10333,-0.0015864
1.6997,-1.6997,1.7363,5.9064e-06,-1.7259,0.10334,-0.0015865
1.6998,-1.6998,1.7363,5.1633e-06,-1.7259,0.10334,-0.0015866
1.6999,-1.6999,1.7363,5.8397e-06,-1.7259,0.10335,-0.0015867
1.7,-1.7,1.7363,4.2068e-06,-1.7259,0.10336,-0.0015868
1.6999,-1.6999,1.7363,-2.6554e-06,-1.726,0.10336,-0.0015867
1.6998,-1.6998,1.7363,-5.1241e-06,-1.726,0.10335,-0.0015866
1.6997,-1.6997,1.7363,-4.3813e-06,-1.726,0.10335,-0.0015865
1.6996,-1.6996,1.7363,-5.0559e-06,-1.726,0.10334,-0.0015864
1.6995,-1.6995,1.7363,-3.4221e-06,-1.726,0.10333,-0.0015863
1.6996,-1.6996,1.7363,3.4404e-06,-1.726,0.10333,-0.0015864
1.6997,-1.6997,1.7363,5.9064e-06,-1.7259,0.10334,-0.0015865
1.6998,-1.6998,1.7363,5.1633e-06,-1.7259,0.10334,-0.0015866
1.6999,-1.6999,1.7363,5.8397e-06,-1.7259,0.10335,-0.0015867
1.7,-1.7,1.7363,4.2068e-06,-1.7259,0.10336,-0.0015868
1.6999,-1.6999,1.7363,-2.6554e-06,-1.726,0.10336,-0.0015867
1.6998,-1.6998,1.7363,-5.1241e-06,-1.726,0.10335,-0.0015866
1.6997,-1.6997,1.7363,-4.3813e-06,-1.726,0.10335,-0.0015865
1.6996,-1.6996,1.7363,-5.0559e-06,-1.726,0.10334,-0.0015864
1.6995,-1.6995,1.7363,-3.4221e-06,-1.726,0.10333,-0.0015863
1.6996,-1.6996,1.7363,3.4404e-06,-1.726,0.10333,-0.0015864
1.6997,-1.6997,1.7363,5.9064e-06,-1.7259,0.10334,-0.0015865
1.6998,-1.6998,1.7363,5.1633e-06,-1.7259,0.10334,-0.0015866
1.6999,-1.6999,1.7363,5.8397e-06,-1.7259,0.10335,-0.0015867
1.7,-1.7,1.7363,4.2068e-06,-1.7259,0.10336,-0.0015868
1.6999,-1.6999,1.7363,-2.6554e-06,-1.726,0.10336,-0.0015867
1.6998,-1.6998,1.7363,-5.1241e-06,-1.726,0.10335,-0.0015866
1.6997,-1.6997,1.7363,-4.3813e-06,-1.726,0.10335,-0.0015865
1.6996,-1.6996,1.7363,-5.0559e-06,-1.726,0.10334,-0.0015864
1.6995,-1.6995,1.7363,-3.4221e-06,-1.726,0.10333,-0.0015863
1.6996,-1.6996,1.7363,3.4404e-06,-1.726,0.10333,-0.0015864
1.6997,-1.6997,1.7363,5.9064e-06,-1.7259,0.10334,-0.0015865
1.6998,-1.6998,1.7363,5.1633e-06,-1.7259,0.10334,-0.0015866
1.6999,-1.6999,1.7363,5.8397e-06,-1.7259,0.10335,-0.0015867
1.7,-1.7,1.7363,4.2068e-06,-1.7259,0.10336,-0.0015868
1.6999,-1.6999,1.7363,-2.6554e-06,-1.726,0.10336,-0.0015867
1.6998,-1.6998,1.7363,-5.1241e-06,-1.726,0.10335,-0.0015866
1.6997,-1.6997,1.7363,-4.3813e-06,-1.726,0.10335,-0.0015865
1.6996,-1.6996,1.7363,-5.0559e-06,-1.726,0.10334,-0.0015864
1.6995,-1.6995,1.7363,-3.4221e-06,-1.726,0.10333,-0.0015863
1.6996,-1.6996,1.7363,3.4404e-06,-1.726,0.10333,-0.0015864
1.6997,-1.6997,1.7363,5.9064e-06,-1.7259,0.10334,-0.0015865
1.6998,-1.6998,1.7363,5.1633e-06,-1.7259,0.10334,-0.0015866
1.6999,-1.6999,1.7363,5.8397e-06,-1.7259,0.10335,-0.0015867
1.7,-1.7,1.7363,4.2068e-06,-1.7259,0.10336,-0.0015868
1.6999,-1.6999,1.7363,-2.6554e-06,-1.726,0.10336,-0.0015867
