556.87
3.9981
0.4609
0.42808
0.95834
1.5124
1.8688
2.1379
1.3601
0.27436
0.12862
0.0063646
0.067584
0.076698
0.066938
0.052773
0.039599
0.02904
0.020985
0.015106
0.010853
0.0077748
0.005576
0.0039977
0.0028117
0.0020574
0.001467
0.0010709
0.00079272
0.00052408
0.00097187
0.0008733
0.00068937
0.00055719
0.00048328
0.00081132
0.00092191
0.001023
0.0011119
0.0011988
0.0012706
0.0013416
0.0014172
0.0014645
0.0015121
0.0015574
0.0015997
0.0016418
0.0016755
0.0017065
0.0017415
0.0016787
0.0016424
0.0016217
0.0016025
0.0015854
0.0015662
0.0015449
0.004132
0.0035217
0.0015386
0.00040175
0.00068385
0.00072524
0.0006601
0.0003705
0.00034164
0.00019064
0.00015852
0.00032495
0.00017115
0.0001287
0.00013553
0.00013438
0.00031225
0.0001878
0.00015571
0.00015883
0.00015952
0.00032729
0.00017579
0.00012842
0.00013551
0.00013438
0.00031226
0.0001878
0.00015571
0.00015883
0.00015952
0.00032729
0.00017579
0.00012842
0.00013551
0.00013438
0.00031226
0.0001878
0.00015571
0.00015883
0.00015952
0.00032729
0.00017579
0.00012842
0.00013551
0.00013438
0.00031226
0.0001878
0.00015571
0.00015883
0.00015952
0.00032729
0.00017579
0.00012842
0.00013551
0.00013438
0.00031226
0.0001878
0.00015571
0.00015883
0.00015952
0.00032729
0.00017579
0.00012842
0.00013551
0.00013438
0.00031226
0.0001878
0.00015571
0.00015883
0.00015952
0.00032729
0.00017579
0.00012842
0.00013551
0.00013438
0.00031226
0.0001878
0.00015571
0.00015883
0.00015952
0.00032729
0.00017579
0.00012842
0.00013551
0.00013438
0.00031226
0.0001878
0.00015571
0.00015883
0.00015952
0.00032729
0.00017579
0.00012842
0.00013551
0.00013438
0.00031226
0.0001878
0.00015571
0.00015883
0.00015952
0.00032729
0.00017579
0.00012842
0.00013551
0.00013438
0.00031226
0.0001878
0.00015571
0.00015883
0.00015952
0.00032729
0.00017579
0.00012842
0.00013551
0.00013438
0.00031226
0.0001878
0.00015571
0.00015883
0.00015952
0.00032729
0.00017579
0.00012842
0.00013551
0.00013438
0.00031226
0.0001878
0.00015571
0.00015883
0.00015952
0.00032729
0.00017579
0.00012842
0.00013551
0.00013438
0.00031226
0.0001878
0.00015571
0.00015883
0.00015952
0.00032729
