4.9507
0.39417
0.13752
0.074233
0.41086
0.5716
0.51804
0.51591
0.53472
0.55641
0.58155
0.60637
0.62966
0.65197
0.6732
0.69336
0.71233
0.73003
0.74644
0.76159
0.77548
0.78812
0.79958
0.8099
0.81911
0.8272
0.83428
0.8404
0.84557
0.84982
0.85332
0.85588
0.85749
0.85826
0.85841
0.85797
0.85696
0.85541
0.85327
0.8506
0.84786
0.84471
0.84055
0.83617
0.83149
0.82662
0.82159
0.81637
0.81105
0.80554
0.79998
0.79427
0.78845
0.78255
0.77662
0.77065
0.76476
0.75892
0.75304
0.74723
0.74144
0.73571
0.73005
0.72444
0.71884
0.7133
0.70782
0.7024
0.69701
0.69171
0.68641
0.68116
0.67594
0.67074
0.66561
0.66048
0.65536
0.65027
0.64519
0.6402
0.6352
0.6302
0.62525
0.62028
0.61529
0.61079
0.6067
0.60297
0.59955
0.60563
0.599
0.5936
0.58867
0.58411
0.57989
0.57569
0.57144
0.56712
0.56288
0.55865
0.55446
0.55032
0.5462
0.54211
0.53802
0.53401
0.53003
0.5261
0.52223
0.5184
0.51459
0.51092
0.50717
0.50355
0.49996
0.4964
0.49294
0.48951
0.48613
0.48285
0.47956
0.47638
0.47321
0.47013
0.46709
0.46413
0.46124
0.45843
0.45562
0.45293
0.45026
0.44764
0.4451
0.44261
0.44022
0.43787
0.43555
0.43332
0.43114
0.42903
0.42699
0.42498
0.42303
0.42113
0.41929
0.41749
0.41577
0.4141
0.41249
0.41093
0.40941
0.40794
0.40649
0.40514
0.40382
0.40257
0.40127
0.40007
0.3989
0.39775
0.39664
0.3956
0.39455
0.39357
0.39261
0.39166
0.39076
0.38986
0.38901
0.38816
0.38736
0.38655
0.3858
0.38504
0.38433
0.3835
0.38331
0.3826
0.38188
0.38118
0.38055
0.37989
0.37929
