139.16
2.5813
1.8232
1.0057
0.6868
0.48564
0.3434
0.24282
0.17015
0.12032
0.085083
0.060159
0.042443
0.030017
0.042423
0.029999
0.021203
0.014989
0.0212
0.014999
0.010603
0.0075031
0.010623
0.0075195
0.0053061
0.0037589
0.0053289
0.003785
0.0026976
0.0019406
0.0028364
0.0021277
0.001661
0.0013729
0.0012064
0.0011089
0.0010607
0.001038
0.0010272
0.0010148
0.0010114
0.0010124
0.0010079
0.0010077
0.0010095
0.0010132
0.0010069
0.0010084
0.0010119
0.0010066
0.0010078
0.0010113
0.0010063
0.0010076
0.0010112
0.0010061
0.0010077
0.0010117
0.001006
0.0010081
0.0010129
0.0010061
0.0010091
0.0010055
0.0010067
0.001011
0.0010055
0.0010081
0.0010052
0.0010063
0.0010108
0.0010052
0.0010084
0.0010048
0.0010067
0.0010123
0.0010055
0.0010102
0.0010048
0.0010085
0.0010043
0.0010073
0.0010041
0.0010064
0.0010131
0.0010058
0.0010121
0.0010053
0.0010114
0.001005
0.001011
0.0010048
0.001011
0.0010071
0.0010033
0.0010066
0.0010031
0.0010058
0.0010029
0.001005
0.0010112
0.0010041
0.0010093
0.0010032
0.0010073
