8.6898
0.16126
0.08232
0.037637
0.13875
0.11994
0.050567
0.0094089
0.064677
0.059976
0.027642
0.002403
0.031162
0.029995
0.014709
0.0005803
0.015139
0.014983
0.007474
0.00050126
0.0075095
0.0074954
0.0037811
0.00050072
0.003748
0.0037474
0.0019395
0.0005001
0.001062
0.0010621
0.00053272
0.0002502
0.00034213
0.00034211
0.000276
0.00025015
0.00025687
0.00025729
0.00025202
0.0002502
0.0002506
0.00025062
0.00025031
0.00025021
0.00025025
0.00025028
0.00025024
0.00025024
0.00025027
0.00025026
0.00025026
0.00025029
0.00025028
0.00025028
0.00025031
0.0002503
0.00025031
0.00025034
0.00025032
0.00025033
0.00025036
0.00025034
0.00025038
0.00025036
0.00025037
0.0002504
0.00025039
0.00025042
0.0002504
0.00025041
0.00025044
0.00025043
0.00025046
0.00025045
0.00025046
0.00025049
0.00025048
0.00025051
0.00025049
0.00025053
0.00025051
0.00025055
0.00025053
0.00025054
0.00025058
0.00025056
0.00025059
0.00025058
0.00025062
0.0002506
0.00025063
0.00025062
0.00025064
0.00025058
0.00025059
0.00025056
0.00025057
0.00025053
0.00025055
0.00025053
0.0002505
0.00025051
0.00025047
0.00025049
