140.79
0.99754
0.60837
0.30618
0.23036
0.16175
0.2572
0.19569
0.25924
0.18635
0.1212
0.085618
0.047133
0.032735
0.020801
0.073851
0.066623
0.05829
0.048911
0.042109
0.033792
0.030745
0.037556
0.041005
0.041302
0.041982
0.039551
0.037896
0.057064
0.0453
0.029882
0.017937
0.0092761
0.0038099
0.0028257
0.001753
0.00054037
0.00077835
0.0004846
3.9084e-05
4.6115e-05
3.5596e-05
0.00033401
0.00017879
3.9248e-05
2.7108e-05
2.7438e-05
1.9102e-05
7.9771e-06
7.1988e-05
1.6005e-05
1.0675e-05
8.4558e-06
9.2599e-06
7.6137e-06
6.9153e-06
8.2929e-06
7.7319e-06
2.5784e-05
9.6359e-06
8.468e-06
8.3177e-06
9.8225e-06
7.1597e-06
8.2918e-06
1.6144e-05
8.0657e-06
7.3087e-06
1.2623e-05
9.2039e-06
7.5247e-06
9.5176e-06
1.2478e-05
8.7243e-06
9.133e-06
9.568e-06
1.7986e-05
7.6229e-06
9.8474e-06
9.0833e-06
1.638e-05
8.3901e-06
8.2249e-06
9.7812e-06
1.0082e-05
8.5669e-06
2.2732e-05
7.9836e-06
2.1925e-05
9.2937e-06
2.1385e-05
8.3886e-06
9.739e-06
1.0059e-05
2.7598e-05
7.5935e-06
9.7078e-06
1.6938e-05
7.3973e-06
9.8753e-06
9.1569e-06
1.6454e-05
8.4885e-06
1.1175e-05
7.708e-06
9.9611e-06
8.5998e-06
8.8435e-06
8.0987e-06
7.4799e-06
8.7816e-06
9.1029e-06
7.4852e-06
7.9946e-06
1.0137e-05
2.7654e-05
7.6831e-06
2.1089e-05
6.9181e-06
7.4165e-06
1.1442e-05
9.2253e-06
7.0831e-06
1.3582e-05
1.0678e-05
7.8438e-06
9.3427e-06
8.2867e-06
1.2101e-05
9.0391e-06
2.4567e-05
1.0164e-05
1.7369e-05
1.0009e-05
1.0893e-05
1.2827e-05
1.1392e-05
9.9161e-06
1.1778e-05
1.3172e-05
1.0334e-05
1.0234e-05
2.6179e-05
3.6871e-05
3.4591e-05
2.9181e-05
3.146e-05
2.8695e-05
2.1049e-05
3.203e-05
