139.52
3.1286
3.0487
3.0438
1.5521
1.5526
1.5529
1.553
1.5529
0.0044143
0.0052738
0.019664
0.063956
0.18108
0.48109
0.64124
0.48693
0.25178
0.18476
0.096425
0.011201
0.011373
0.0094733
0.0072801
0.005369
0.0040113
0.0028771
0.0020839
0.0015231
0.0011094
0.00081435
0.00062899
0.00048499
0.00083026
0.00082455
0.00071491
0.00064273
0.00060899
0.00058874
0.00059222
0.00058657
0.0005803
0.00056977
0.00056193
0.00056378
0.00055247
0.00054099
0.00053024
0.00052464
0.00051485
0.0005217
0.00050053
0.00049326
0.00049126
0.00048301
0.00046941
0.00047227
0.00090011
0.0025564
0.0013717
0.00043532
0.00061621
0.00040593
0.00017385
8.8683e-05
8.5336e-05
8.4598e-05
0.00016568
0.00017065
0.00016252
6.3887e-05
6.3882e-05
6.3901e-05
6.3876e-05
6.3865e-05
6.386e-05
6.3918e-05
6.3924e-05
6.3932e-05
6.3936e-05
6.3939e-05
6.394e-05
6.3941e-05
6.3941e-05
6.3941e-05
6.3941e-05
6.3941e-05
6.3941e-05
6.3941e-05
6.3941e-05
6.3941e-05
6.3941e-05
6.3941e-05
6.3941e-05
6.3941e-05
6.3941e-05
6.3941e-05
6.3941e-05
6.3941e-05
6.3941e-05
