562.84
1.9623
0.86025
0.676
0.54366
0.41737
0.33349
0.27799
0.25854
0.22977
0.16952
0.13673
0.12066
0.11082
0.10614
0.080888
0.066381
0.05891
0.054922
0.052747
0.051569
0.039711
0.032773
0.029252
0.027344
0.026311
0.025753
0.025452
0.019685
0.016278
0.014564
0.013639
0.013138
0.012871
0.012728
0.012644
0.0098058
0.0081089
0.0072653
0.00681
0.0065637
0.0064306
0.0063593
0.0063204
0.0063
0.0048901
0.0066355
0.0059294
0.0060928
0.0061798
0.0062241
0.0062476
0.0062602
0.0048703
0.0066123
0.0059229
0.0060892
0.0061775
0.0062231
0.0062472
0.0062599
0.0048704
0.0066133
0.0059237
0.006089
0.0061762
0.0062224
0.0062475
0.0062604
0.0048703
0.0066123
0.0059228
0.00609
0.0061763
0.0062228
0.0062474
0.0062603
0.0048704
0.0066134
0.0059235
0.0060891
0.0061762
0.0062227
0.0062471
0.0062606
0.0048709
0.0066131
0.0059228
0.0060891
0.0061763
0.0062233
0.006247
0.0062605
0.0048705
0.0066129
0.0059228
0.0060892
0.0061764
0.0062234
0.0062474
0.0062601
0.0048702
0.0066122
0.0059237
0.0060894
0.0061763
0.0062224
0.006247
0.0062602
0.0048703
0.0066132
0.0043515
0.0043796
0.001979
0.0017033
0.0015644
0.0014937
0.0014571
0.001439
0.0014285
0.0014221
0.0011216
0.00091011
0.00080953
0.00076062
0.00073553
0.00072263
0.0007161
0.00071192
0.00071037
0.00056001
0.00075833
0.00066707
0.0006871
0.00069833
0.00070281
0.00070492
0.00070624
0.00070773
0.00070801
0.00070761
0.0005586
0.00075666
0.00066987
0.00068659
0.00069591
0.00070257
0.00070564
0.00055752
0.00075592
