0.041481
0.0035791
0.0029109
0.0022486
0.0034202
0.0036262
0.0034205
0.0034204
0.0034203
0.0034203
0.0034202
0.0034202
0.0034202
0.0034202
0.0042177
0.0037071
0.0034202
0.0034202
0.0034202
0.0034202
0.0034202
0.0034202
0.0034202
0.0034202
0.0034202
0.0034202
0.0034202
0.0034202
0.0034202
0.0034202
0.0034201
0.0034201
0.0034201
0.0034201
0.0034201
0.0034201
0.0034198
0.0034198
0.0034198
0.0034198
0.0034198
0.0034198
0.0034198
0.0034193
0.0034193
0.0034193
0.0034193
0.0034193
0.0034193
0.0034193
0.0034193
0.0034183
0.0034193
0.0034193
0.0034184
0.0034189
0.0034189
0.0034183
0.0034179
0.0034179
0.0034179
0.0034179
0.0034179
0.0034179
0.0034179
0.0034177
0.0034177
0.0034177
0.0034177
0.0034171
0.0034171
0.0034171
0.0034171
0.0034171
0.0034171
0.0034171
0.0034171
0.0034171
0.0034171
0.0034171
0.0034165
0.0034165
0.0034165
0.0034165
0.0034165
0.0034165
0.0034165
0.0034165
0.0034165
0.0034165
0.0034165
0.0034165
0.0034158
0.0034158
0.0034158
0.0034158
0.0034158
0.0034158
0.0034158
0.0034158
0.0034158
0.0034158
0.0034158
0.0034158
