139.16
2.4247
1.5785
1.35
1.0822
1.0246
0.74239
0.51357
0.53585
0.60798
1.3057
1.049
0.86881
0.78461
0.93726
0.9494
0.72993
0.41837
0.19734
0.088599
0.039284
0.026471
0.029273
0.020701
0.014635
0.0071738
0.0050714
0.0057972
0.0063048
0.0065875
0.013471
0.010699
0.0086914
0.0077588
0.0073168
0.0071036
0.013991
0.011028
0.0088452
0.0078311
0.0073497
0.0071201
0.0070076
0.013901
0.010974
0.0088236
0.0078225
0.0073476
0.007118
0.0070057
0.00695
0.013856
0.006243
0.0061029
0.0064874
0.0034824
0.001268
0.00083307
0.00055695
0.00040356
0.00041784
0.00047131
0.00050555
0.00052421
0.00053394
0.0010783
0.00086315
0.00070909
0.00063772
0.00060053
0.00044773
0.00025774
0.00019006
0.00017764
0.00020173
0.00017412
0.0001989
0.00017441
0.00019575
0.00017333
0.00019215
0.00018783
0.00016775
0.00018315
0.0001812
0.00016666
0.00017886
0.00021171
0.00017618
0.000207
0.00017381
0.00020249
0.00017174
0.00019821
0.00017006
0.00019422
0.00016871
0.00019044
0.0001677
0.00018691
0.00016701
0.00018362
0.00016667
0.00018059
