556.56
5.6029
2.0528
1.6064
0.83338
0.14328
0.80482
1.0718
1.216
1.309
1.0656
0.8688
0.78461
0.74458
0.33204
0.20238
0.14979
0.098661
0.0443
0.019645
0.013236
0.014636
0.013219
0.0034684
0.003589
0.0031429
0.0028979
0.0031553
0.003296
0.0033684
0.0026873
0.0021732
0.0019386
0.0018281
0.0017747
0.0017491
0.0013747
0.0011059
0.00097846
0.00091883
0.00088953
0.00087546
0.00086851
0.00068489
0.00055141
0.00048874
0.0004593
0.00044498
0.00043796
0.00043448
0.0004326
0.00034212
0.00046443
0.00040504
0.00030508
0.00032652
0.00010575
4.5493e-05
8.002e-05
0.00010704
0.00011938
0.00012787
0.00013248
0.00013486
0.00013607
0.00010846
8.8904e-05
8.0065e-05
7.669e-05
5.3745e-05
3.6789e-05
2.838e-05
2.6942e-05
2.6581e-05
2.6659e-05
2.6715e-05
2.6733e-05
2.6818e-05
2.6836e-05
2.6818e-05
2.8028e-05
2.6586e-05
2.6368e-05
2.7801e-05
2.6527e-05
2.6353e-05
2.6354e-05
2.6364e-05
2.6354e-05
2.6364e-05
2.6354e-05
2.6364e-05
2.6357e-05
2.6368e-05
2.6357e-05
2.6368e-05
2.6357e-05
2.6368e-05
2.6356e-05
2.6368e-05
2.6356e-05
2.6368e-05
2.6356e-05
2.7804e-05
