4.1129e-05
0.00038089
0.00038053
0.00038055
0.00038055
0.00038052
0.0003805
0.00038051
0.00038051
0.00038051
0.00038052
0.00038055
0.00038058
0.00038061
0.00038062
0.00038062
0.00038062
0.00038062
0.00038061
0.00038062
0.0003806
0.00038058
0.00038058
0.00038057
0.00038057
0.00038057
0.00038054
0.0003805
0.00038047
0.00038042
0.00038041
0.00038039
0.00038039
0.00038039
0.00038039
0.00038039
0.00038039
0.00038039
0.00038039
0.00038039
0.00038039
0.00038039
0.00038039
0.00038039
0.00038039
0.00038039
0.00038039
0.00038039
0.00038039
0.00038037
0.00038034
0.00038031
0.00038031
0.00038031
0.00038031
0.00038031
0.00038031
0.00038031
0.00038031
0.00038031
0.00038031
0.00038031
0.00038031
0.00038031
0.00038031
0.00038031
0.00038031
0.00038031
0.00038031
0.00038031
0.00038031
0.00038031
0.00038031
0.00038031
0.00038031
0.00038031
0.00038031
0.00038031
0.00038031
0.00038031
0.00038031
0.00038031
0.00038031
0.00038031
0.00038031
0.00038031
0.00038031
0.00038031
0.00038031
0.00038031
0.00038031
0.00038031
0.00038031
0.00038031
0.00038031
0.00038031
0.00038031
0.00038031
0.00038031
0.00038031
0.00038031
0.00038031
0.00038031
0.00038031
0.00038031
0.00038031
0.00038031
0.00038031
0.00038031
0.00038031
0.00038031
0.00038031
0.00038031
0.00038031
0.00038031
0.00038031
0.00038031
0.00038031
0.00038031
0.00038031
0.00038031
0.00038031
0.00038031
0.00038031
0.00038031
0.00038031
0.00038031
0.00038031
0.00038031
0.00038031
0.00038031
0.00038031
0.00038031
0.00038031
0.00038031
0.00038031
0.00038031
0.00038031
0.00038031
0.00038031
0.00038031
0.00038031
0.00038031
0.00038031
0.00038031
0.00038031
0.00038031
0.00038031
0.00038031
0.00038031
