8.829
0.033197
0.00069832
0.00068814
3.9107e-06
0.001103
0.0082831
0.0077351
0.0035921
0.00027861
0.0060121
0.0038475
0.0033196
8.7918e-05
0.001956
0.0034084
0.00093912
2.8116e-05
0.00093453
0.019482
0.0098479
0.00022472
0.010053
0.0049583
0.00046331
0.0026717
0.0002171
0.00021552
0.00020978
0.0073562
0.00010267
0.00017166
0.00017158
0.00017152
0.00017144
0.00017131
0.012381
0.0062626
0.0031473
0.0016179
3.3758e-05
0.0016163
0.00076683
2.5583e-05
2.5451e-05
0.00048341
3.074e-05
0.00025682
0.00020002
5.0607e-05
5.8997e-05
5.1241e-05
1.5537e-05
1.5602e-05
7.5633e-06
7.5613e-06
7.5613e-06
1.6031e-05
6.5842e-06
7.5527e-06
7.5527e-06
1.6027e-05
6.6014e-06
7.5342e-06
7.5269e-06
7.5301e-06
7.5269e-06
7.5256e-06
1.6015e-05
6.6171e-06
6.61e-06
7.5461e-06
7.5441e-06
6.5928e-06
6.5913e-06
6.5888e-06
2.5069e-05
6.5421e-06
6.5398e-06
6.5327e-06
6.5363e-06
7.6349e-06
7.6245e-06
7.6215e-06
7.6215e-06
1.606e-05
6.5241e-06
7.6129e-06
7.6129e-06
1.6055e-05
6.5413e-06
7.5944e-06
7.5871e-06
7.5902e-06
7.5871e-06
7.5858e-06
1.6044e-05
6.5569e-06
6.5499e-06
7.5996e-06
7.5957e-06
7.5957e-06
1.6047e-05
6.5585e-06
6.5569e-06
6.5499e-06
6.5535e-06
6.525e-06
6.5226e-06
6.5155e-06
2.1767e-05
1.557e-05
3.5898e-05
3.5871e-05
2.1703e-05
7.5449e-06
7.5441e-06
1.6023e-05
7.5309e-06
1.6011e-05
6.6358e-06
6.6343e-06
6.6272e-06
6.6307e-06
1.5606e-05
7.5481e-06
7.5441e-06
7.5441e-06
1.6023e-05
6.6014e-06
6.6014e-06
6.5974e-06
1.6035e-05
7.5527e-06
1.6027e-05
6.6014e-06
6.5999e-06
6.5928e-06
6.5964e-06
1.5591e-05
7.5824e-06
7.5785e-06
7.5785e-06
1.604e-05
6.5671e-06
7.5699e-06
6.5671e-06
6.5655e-06
6.5585e-06
6.5621e-06
