185.18
54.512
38.589
27.037
20.631
7.3688
16.75
12.402
6.9661
2.8028
0.76748
0.60012
1.0461
1.3105
1.2276
0.92622
0.61256
0.39741
0.29185
0.25778
0.25157
0.24792
0.23948
0.22812
0.22255
0.21899
0.21814
0.21924
0.21547
0.21357
0.21258
0.21204
0.21221
0.21264
0.213
0.21486
0.21693
0.21909
0.22072
0.22335
0.22556
0.2292
0.2318
0.23571
0.23861
0.24246
0.24738
0.25117
0.2498
0.26062
0.26633
0.2718
0.27731
0.28289
0.28927
0.29493
0.30042
0.30487
0.31104
0.31564
0.32021
0.32509
0.32895
0.3329
0.33525
0.33828
0.34002
0.34365
0.34485
0.34637
0.34775
0.34881
0.34974
0.35048
0.35061
0.35144
0.35174
0.35214
0.35251
0.35343
0.35317
0.35364
0.35323
0.35389
0.35298
0.3528
0.35367
0.35352
0.35404
0.35426
0.3536
0.35412
0.35313
0.35363
0.35334
0.35398
0.35431
0.35356
0.35408
0.35311
0.35361
0.35404
0.35354
0.35399
0.35414
0.35424
0.3535
0.35391
0.35409
0.3541
0.35342
0.35406
0.35308
0.35365
0.35407
0.35426
0.35352
0.35393
0.3541
0.35421
0.35355
0.35399
0.35303
0.35362
0.35404
0.35354
0.35402
0.35417
0.35426
0.35352
0.35411
0.35312
0.35364
0.35408
0.3542
0.3535
0.35394
0.35416
0.35348
0.35392
0.35414
0.35422
0.35349
0.35397
0.35314
0.35365
0.35407
0.3542
0.35352
0.35383
0.35403
0.35419
0.35348
0.35409
0.35311
0.35364
0.35406
0.3542
0.35353
0.35396
0.35412
0.35409
0.35342
0.35405
0.3531
0.35365
0.35406
0.35356
0.35403
0.35421
0.35427
0.35351
0.35385
0.35405
0.35419
0.35347
0.35405
0.35308
0.35365
0.35406
0.35355
0.35404
0.35416
0.35422
0.35353
0.35399
0.35316
0.35366
0.35409
0.35355
0.35401
0.3542
0.35426
0.35351
0.35385
0.35406
0.35415
0.35347
0.35398
0.35315
