7.4081
55.376
34.031
21.474
14.669
12.288
9.6573
5.521
3.641
3.3023
2.4808
1.4233
1.0867
0.993
0.72136
0.42269
0.25454
0.18576
0.13035
0.08287
0.05659
0.042748
0.030593
0.01963
0.019066
0.019342
0.020843
0.022978
0.016199
0.0133
0.012132
0.011717
0.011813
0.011977
0.012031
0.012708
0.013182
0.013519
0.013502
0.013987
0.014121
0.014902
0.014933
0.015625
0.015616
0.016144
0.017021
0.017073
0.014737
0.019497
0.019638
0.019679
0.019841
0.020071
0.020687
0.020762
0.020837
0.020539
0.021258
0.021064
0.021071
0.021331
0.021181
0.021261
0.020841
0.020973
0.020707
0.021274
0.020901
0.020888
0.020906
0.020886
0.020891
0.020884
0.020761
0.020906
0.020857
0.02087
0.020887
0.021062
0.020897
0.020997
0.020843
0.021017
0.020776
0.020764
0.020998
0.020899
0.021027
0.021034
0.020836
0.021001
0.02076
0.02092
0.020845
0.021004
0.021041
0.020838
0.020994
0.020768
0.020932
0.021017
0.020856
0.020984
0.02099
0.020996
0.020809
0.020946
0.020982
0.020961
0.0208
0.021001
0.02076
0.020937
0.021011
0.021012
0.020825
0.020955
0.020984
0.020984
0.020818
0.02097
0.020753
0.020932
0.021009
0.020841
0.020986
0.020995
0.020991
0.020807
0.020991
0.020756
0.020924
0.021007
0.020991
0.020818
0.020957
0.020991
0.020813
0.020964
0.020992
0.020976
0.020802
0.020966
0.020765
0.02094
0.021007
0.021002
0.020829
0.020939
0.020975
0.02099
0.020814
0.020991
0.020774
0.020932
0.021015
0.021006
0.020828
0.020963
0.020987
0.020956
0.020807
0.020992
0.020765
0.020934
0.021005
0.020848
0.020995
0.02099
0.020983
0.020811
0.020927
0.020973
0.02098
0.020811
0.020991
0.020761
0.020937
0.021005
0.020844
0.020998
0.020988
0.020987
0.020812
0.020967
0.020773
0.020938
0.021011
0.020846
0.020991
0.020996
0.020992
0.020801
0.020926
0.020975
0.020978
0.020806
0.020979
0.020778
