35.17
0.10536
0.0054332
0.12716
0.01126
0.013835
0.013508
0.0094203
0.00012546
0.0088872
0.011928
0.0099795
0.011771
0.032573
0.027317
0.050597
0.056871
0.044074
0.040231
0.032182
0.020396
0.011275
0.049737
0.10012
0.031159
0.041936
0.035449
0.019308
0.0021113
0.1223
0.088749
0.097396
0.10489
0.10507
0.055094
0.0034045
0.066634
0.25917
0.15168
0.1846
0.20027
0.12492
0.16274
0.13056
0.11565
0.047794
0.15287
0.10388
0.1198
0.11111
0.050817
0.14529
0.094558
0.078208
0.041239
0.0028466
0.049295
0.1532
0.072309
0.090492
0.1122
0.10785
0.052991
0.14004
0.10563
0.10499
0.054902
0.0032081
0.066791
0.25919
0.15634
0.20268
0.23608
0.22072
0.26063
0.25084
0.21558
0.083266
0.21556
0.10177
0.11825
0.10588
0.054306
0.0018284
0.28403
0.1772
0.19455
0.15732
0.14711
0.11915
0.078813
0.10492
0.059145
0.071193
0.054776
0.025929
0.071379
0.052624
0.052412
0.061202
