140.72
1.3243
0.22871
0.45763
2.7475e-05
0.11441
0.22908
6.9655e-05
0.057283
0.42362
0.42332
0.0071783
0.17821
0.090086
0.022031
0.06707
1.1655e-06
0.033535
3.9726e-06
0.016758
0.0083776
0.0041909
0.0062895
0.21182
0.10899
0.051407
0.0054753
0.025651
0.012827
0.0064117
1.3927e-06
0.072507
0.036255
0.018128
0.009064
0.015783
0.024786
0.0016967
0.013236
0.005772
0.0037318
0.0047522
0.00050978
0.0021211
0.0013155
0.00040298
0.00085929
0.00022805
0.00031621
0.00054778
1.2924e-05
0.00028536
0.00013637
7.4849e-05
0.00010575
1.5746e-05
4.4577e-05
2.9938e-05
0.016654
0.0082925
0.0041807
0.0062369
0.0010284
0.0026039
0.0018168
0.00039295
0.0011043
0.00035555
0.00037483
0.00072805
7.9774e-07
0.00036633
0.0083264
0.004346
0.0019898
0.0031679
0.00058919
0.0012895
0.00093935
0.00017445
0.0005571
0.00019093
0.00018301
0.00037137
2.5424e-06
0.00018496
9.3146e-05
4.604e-05
6.9967e-05
1.1875e-05
2.9255e-05
2.0176e-05
4.4664e-06
1.2834e-05
4.2416e-06
4.3721e-06
1.2162e-05
2.6316e-06
6.8135e-06
4.2502e-06
3.1305e-06
3.6447e-06
2.6227e-06
3.0061e-06
2.6873e-06
2.607e-06
4.1702e-06
3.5815e-06
3.213e-06
2.6327e-06
2.7349e-06
5.9972e-06
3.6826e-06
2.7328e-06
6.1117e-06
3.642e-06
2.7696e-06
6.27e-06
3.584e-06
2.7778e-06
0.0043595
2.5312e-05
5.0305e-05
1.3059e-05
6.6641e-06
4.3944e-06
3.3981e-06
2.7947e-06
2.6565e-06
2.648e-06
4.7045e-06
3.5957e-06
2.6495e-06
2.7423e-06
3.6266e-06
5.8255e-07
1.1946e-06
5.8321e-07
5.5418e-07
5.6655e-07
6.1677e-07
6.2436e-07
5.7093e-07
5.5754e-07
5.8693e-07
0.0022508
0.0011213
9.3673e-06
9.2868e-06
5.528e-06
