1.3408
0.14515
0.046799
0.058391
0.075973
0.051787
0.053096
0.05022
0.048781
0.040528
0.029994
0.020833
0.010852
0.0061248
0.0018865
0.001055
0.001954
0.0053323
0.0095555
0.013635
0.004658
0.017616
0.019183
0.0069997
0.016829
0.016096
0.0057504
0.014291
0.015032
0.0055854
0.014804
0.014961
0.0051455
0.014609
0.015131
0.0049245
0.014789
0.015152
0.0047878
0.014722
0.015141
0.0046798
0.014752
0.015057
0.0045728
0.014779
0.015029
0.0045107
0.014714
0.014988
0.0044424
0.014693
0.014954
0.0043748
0.014723
0.014926
0.0042957
0.014705
0.014842
0.0042462
0.014687
0.014816
0.0028096
0.014316
0.0074504
0.0031469
0.01466
0.014761
0.002774
0.014243
0.0073651
0.0029404
0.014166
0.007258
0.0027716
0.014124
0.0072441
0.0026958
0.014155
0.0072313
0.0026176
0.014139
0.0072236
0.0025543
0.014125
0.0072138
0.0024915
0.014059
0.0072048
0.0024362
0.014351
0.0072763
0.002389
0.014531
0.0074321
0.0022495
0.014212
0.0072913
0.0022616
0.014077
0.0072403
0.0022386
0.014005
0.0072296
0.002209
0.013995
0.007221
0.0015932
0.00704
0.0072184
0.0020402
0.0070311
0.0072159
0.0020005
0.0072624
0.0074197
0.00082321
0.014459
0.0074611
0.0010874
0.014475
0.0073336
0.0020496
0.01405
0.0072573
0.0019712
0.014038
0.0072803
0.0019707
0.01466
0.007544
0.00084059
0.014502
0.0075614
0.00093913
0.0145
0.0076367
0.00083965
0.014502
0.0076343
0.00083625
0.014502
0.0076344
0.00083654
0.014502
0.0074353
0.0019223
0.014077
0.0073896
0.0019649
0.014446
0.0074996
0.00079878
0.014432
0.0074848
0.00089246
0.014487
0.0075324
0.00089722
0.014437
0.0075324
0.00089739
0.014437
0.0075324
0.00089751
0.014437
0.0075324
0.0008969
0.014437
0.0075324
0.00089736
0.014437
0.0075324
0.00089749
0.014437
0.0075324
0.0020479
0.014012
0.0072653
0.0013289
0.0070194
0.0072465
0.001908
0.0070126
0.0072468
0.0018482
0.0070093
0.0072474
0.0018465
0.0070093
0.0072474
0.0018479
0.0072509
0.0074515
0.00060018
0.01441
0.0074861
0.00086317
0.014427
0.0075142
