141.14
0.56656
0.14165
0.07082
0.035416
0.017708
0.0088524
0.0044262
0.0022128
0.0011061
0.0021927
0.10268
0.02423
0.039231
0.031716
0.0037683
0.017733
0.0069904
0.0053726
0.012363
0.00020296
0.10382
0.051813
0.02601
0.038884
0.019465
2.2719e-06
0.0097315
0.0048652
0.0024329
0.0073026
0.085776
0.046529
0.019622
0.028521
0.048151
0.0011169
4.259e-06
0.00056473
0.00027688
0.00014533
0.00043229
3.4276e-05
0.00020119
0.00011841
3.5131e-05
7.5472e-05
2.3942e-05
2.7718e-05
2.2725e-05
3.8712e-06
1.5696e-05
6.6635e-06
3.0822e-06
0.00066629
0.00033769
0.00016331
0.00025071
4.369e-05
0.00039051
0.00020884
9.307e-05
0.00015453
3.2173e-05
5.4916e-05
0.00019144
6.6346e-05
0.00012784
4.9082e-06
7.3212e-05
5.626e-05
0.00013592
1.662e-06
6.9208e-05
3.172e-05
1.2989e-05
2.2177e-05
3.4283e-06
9.0553e-06
1.5669e-06
2.8971e-06
4.8592e-06
6.9359e-06
2.4027e-06
3.4341e-06
8.1342e-06
8.4417e-06
2.5862e-05
3.0688e-06
1.4746e-05
5.6745e-06
3.6675e-06
1.9488e-06
1.8002e-06
3.4322e-06
1.9404e-05
1.4487e-05
4.9216e-06
1.6756e-05
7.6378e-06
2.3088e-06
4.1502e-06
6.1819e-06
1.8615e-06
4.1822e-06
8.9606e-06
1.583e-06
2.9423e-06
4.8893e-06
6.9462e-06
2.3944e-06
3.4631e-06
8.1871e-06
6.1058e-06
3.6359e-06
5.641e-06
7.7148e-06
3.0393e-06
2.7808e-06
7.4165e-06
5.3488e-06
3.3627e-06
1.7611e-06
1.9979e-06
3.7387e-06
5.7498e-06
1.6517e-06
4.6013e-06
9.4017e-06
1.5398e-06
5.2406e-06
1.0066e-05
1.7089e-06
2.1578e-06
3.7759e-06
5.7374e-06
7.7688e-06
3.0488e-06
2.8073e-06
7.4897e-06
5.4619e-06
3.5067e-06
1.8694e-06
1.9341e-06
3.4117e-06
5.3063e-06
7.2917e-06
2.6063e-06
3.3031e-06
8.0953e-06
