0.041472
0.041485
0.041651
0.041649
0.041646
0.041643
0.04164
0.041637
0.041634
0.041631
0.041628
0.041625
0.041622
0.041619
0.041616
0.041613
0.04161
0.041607
0.041604
0.041601
0.041598
0.041595
0.041592
0.041589
0.041586
0.041583
0.04158
0.041577
0.041574
0.04157
0.041567
0.041564
0.041561
0.041558
0.041554
0.041551
0.041548
0.041545
0.041542
0.041538
0.041535
0.041532
0.041529
0.041526
0.041523
0.04152
0.041517
0.041514
0.041511
0.041508
0.041502
0.041496
0.041484
0.041472
0.041459
0.041447
0.041435
0.041423
0.041411
0.041399
0.041386
0.041374
0.041362
0.04135
0.041338
0.041326
0.041314
0.041301
0.041289
0.041277
0.041265
0.041253
0.041241
0.041228
0.041216
0.041192
0.041143
0.041095
0.040998
0.040804
0.040611
0.04042
0.040041
0.039664
0.039291
0.038923
0.038559
0.037843
0.037139
0.036449
0.035119
0.033837
0.0326
0.031411
0.030266
0.029161
0.028097
0.027072
0.026084
0.025132
0.024215
