139.41
2.161
0.58367
0.22092
0.65051
0.54024
0.215
0.055122
0.16262
0.13506
0.053755
0.013786
0.040656
0.033774
0.013451
0.0034777
0.010175
0.0084564
0.0033974
0.00099077
0.002586
0.0021678
0.00098145
0.00054439
0.00080898
0.00072861
0.00054312
0.0005028
0.0005236
0.00051677
0.00050267
0.00050012
0.00050142
0.00050092
0.00025069
0.00024995
0.0002501
0.00025009
0.00025055
0.00025014
0.00025015
0.00025018
0.00025016
0.00025017
0.0002502
0.00025018
0.00025019
0.00025022
0.00025021
0.00025085
0.00024988
0.00024987
0.0002499
0.00024989
0.00024989
0.0002499
0.0002499
0.0002499
0.0002499
0.00024989
0.00024989
0.00024989
0.00024989
0.00024988
0.00024988
0.00024987
0.00024988
0.00024988
0.00024987
0.00024987
0.00024987
0.00024987
0.00024986
0.00024987
0.00024987
0.00024986
0.00024985
0.00024986
0.00024986
0.00024986
0.00024595
0.00024595
0.000244
0.00024205
0.00023814
0.00023619
0.00023424
0.00023034
0.00022546
0.00022155
0.00021374
0.00020594
0.00019813
0.00019081
0.00018402
0.00017729
0.00017085
0.0001646
0.0001586
0.00015279
0.00014723
