1.1,1.1,-0.1,-0.0050003,3.1433,-0.00015717,8.982,-0.0049996,-0.0049996,-0.0050003,-0.0050003,-0.0050003,-0.0050003
1.096,1.1,-0.1,0.0033882,0.71584,0.0009347,5.7974,2.4325,0.0033889,-0.0049878,1.6216,0.002259,-0.0049878
1.1,1.1,-0.1,0.0015102,0.71328,0.002422,5.1619,2.3829,0.0014786,-0.0024744,0.81206,0.00019052,-0.0024744
1.0945,1.1,-0.1,0.0012689,1.2004,0.0023288,5.054,1.8958,0.0012373,-0.00032877,0.10832,-1.6921e-05,-0.00032877
1.0924,1.1,-0.1,0.0012039,1.4439,0.002263,5.018,0.20611,0.0031833,0.86676,-0.067609,-4.0954e-05,0.00020678
1.0952,1.0972,-0.1,0.01335,0.8075,-0.0036523,5.018,0.49051,0.009236,0.86571,0.21679,0.0060527,-0.0010486
1.0973,1.0951,-0.1,0.016431,0.4217,-0.0020989,5.018,0.34905,0.0061232,0.8596,0.2675,0.0045665,-0.0011576
1.0991,1.0933,-0.1,0.023223,-0.17932,-0.0050502,5.0108,0.63804,0.0091289,0.85863,0.55649,0.0075722,-0.0021274
1.0986,1.0938,-0.1,0.019911,-0.01466,0.0010137,5.018,0.065775,0.0029768,0.86025,0.085531,0.0014201,-0.00050873
0.99893,1.0931,-0.1,0.024881,-0.27342,-0.0018054,5.0108,0.18861,0.0058165,0.8598,0.36013,0.0056799,-0.0009643
1.0224,1.0183,-0.1,0.023628,-0.14055,0.0039962,5.0036,-0.032511,0.002559,0.86059,0.22771,0.004427,-0.00017455
1.0224,0.99228,-0.1,0.024418,-0.071222,0.0047892,5.0012,-0.0852,0.0024527,0.86077,0.15854,0.0052167,1.172e-05
1.0096,0.99205,-0.1,0.024364,-0.039323,0.0048585,5.0004,0.019438,0.0019781,0.86081,0.12664,0.0051635,6.3944e-05
1.0029,0.99216,-0.1,0.024351,0.023482,0.0048649,5.0001,0.13324,0.0017608,0.86088,0.084541,0.0053676,0.0001335
1.0027,0.99239,-0.1,0.024237,0.11143,0.0049653,5,0.20905,0.0016015,0.86096,-0.003408,0.0052531,0.00032981
0.99898,0.99611,-0.1,0.024219,0.23516,0.0047579,5,0.2016,0.0015742,0.86114,-0.12926,0.0052706,0.00051556
0.99913,0.99596,-0.1,0.024187,0.19855,0.0047994,5,0.2977,0.0015518,0.86085,-0.092647,0.0052384,0.00022408
0.99919,0.9959,-0.1,0.024184,0.17738,0.0048062,5,0.32459,0.0015541,0.86077,-0.071477,0.0052355,0.00014227
0.99377,0.99586,-0.1,0.024184,0.1668,0.0048089,5,0.32791,0.0015552,0.86075,-0.060894,0.0052351,0.00011011
0.99563,0.9904,-0.1,0.024268,0.16176,0.0050574,5,0.3189,0.0013933,0.86055,-0.055824,0.0053187,0.00010697
0.99596,0.98769,-0.1,0.024489,0.15187,0.0050012,5,0.3149,0.0015412,0.86028,-0.04592,0.0055397,8.7367e-05
0.99318,0.98891,-0.1,0.024384,0.14953,0.0050324,5,0.30102,0.0014512,0.85994,-0.043595,0.0054344,0.00010265
0.99254,0.98853,-0.1,0.02436,0.14622,0.0050792,5,0.29627,0.001463,0.86001,-0.040284,0.0054107,0.00010755
0.99212,0.98829,-0.1,0.024354,0.14517,0.0051001,5,0.29208,0.0014846,0.85998,-0.039228,0.0054045,0.00011317
0.9919,0.98813,-0.1,0.02435,0.14487,0.0051133,5,0.28906,0.0015009,0.85996,-0.038919,0.0054007,0.00011707
0.99169,0.98809,-0.1,0.024348,0.14462,0.0051182,5,0.28707,0.0015089,0.85994,-0.038671,0.0053982,0.0001164
0.9916,0.98803,-0.1,0.024348,0.14429,0.0051217,5,0.28649,0.0015126,0.85992,-0.038341,0.0053984,0.00011454
0.99151,0.98804,-0.1,0.024349,0.14445,0.0051199,5,0.28533,0.0015193,0.85994,-0.038497,0.0053997,0.00011593
0.99152,0.988,-0.1,0.024348,0.14418,0.0051237,5,0.28462,0.0015182,0.85992,-0.038226,0.0053987,0.00011577
0.9915,0.988,-0.1,0.024349,0.14377,0.005123,5,0.28384,0.0015161,0.85989,-0.037813,0.0053996,0.00011544
0.99149,0.988,-0.1,0.02435,0.14328,0.0051222,5,0.28351,0.0015125,0.85989,-0.037322,0.0054008,0.00011516
0.99149,0.98799,-0.1,0.024352,0.14302,0.0051206,5,0.28352,0.0015149,0.85989,-0.037066,0.0054029,0.00011536
0.99148,0.988,-0.1,0.024351,0.1431,0.0051217,5,0.28343,0.0015161,0.8599,-0.037147,0.0054015,0.00011602
0.99148,0.988,-0.1,0.02435,0.14325,0.0051228,5,0.28335,0.0015157,0.8599,-0.037298,0.0054006,0.00011644
0.99148,0.988,-0.1,0.02435,0.14336,0.0051229,5,0.2833,0.0015184,0.8599,-0.037401,0.0054009,0.00011657
0.99149,0.98799,-0.1,0.024349,0.14342,0.0051252,5,0.28306,0.0014915,0.8599,-0.037456,0.0053997,0.00011665
0.99148,0.988,-0.1,0.024359,0.14329,0.0051145,5,0.283,0.0014972,0.85989,-0.037331,0.0054102,0.00011595
0.99149,0.98799,-0.1,0.024358,0.14315,0.0051155,5,0.28304,0.0014991,0.85989,-0.037196,0.0054096,0.00011583
0.99148,0.988,-0.1,0.024355,0.14306,0.0051178,5,0.2831,0.0014984,0.85989,-0.037105,0.0054066,0.0001158
0.99148,0.988,-0.1,0.024356,0.14312,0.0051177,5,0.28304,0.0015024,0.85989,-0.037169,0.0054068,0.00011576
0.99148,0.988,-0.1,0.024354,0.14317,0.0051199,5,0.28301,0.0015027,0.85989,-0.037222,0.0054049,0.00011589
0.99149,0.98799,-0.1,0.024354,0.14321,0.0051209,5,0.28299,0.0015057,0.85989,-0.037262,0.0054048,0.00011594
0.99148,0.988,-0.1,0.024353,0.14321,0.0051214,5,0.28301,0.0015064,0.85989,-0.037253,0.005404,0.00011587
0.99148,0.988,-0.1,0.024354,0.14319,0.0051213,5,0.28302,0.0015098,0.85989,-0.037235,0.0054045,0.0001158
0.99148,0.988,-0.1,0.024352,0.14318,0.0051232,5,0.28303,0.0015094,0.85989,-0.037224,0.005403,0.00011581
0.99149,0.98799,-0.1,0.024353,0.14318,0.005123,5,0.28302,0.0015122,0.85989,-0.037224,0.0054038,0.00011579
0.99148,0.988,-0.1,0.024351,0.14318,0.0051237,5,0.28302,0.0015114,0.85989,-0.037221,0.0054026,0.00011581
0.99148,0.988,-0.1,0.024352,0.14318,0.0051231,5,0.28302,0.0015139,0.85989,-0.037221,0.0054036,0.00011579
0.99148,0.988,-0.1,0.024351,0.14318,0.0051244,5,0.28302,0.0015172,0.85989,-0.037222,0.0054028,0.00011581
0.99149,0.98799,-0.1,0.024349,0.14318,0.0051264,5,0.28302,0.0015178,0.85989,-0.037224,0.0054013,0.00011583
0.99148,0.988,-0.1,0.02435,0.14318,0.0051258,5,0.28302,0.0015213,0.85989,-0.037225,0.0054014,0.00011581
0.99148,0.988,-0.1,0.024348,0.14318,0.0051278,5,0.28293,0.0015054,0.85989,-0.037226,0.0053998,0.00011583
0.99148,0.988,-0.1,0.024357,0.14314,0.0051198,5,0.28289,0.0015131,0.85989,-0.037182,0.0054082,0.00011562
0.99149,0.98799,-0.1,0.024353,0.1431,0.0051238,5,0.28289,0.0015103,0.85989,-0.037137,0.0054049,0.00011569
0.99148,0.988,-0.1,0.024353,0.14309,0.0051235,5,0.28289,0.0015125,0.85989,-0.037124,0.0054047,0.00011573
0.99148,0.988,-0.1,0.024351,0.1431,0.0051251,5,0.28289,0.0015119,0.85989,-0.037131,0.0054035,0.00011579
0.99149,0.98799,-0.1,0.024352,0.14311,0.0051247,5,0.28288,0.0015145,0.85989,-0.037145,0.0054045,0.0001158
0.99148,0.988,-0.1,0.024351,0.14312,0.0051253,5,0.28287,0.0015175,0.85989,-0.037154,0.0054034,0.00011583
0.99148,0.988,-0.1,0.024349,0.14312,0.0051271,5,0.28288,0.0015187,0.85989,-0.03715,0.0054018,0.00011584
0.99148,0.988,-0.1,0.024348,0.14312,0.0051276,5,0.28288,0.0015229,0.85989,-0.037149,0.0054017,0.00011582
0.99149,0.98799,-0.1,0.024347,0.14312,0.005129,5,0.28288,0.001524,0.85989,-0.037147,0.0054008,0.00011582
0.99148,0.988,-0.1,0.024346,0.14312,0.0051287,5,0.28288,0.0015268,0.85989,-0.037146,0.0054005,0.00011581
0.99148,0.988,-0.1,0.024345,0.14312,0.0051295,5,0.28288,0.0015272,0.85989,-0.037145,0.0053998,0.00011581
0.99148,0.988,-0.1,0.024345,0.14312,0.0051295,5,0.28288,0.0015307,0.85989,-0.037144,0.0054002,0.0001158
0.99149,0.98799,-0.1,0.024343,0.14312,0.0051312,5,0.28288,0.0015305,0.85989,-0.037143,0.0053991,0.00011582
0.99148,0.988,-0.1,0.024344,0.14312,0.0051301,5,0.28288,0.0015327,0.85989,-0.037144,0.0053996,0.0001158
0.99148,0.988,-0.1,0.024343,0.14312,0.0051313,5,0.28289,0.0015317,0.85989,-0.037144,0.0053986,0.00011582
0.99148,0.988,-0.1,0.024344,0.14312,0.005131,5,0.28289,0.0015338,0.85989,-0.03715,0.0053993,0.00011581
0.99149,0.98799,-0.1,0.024344,0.14312,0.0051323,5,0.28289,0.001537,0.85989,-0.037156,0.0053985,0.00011583
0.99148,0.988,-0.1,0.024342,0.14312,0.0051338,5,0.28289,0.001538,0.85989,-0.037161,0.0053963,0.00011585
0.99148,0.988,-0.1,0.024341,0.14312,0.0051343,5,0.28288,0.0015412,0.85989,-0.037163,0.005396,0.00011583
0.99148,0.988,-0.1,0.02434,0.14312,0.0051351,5,0.28288,0.0015423,0.85989,-0.037158,0.0053954,0.00011582
0.99148,0.988,-0.1,0.02434,0.14312,0.0051354,5,0.28288,0.0015449,0.85989,-0.037151,0.0053955,0.00011579
0.99149,0.98799,-0.1,0.02434,0.14311,0.0051366,5,0.2829,0.0015451,0.85989,-0.037144,0.0053949,0.0001158
0.99148,0.988,-0.1,0.02434,0.14312,0.0051364,5,0.28289,0.0015474,0.85989,-0.037154,0.0053946,0.00011582
0.99148,0.988,-0.1,0.024339,0.14313,0.0051385,5,0.28289,0.0015466,0.85989,-0.037159,0.0053929,0.00011586
0.99149,0.98799,-0.1,0.02434,0.14313,0.0051383,5,0.28289,0.0015496,0.85989,-0.037158,0.0053937,0.00011581
0.99148,0.988,-0.1,0.02434,0.14313,0.0051384,5,0.28289,0.0015529,0.85989,-0.037154,0.0053931,0.00011581
0.99148,0.988,-0.1,0.024338,0.14313,0.0051406,5,0.28288,0.0015531,0.85989,-0.037149,0.0053912,0.00011583
0.99148,0.988,-0.1,0.024339,0.14312,0.0051408,5,0.28289,0.0015568,0.85989,-0.03714,0.0053914,0.0001158
0.99149,0.98799,-0.1,0.024337,0.14312,0.0051428,5,0.28288,0.0015564,0.85989,-0.037142,0.0053899,0.00011582
0.99148,0.988,-0.1,0.024338,0.14312,0.0051415,5,0.28289,0.0015601,0.85989,-0.037142,0.0053905,0.0001158
0.99148,0.988,-0.1,0.024336,0.14312,0.0051432,5,0.28289,0.0015597,0.85989,-0.037147,0.0053889,0.00011583
0.99148,0.988,-0.1,0.024337,0.14312,0.0051429,5,0.28289,0.0015623,0.85989,-0.037153,0.0053894,0.00011582
0.99148,0.988,-0.1,0.024336,0.14312,0.0051442,5,0.28289,0.0015657,0.85989,-0.037159,0.0053885,0.00011583
0.99149,0.98799,-0.1,0.024335,0.14312,0.005146,5,0.28289,0.0015667,0.85989,-0.037162,0.0053871,0.00011584
0.99148,0.988,-0.1,0.024334,0.14312,0.0051459,5,0.28289,0.0015706,0.85989,-0.037162,0.0053866,0.00011583
0.99148,0.988,-0.1,0.024333,0.14312,0.0051473,5,0.28289,0.0015715,0.85989,-0.037161,0.0053853,0.00011583
0.99148,0.988,-0.1,0.024332,0.14312,0.0051477,5,0.28289,0.0015745,0.85989,-0.03716,0.0053852,0.00011582
0.99148,0.988,-0.1,0.024332,0.14312,0.0051484,5,0.28282,0.0015444,0.85989,-0.037157,0.0053848,0.00011581
0.99149,0.98799,-0.1,0.024347,0.14308,0.0051337,5,0.28277,0.0015439,0.85989,-0.03712,0.0054001,0.00011552
0.99148,0.988,-0.1,0.024348,0.14304,0.0051325,5,0.28273,0.0015364,0.85989,-0.037078,0.0054007,0.00011559
0.99148,0.988,-0.1,0.02435,0.14298,0.005131,5,0.28273,0.0015362,0.85989,-0.037015,0.0054025,0.00011549
0.99148,0.988,-0.1,0.024348,0.14298,0.0051343,5,0.28267,0.0015351,0.85989,-0.037013,0.0053997,0.00011569
0.99149,0.98799,-0.1,0.024346,0.14298,0.0051365,5,0.28264,0.0015327,0.85989,-0.037013,0.0053982,0.00011577
0.99148,0.988,-0.1,0.024347,0.14298,0.0051349,5,0.28262,0.0015336,0.85989,-0.037013,0.0053993,0.00011576
0.99148,0.988,-0.1,0.024347,0.14298,0.0051352,5,0.28261,0.0015298,0.85989,-0.037011,0.0053993,0.00011578
0.99149,0.988,-0.1,0.024349,0.14298,0.0051338,5,0.2826,0.0015272,0.85989,-0.037008,0.0054012,0.00011576
0.99148,0.988,-0.1,0.02435,0.14298,0.0051327,5,0.28259,0.0015187,0.85989,-0.037002,0.0054024,0.00011575
0.99149,0.98799,-0.1,0.024354,0.14297,0.0051292,5,0.28258,0.0015105,0.85989,-0.036994,0.0054065,0.0001156
0.99148,0.988,-0.1,0.024357,0.14297,0.0051252,5,0.28257,0.0014962,0.85989,-0.036988,0.0054101,0.00011549
0.99148,0.988,-0.1,0.024364,0.14296,0.0051193,5,0.28256,0.0014826,0.85989,-0.036981,0.0054164,0.00011544
0.99149,0.988,-0.1,0.024369,0.14296,0.0051148,5,0.28255,0.0014629,0.85989,-0.036977,0.0054214,0.00011544
0.99149,0.98799,-0.1,0.024382,0.14295,0.0051013,5,0.28255,0.001451,0.85989,-0.036966,0.0054352,0.00011499
0.99148,0.988,-0.1,0.024383,0.14294,0.0051001,5,0.28255,0.0014224,0.85989,-0.036965,0.0054361,0.00011518
0.99148,0.988,-0.1,0.024391,0.14295,0.0050925,5,0.28255,0.0014009,0.85989,-0.036974,0.0054442,0.00011518
0.99149,0.98799,-0.1,0.024399,0.14295,0.0050854,5,0.28255,0.001372,0.85989,-0.036981,0.005452,0.00011518
0.99148,0.988,-0.1,0.02441,0.14296,0.0050745,5,0.28254,0.0013461,0.85989,-0.036987,0.0054628,0.00011514
0.99149,0.98799,-0.1,0.024419,0.14295,0.0050661,5,0.28255,0.0013165,0.85989,-0.036982,0.005472,0.00011512
0.99148,0.988,-0.1,0.02443,0.14295,0.0050556,5,0.28255,0.001289,0.85989,-0.036984,0.0054824,0.00011481
0.99149,0.98798,-0.1,0.024439,0.14295,0.0050473,5,0.28255,0.0012582,0.85989,-0.036985,0.0054915,0.00011482
0.99148,0.98799,-0.1,0.02445,0.14295,0.0050361,5,0.28255,0.0012311,0.85989,-0.036986,0.005502,0.0001145
0.99148,0.98799,-0.1,0.024468,0.14295,0.0050183,5,0.28255,0.001209,0.85989,-0.036988,0.0055199,0.00011394
0.99148,0.98799,-0.1,0.024464,0.14295,0.005022,5,0.28255,0.0011673,0.85989,-0.036988,0.0055163,0.00011405
0.99148,0.98799,-0.1,0.024479,0.14295,0.0050078,5,0.28255,0.0011412,0.85989,-0.036987,0.0055306,0.00011391
0.99148,0.98799,-0.1,0.024489,0.14295,0.0049978,5,0.28255,0.001114,0.85989,-0.036987,0.0055408,0.0001136
0.99149,0.98798,-0.1,0.024499,0.14295,0.0049892,5,0.28255,0.0010834,0.85989,-0.036987,0.0055499,0.00011331
0.99148,0.98799,-0.1,0.024509,0.14295,0.0049788,5,0.28255,0.0010519,0.85989,-0.036986,0.0055596,0.000113
0.99148,0.98799,-0.1,0.02452,0.14295,0.004968,5,0.28255,0.001024,0.85989,-0.036985,0.0055705,0.00011269
0.99148,0.98799,-0.1,0.024529,0.14295,0.0049592,5,0.28255,0.0010234,0.85989,-0.036984,0.0055796,0.0001127
0.99148,0.98799,-0.1,0.024523,0.14295,0.0049654,5,0.28254,0.001015,0.85989,-0.036984,0.0055738,0.00011266
0.99149,0.98798,-0.1,0.024523,0.14295,0.0049657,5,0.28253,0.0010145,0.85989,-0.03698,0.0055741,0.00011267
0.99148,0.98799,-0.1,0.024522,0.14295,0.0049656,5,0.28252,0.0010139,0.85989,-0.03697,0.0055737,0.00011268
0.99148,0.98799,-0.1,0.024522,0.14294,0.0049656,5,0.28251,0.001014,0.85989,-0.036957,0.0055741,0.00011266
0.99148,0.98799,-0.1,0.024522,0.14293,0.0049659,5,0.28253,0.0010139,0.85989,-0.036947,0.0055742,0.00011266
0.99149,0.98798,-0.1,0.024522,0.14294,0.0049664,5,0.28254,0.0010139,0.85989,-0.036957,0.0055744,0.00011269
0.99148,0.98799,-0.1,0.024522,0.14296,0.0049659,5,0.28256,0.0010139,0.85989,-0.036971,0.0055745,0.00011272
0.99148,0.98799,-0.1,0.024522,0.14297,0.0049663,5,0.28258,0.0010138,0.85989,-0.036986,0.0055745,0.00011273
0.99149,0.98798,-0.1,0.024522,0.14298,0.0049667,5,0.28258,0.0010139,0.85989,-0.037001,0.0055748,0.00011273
0.99148,0.98799,-0.1,0.024522,0.14299,0.0049663,5,0.28258,0.0010013,0.85989,-0.037006,0.0055748,0.00011273
0.99148,0.98799,-0.1,0.024528,0.14298,0.0049604,5,0.28258,0.0010044,0.85989,-0.037,0.0055811,0.00011261
0.99149,0.98799,-0.1,0.024527,0.14298,0.0049622,5,0.28257,0.0010022,0.85989,-0.036994,0.0055799,0.00011266
0.99148,0.98799,-0.1,0.024526,0.14297,0.0049628,5,0.28257,0.0010015,0.85989,-0.036982,0.0055794,0.00011267
0.99149,0.98798,-0.1,0.024526,0.14297,0.004963,5,0.28256,0.00099689,0.85989,-0.036977,0.0055797,0.00011267
0.99148,0.98799,-0.1,0.024528,0.14296,0.0049603,5,0.28255,0.00099791,0.85989,-0.036977,0.0055807,0.00011264
0.99148,0.98799,-0.1,0.024528,0.14295,0.0049604,5,0.28255,0.0009974,0.85989,-0.036971,0.005581,0.00011266
0.99149,0.98798,-0.1,0.024528,0.14295,0.004961,5,0.28254,0.00099697,0.85989,-0.036968,0.0055814,0.00011268
0.99148,0.98799,-0.1,0.024528,0.14295,0.004961,5,0.28254,0.00099654,0.85989,-0.03697,0.0055809,0.0001127
0.99148,0.98799,-0.1,0.024528,0.14295,0.0049615,5,0.28254,0.0009965,0.85989,-0.036972,0.0055808,0.0001127
0.99149,0.98799,-0.1,0.024528,0.14295,0.0049619,5,0.28255,0.00099582,0.85989,-0.036973,0.0055808,0.0001127
0.99148,0.98799,-0.1,0.024528,0.14296,0.0049614,5,0.28256,0.00099413,0.85989,-0.036977,0.0055811,0.0001127
0.99149,0.98798,-0.1,0.02453,0.14297,0.0049605,5,0.28256,0.00099474,0.85989,-0.036979,0.0055817,0.00011269
0.99148,0.98799,-0.1,0.024529,0.14298,0.0049602,5,0.28256,0.00099417,0.85989,-0.036978,0.0055812,0.00011271
0.99148,0.98799,-0.1,0.024529,0.14298,0.0049602,5,0.28256,0.00099419,0.85989,-0.036975,0.0055812,0.0001127
0.99149,0.98799,-0.1,0.024529,0.14298,0.0049604,5,0.28255,0.00099421,0.85989,-0.036972,0.0055812,0.00011269
0.99148,0.98799,-0.1,0.024529,0.14298,0.0049602,5,0.28255,0.0009942,0.85989,-0.036964,0.0055816,0.00011268
0.99149,0.98798,-0.1,0.024529,0.14298,0.0049606,5,0.28255,0.00099412,0.85989,-0.036958,0.0055819,0.00011267
0.99148,0.98799,-0.1,0.024529,0.14297,0.0049603,5,0.28255,0.00099393,0.85989,-0.036958,0.0055817,0.00011268
0.99148,0.98799,-0.1,0.024529,0.14297,0.0049606,5,0.28256,0.00099391,0.85989,-0.03696,0.0055817,0.00011268
0.99149,0.98798,-0.1,0.024529,0.14297,0.0049609,5,0.28255,0.00099397,0.85989,-0.036963,0.0055818,0.00011269
0.99148,0.98799,-0.1,0.024529,0.14297,0.0049604,5,0.28256,0.00099386,0.85989,-0.036964,0.0055817,0.0001127
0.99148,0.98799,-0.1,0.024529,0.14297,0.0049607,5,0.28256,0.00099389,0.85989,-0.036967,0.0055817,0.00011271
0.99149,0.98798,-0.1,0.024529,0.14298,0.004961,5,0.28255,0.00099398,0.85989,-0.036969,0.0055818,0.00011271
0.99148,0.98799,-0.1,0.024529,0.14298,0.0049604,5,0.28256,0.00099395,0.85989,-0.036966,0.0055817,0.0001127
0.99148,0.98799,-0.1,0.024529,0.14298,0.0049605,5,0.28255,0.00099395,0.85989,-0.036966,0.0055818,0.0001127
0.99148,0.98799,-0.1,0.024529,0.14298,0.0049608,5,0.28254,0.00099396,0.85989,-0.036963,0.0055818,0.00011269
0.99149,0.98798,-0.1,0.024529,0.14297,0.0049611,5,0.28255,0.00099403,0.85989,-0.036959,0.0055818,0.00011268
0.99148,0.98799,-0.1,0.024529,0.14297,0.0049605,5,0.28254,0.00099402,0.85989,-0.03696,0.0055818,0.00011268
0.99148,0.98799,-0.1,0.024529,0.14297,0.0049607,5,0.28255,0.000994,0.85989,-0.036959,0.0055818,0.00011268
0.99149,0.98798,-0.1,0.024529,0.14297,0.004961,5,0.28255,0.00099405,0.85989,-0.036956,0.005582,0.00011268
0.99148,0.98799,-0.1,0.024529,0.14297,0.0049606,5,0.28256,0.00099395,0.85989,-0.036958,0.0055819,0.00011269
0.99148,0.98799,-0.1,0.024529,0.14297,0.0049608,5,0.28256,0.00099395,0.85989,-0.036963,0.005582,0.00011271
0.99149,0.98798,-0.1,0.024529,0.14298,0.0049612,5,0.28255,0.00099398,0.85989,-0.036966,0.005582,0.00011272
0.99148,0.98799,-0.1,0.024529,0.14298,0.0049606,5,0.28256,0.00099395,0.85989,-0.036963,0.005582,0.00011271
0.99148,0.98799,-0.1,0.024529,0.14298,0.0049608,5,0.28255,0.00099393,0.85989,-0.036964,0.0055819,0.00011271
0.99149,0.98798,-0.1,0.024529,0.14298,0.004961,5,0.28255,0.00099399,0.85989,-0.036962,0.005582,0.0001127
0.99148,0.98799,-0.1,0.024529,0.14298,0.0049605,5,0.28255,0.00099391,0.85989,-0.03696,0.0055819,0.0001127
0.99148,0.98799,-0.1,0.024529,0.14298,0.0049607,5,0.28255,0.0009939,0.85989,-0.036959,0.005582,0.0001127
0.99148,0.98799,-0.1,0.024529,0.14298,0.0049611,5,0.28255,0.00099391,0.85989,-0.036958,0.0055821,0.00011269
0.99149,0.98798,-0.1,0.024529,0.14298,0.0049614,5,0.28255,0.000994,0.85989,-0.036956,0.0055824,0.00011269
0.99148,0.98799,-0.1,0.024529,0.14298,0.004961,5,0.28255,0.00099392,0.85989,-0.036954,0.0055825,0.00011269
0.99148,0.98799,-0.1,0.024529,0.14298,0.0049613,5,0.28256,0.00099388,0.85989,-0.036955,0.0055825,0.00011269
0.99149,0.98798,-0.1,0.024529,0.14298,0.0049617,5,0.28256,0.00099393,0.85989,-0.036958,0.0055825,0.0001127
0.99148,0.98799,-0.1,0.024529,0.14298,0.0049612,5,0.28256,0.00099391,0.85989,-0.036959,0.0055825,0.00011271
0.99148,0.98799,-0.1,0.024529,0.14299,0.0049614,5,0.28254,0.00099392,0.85989,-0.036961,0.0055825,0.00011271
0.99149,0.98798,-0.1,0.024529,0.14298,0.0049617,5,0.28254,0.00099398,0.85989,-0.036955,0.0055826,0.00011269
0.99148,0.98799,-0.1,0.024529,0.14298,0.0049611,5,0.28254,0.00099393,0.85989,-0.036952,0.0055825,0.00011269
0.99148,0.98799,-0.1,0.024529,0.14297,0.0049613,5,0.28255,0.00099391,0.85989,-0.036951,0.0055825,0.00011268
0.99148,0.98799,-0.1,0.024529,0.14297,0.0049615,5,0.28255,0.00099395,0.85989,-0.036954,0.0055826,0.00011269
0.99149,0.98798,-0.1,0.024529,0.14297,0.0049619,5,0.28255,0.000994,0.85989,-0.036958,0.0055829,0.0001127
0.99148,0.98799,-0.1,0.024529,0.14297,0.0049615,5,0.28256,0.00099392,0.85989,-0.036961,0.005583,0.00011271
0.99148,0.98799,-0.1,0.024529,0.14298,0.0049618,5,0.28255,0.00099388,0.85989,-0.036965,0.005583,0.00011272
0.99149,0.98798,-0.1,0.024529,0.14298,0.0049622,5,0.28256,0.00099393,0.85989,-0.036962,0.005583,0.00011271
0.99148,0.98799,-0.1,0.024529,0.14299,0.0049617,5,0.28255,0.00099391,0.85989,-0.036963,0.005583,0.00011271
0.99148,0.98799,-0.1,0.024529,0.14299,0.0049619,5,0.28255,0.00099392,0.85989,-0.036959,0.005583,0.0001127
0.99149,0.98798,-0.1,0.024529,0.14299,0.0049622,5,0.28254,0.00099398,0.85989,-0.036956,0.0055831,0.00011269
0.99148,0.98799,-0.1,0.024529,0.14297,0.0049616,5,0.28255,0.00099393,0.85989,-0.036951,0.005583,0.00011267
0.99148,0.98799,-0.1,0.024529,0.14297,0.0049618,5,0.28254,0.00099391,0.85989,-0.036954,0.005583,0.00011269
0.99148,0.98799,-0.1,0.024529,0.14297,0.004962,5,0.28255,0.00099395,0.85989,-0.036955,0.005583,0.00011269
0.99149,0.98798,-0.1,0.024529,0.14297,0.0049623,5,0.28255,0.00099403,0.85989,-0.036957,0.0055831,0.00011269
0.99148,0.98799,-0.1,0.024529,0.14297,0.0049618,5,0.28256,0.00099399,0.85989,-0.036959,0.0055831,0.0001127
0.99148,0.98799,-0.1,0.024529,0.14298,0.0049621,5,0.28255,0.00098968,0.85989,-0.036964,0.0055831,0.00011271
0.99149,0.98798,-0.1,0.024531,0.14298,0.0049602,5,0.28256,0.00099083,0.85989,-0.036961,0.0055842,0.00011267
0.99148,0.98799,-0.1,0.024531,0.14298,0.0049595,5,0.28256,0.00099028,0.85989,-0.036963,0.0055837,0.00011269
0.99148,0.98799,-0.1,0.024531,0.14299,0.0049597,5,0.28254,0.00098998,0.85989,-0.036963,0.0055834,0.0001127
0.99149,0.98798,-0.1,0.024531,0.14298,0.00496,5,0.28255,0.00098908,0.85989,-0.036956,0.0055833,0.00011268
0.99148,0.98799,-0.1,0.024531,0.14298,0.004959,5,0.28255,0.00098915,0.85989,-0.036956,0.0055833,0.00011268
0.99148,0.98799,-0.1,0.024531,0.14298,0.0049589,5,0.28255,0.0009891,0.85989,-0.036954,0.0055837,0.00011268
0.99149,0.98798,-0.1,0.024531,0.14298,0.0049593,5,0.28255,0.00098894,0.85989,-0.036953,0.0055839,0.00011269
0.99148,0.98799,-0.1,0.024531,0.14298,0.004959,5,0.28255,0.00098872,0.85989,-0.036953,0.0055837,0.0001127
