139.58
4.3276
1.7193
0.63356
0.2144
0.60663
0.58382
1.0822
0.41553
0.47792
0.20095
0.071254
0.042699
0.076366
0.11503
0.218
0.084014
0.024534
0.0094822
0.0086649
0.017364
0.011059
0.0082047
0.0052896
0.0030477
0.0017319
0.0011274
0.00041354
0.00037782
0.00055247
0.00070311
0.00057455
0.00029381
0.00014094
0.00010933
0.00013089
0.00011205
0.00014373
0.00019441
8.4421e-05
4.4179e-05
6.8357e-05
3.5026e-05
1.7433e-05
1.3394e-05
1.1714e-05
4.5728e-06
4.2351e-06
7.0002e-06
1.0629e-05
1.9602e-06
4.2268e-06
4.4769e-05
5.9385e-05
4.1738e-05
2.4668e-05
1.3713e-05
1.0445e-05
5.8762e-06
4.8171e-06
8.4623e-06
3.2746e-06
2.6599e-06
4.9933e-06
8.3112e-06
2.571e-06
1.5118e-06
7.103e-06
1.1212e-05
8.7667e-06
5.8388e-06
5.965e-06
1.0608e-05
1.4186e-05
1.0789e-05
1.0458e-05
9.1039e-06
3.5255e-06
5.7598e-06
1.1849e-05
8.7274e-06
4.1562e-06
4.1871e-06
7.8288e-06
1.0133e-05
1.1037e-05
5.9033e-06
3.2361e-06
2.936e-06
5.9692e-06
4.1678e-05
5.4668e-05
0.00010872
6.3991e-05
3.6635e-05
1.8173e-05
1.0234e-05
1.063e-05
9.926e-06
1.499e-05
1.2732e-05
1.5306e-05
1.5419e-05
3.3118e-05
1.738e-05
1.9134e-05
2.0835e-05
2.0917e-05
2.1912e-05
1.9967e-05
2.2034e-05
2.025e-05
3.759e-05
1.0162e-05
1.9386e-05
2.0302e-05
2.023e-05
1.9726e-05
2.0598e-05
1.9815e-05
5.0995e-06
9.7187e-06
1.1768e-05
1.7675e-05
1.8845e-05
1.4922e-05
1.5469e-05
1.8707e-05
2.3954e-05
1.6051e-05
1.111e-05
9.782e-06
1.3974e-05
1.3873e-05
1.1614e-05
1.2437e-05
9.7134e-06
3.5711e-06
3.3025e-06
7.4311e-06
8.7413e-06
1.4246e-05
1.0001e-05
6.4323e-06
7.9738e-06
9.5349e-06
1.4185e-05
1.1907e-05
9.294e-06
8.2568e-06
8.3704e-07
6.1643e-06
1.1782e-05
4.6787e-06
3.649e-06
7.486e-06
1.488e-05
6.5058e-06
1.0005e-05
1.1233e-05
1.3282e-06
7.6706e-06
1.4619e-05
7.9596e-06
8.952e-06
9.0305e-06
3.7261e-06
2.1332e-06
6.4125e-06
1.079e-05
2.7045e-06
5.2451e-06
9.5114e-06
5.9857e-06
9.4703e-06
1.0064e-05
6.9304e-06
9.5351e-06
7.0428e-06
1.102e-05
5.6449e-06
1.2978e-05
1.2442e-05
9.3751e-06
5.8162e-06
9.443e-06
1.3893e-05
6.9241e-06
8.8485e-06
1.1019e-05
2.7434e-06
1.1068e-05
1.1815e-05
8.1827e-06
1.0084e-05
1.1325e-05
3.3204e-06
4.3752e-06
7.7727e-06
2.7046e-06
