40.002
-0.10269
2.7939
0.83588
0.55994
-1.9905
2.102
2.0473
0.89123
-0.90195
-1.1081
-0.81546
0.19195
2.0285
0.9874
0.45527
0.46668
0.20356
-0.28394
-0.18317
-0.037752
0.033084
0.060604
0.063228
0.030494
-0.044357
-0.038133
0.0067474
0.01013
0.030109
0.031579
0.028623
0.010951
0.0082019
0.010623
0.0010967
0.01536
0.014968
0.0065597
0.0050811
0.0098958
0.011988
0.012402
0.010953
0.011713
0.0010783
0.013026
0.011298
0.013751
0.012089
0.01131
0.011583
0.012008
0.00030791
0.012798
0.012787
0.011429
0.012424
0.012588
0.00017491
0.013244
0.013218
0.011746
0.012791
0.012939
0.00011941
0.013551
0.013503
0.011948
0.013025
0.013167
9.3843e-05
0.013757
0.013688
0.012082
0.013187
0.01332
6.4601e-05
0.013888
0.013818
0.012178
0.013288
0.013418
5.5216e-05
0.013979
0.013897
0.01224
0.01336
0.013488
4.5707e-05
0.014039
0.013954
0.012283
0.013406
0.013531
4.0777e-05
0.014076
0.01399
0.012312
0.013435
0.013561
3.9725e-05
0.014101
0.014009
0.012332
0.013455
0.013577
4.2081e-05
0.014119
0.014027
0.012354
0.01347
0.01359
4.8787e-05
0.014137
0.014038
0.012375
0.013485
0.013604
5.7964e-05
0.014153
0.014051
0.012413
0.013506
0.013624
8.6782e-05
0.014195
0.014096
0.012527
