174.67
7.4342
12.924
4.5023
12.48
18.506
12.861
7.0888
9.2816
7.8073
5.6176
2.9209
16.451
8.2964
3.5287
2.7855
1.8858
2.9359
1.9954
0.88807
0.34242
0.1954
0.27565
0.28697
0.54529
0.27288
0.23063
0.10406
0.13225
0.15198
0.15527
0.11031
0.088685
0.08522
0.053489
0.089216
0.080528
0.059947
0.049571
0.05611
0.062348
0.066236
0.062645
0.064409
0.046319
0.073038
0.065989
0.07268
0.069555
0.069663
0.066583
0.068641
0.048772
0.075119
0.068422
0.071568
0.069116
0.071687
0.050899
0.078348
0.070908
0.073964
0.071348
0.073849
0.052317
0.080531
0.072648
0.075622
0.072836
0.07528
0.053252
0.08197
0.073811
0.076719
0.073841
0.07625
0.053879
0.082933
0.074576
0.077461
0.074504
0.076871
0.054284
0.083565
0.075088
0.077941
0.074948
0.077304
0.054568
0.084
0.07543
0.078275
0.075249
0.077586
0.054748
0.084272
0.075651
0.078487
0.075441
0.077773
0.054872
0.084454
0.075796
0.078623
0.07557
0.07789
0.054945
0.084569
0.075894
0.078729
0.075674
0.077983
0.055006
0.084667
0.075988
0.078821
0.075771
0.07807
0.055068
0.084757
0.076071
0.078926
0.075907
0.078199
0.055165
0.084923
0.076291
0.079225
0.076378
