79.999
23.126
8.3976
2.7226
1.9111
5.225
7.5719
6.4101
2.9305
4.4026
3.9765
2.6974
0.61493
4.0014
1.7492
0.77212
1.3916
0.92259
1.4625
0.94274
0.35817
0.1677
0.11161
0.13883
0.13279
0.265
0.12985
0.074299
0.052008
0.064078
0.076303
0.15457
0.10633
0.091412
0.16596
0.06295
0.075116
0.16097
0.11736
0.1018
0.10683
0.12489
0.13259
0.12496
0.25741
0.10273
0.12493
0.13101
0.14544
0.13857
0.13922
0.13316
0.2745
0.10909
0.12653
0.13684
0.14279
0.1382
0.28671
0.11415
0.13149
0.14181
0.14756
0.14264
0.29537
0.11749
0.13501
0.14528
0.15086
0.14561
0.30109
0.11967
0.13738
0.14759
0.15304
0.14761
0.30496
0.12116
0.13893
0.14912
0.15452
0.14894
0.30745
0.1221
0.13997
0.15014
0.15548
0.14982
0.30919
0.12276
0.14068
0.15083
0.15614
0.15042
0.31031
0.12318
0.14113
0.15126
0.15656
0.15081
0.31105
0.12347
0.14144
0.15155
0.15684
0.15107
0.31152
0.12363
0.14165
0.15175
0.15705
0.15127
0.31189
0.12376
0.14184
0.15193
0.15724
0.15147
0.31224
0.12388
0.14203
0.1521
0.15746
0.15174
0.31276
0.12404
0.14241
0.15254
0.15807
