0.00016898
0.00038166
0.00029065
0.00029069
0.00029067
0.00029069
0.00029069
0.00029069
0.00029063
0.00029066
0.00029066
0.00029065
0.00029065
0.00029064
0.00029063
0.00029063
0.00029062
0.00029062
0.00029062
0.00029061
0.00029061
0.00029061
0.00029061
0.0002906
0.0002906
0.0002906
0.00029059
0.00029059
0.00029059
0.00029058
0.00029058
0.00029058
0.00029057
0.00029057
0.00029057
0.00029057
0.00029057
0.00029057
0.00029057
0.00029058
0.00029059
0.00029057
0.00029059
0.00029059
0.0002906
0.00029059
0.0002906
0.00029059
0.0002906
0.00029059
0.00029059
0.00029058
0.00029058
0.00029058
0.00029058
0.00029058
0.00029058
0.00029058
0.00029058
0.00029058
0.00029061
0.00029058
0.00029058
0.00029058
0.00029058
0.00029058
0.00029057
0.00029057
0.00029057
0.00029057
0.00029057
0.00029056
0.00029056
0.00029057
0.00029057
0.00029056
0.00029056
0.00029056
0.00029056
0.00029056
0.00029056
0.00029056
0.00029056
0.00029056
0.00029056
0.00029056
0.00029056
0.00029056
0.00029055
0.00029055
0.00029055
0.00029055
0.00029055
0.00029055
0.00029055
0.00029055
0.00029055
0.00029055
0.00029055
0.00029055
0.00029055
0.00029055
0.00029055
0.00029055
0.00029055
0.00029055
0.00029055
0.00029054
0.00029054
0.00029054
0.00029054
0.00029054
0.00029054
0.00029054
0.00029054
0.00029054
0.00029054
0.00029054
0.00029054
0.00029054
0.00029054
0.00029054
0.00029054
0.00029054
0.00029053
0.00029053
0.00029053
0.00029053
0.00029053
0.00029053
0.00029053
0.00029053
0.00029053
0.00029053
0.00029053
0.00029053
0.00029053
0.00029053
0.00029053
0.00029053
0.00029053
0.00029053
0.00029053
0.00029053
0.00029053
0.00029053
0.00029053
0.00029053
0.00029053
0.00029053
