141.07
0.14951
0.039351
0.043467
0.060513
0.048549
0.034649
0.022773
0.015044
0.002882
0.0026463
0.00014522
1.3231e-05
0.00066316
0.0015216
4.7323e-05
0.0008756
0.00017257
0.00044062
0.0087587
0.002188
5.5227e-06
0.00054373
0.00018896
6.2927e-05
5.2797e-06
2.2784e-05
3.3521e-05
4.6448e-06
1.2564e-05
8.2301e-06
2.2915e-05
4.2997e-05
2.1213e-05
7.6383e-06
0.019386
0.015534
0.028751
0.020632
0.013788
0.024001
0.028466
0.025186
0.015301
0.0084021
0.0045714
0.0073449
0.0029289
0.0031836
0.0020165
0.0012225
0.00071798
0.00055694
0.0002414
0.00015206
0.00016136
6.6092e-05
4.7092e-05
0.00083907
0.0024126
0.0041765
0.0023771
0.0012864
0.00070492
0.00031089
0.00020561
8.5845e-05
6.1362e-05
0.00021208
0.0014547
0.0012524
0.00094887
0.0007839
0.00040403
0.00040395
0.00029967
8.8078e-05
5.5487e-05
3.918e-05
0.00020805
0.00010593
3.0398e-05
2.069e-05
1.6468e-05
1.5519e-05
1.7032e-05
1.613e-05
1.7135e-05
0.00017106
9.7079e-05
2.6275e-05
6.9693e-05
3.5549e-05
2.2523e-05
2.2331e-05
2.6776e-05
1.7035e-05
1.6739e-05
1.8074e-05
1.9766e-05
1.8436e-05
1.859e-05
1.7089e-05
1.4332e-05
1.4851e-05
0.00068278
0.00055631
0.00026151
1.4193e-05
1.6707e-05
3.1619e-05
1.4934e-05
1.3646e-05
8.5295e-06
7.8848e-06
1.287e-05
5.5612e-06
1.0227e-05
3.6536e-06
8.049e-06
3.5409e-06
6.1114e-06
1.1521e-05
4.5536e-06
9.4545e-06
3.5221e-06
7.2577e-06
1.2821e-05
5.368e-06
1.0648e-05
3.8801e-06
8.5089e-06
3.4797e-06
6.5361e-06
1.1993e-05
0.00030755
0.00019795
0.00012503
7.8295e-05
5.8393e-05
0.00025191
0.00020897
0.0001502
0.00010005
6.6685e-05
4.7509e-05
3.4684e-05
2.843e-05
2.2887e-05
2.2918e-05
