17.617
0.0071824
0.0056089
0.0075092
0.0063247
0.0042136
0.0027204
0.0018016
0.00064657
0.00065974
7.212e-05
4.3264e-06
0.00066249
0.0014963
5.9647e-05
0.0018026
0.0003586
0.0009183
0.017502
0.0043846
3.8749e-05
0.0021832
0.00069411
0.00026971
0.00017081
9.9663e-05
0.00014689
4.4703e-05
5.9816e-05
4.568e-05
7.6962e-05
7.7521e-05
4.4198e-05
3.6864e-05
0.044486
0.03193
0.058752
0.046511
0.026378
0.024884
0.02852
0.025482
0.014599
0.0081004
0.0044193
0.0080504
0.0050797
0.0035218
0.0019167
0.0011603
0.00068362
0.00057777
0.00023009
0.00013948
0.00011857
6.4957e-05
4.8665e-05
0.00084248
0.0024742
0.0023691
0.0011891
0.00063707
0.00033824
0.00015508
0.00011598
4.363e-05
2.724e-05
8.5542e-05
0.0007487
0.00070663
0.00046952
0.00039258
0.00019244
0.00020104
0.00014981
4.2896e-05
2.757e-05
1.9161e-05
0.00010525
5.6673e-05
1.6817e-05
1.1263e-05
7.1642e-06
8.9654e-06
9.0327e-06
9.3647e-06
9.801e-06
8.3527e-05
4.8546e-05
7.9901e-06
7.2827e-05
3.8603e-05
2.1386e-05
2.1113e-05
2.3311e-05
1.8321e-05
1.7573e-05
1.8169e-05
2.1761e-05
1.7227e-05
1.9963e-05
1.9732e-05
1.3562e-05
1.7637e-05
0.0007725
0.00057794
0.00026786
4.7368e-05
1.5148e-05
1.7923e-05
6.9537e-06
4.9939e-06
4.3394e-06
2.3386e-06
3.5839e-06
3.4941e-06
3.4297e-06
3.3687e-06
3.3268e-06
3.3351e-06
3.3268e-06
3.3267e-06
3.3325e-06
3.3269e-06
3.3738e-06
3.3435e-06
3.3434e-06
3.3845e-06
3.3264e-06
3.3687e-06
3.3256e-06
3.3344e-06
3.3258e-06
3.3255e-06
0.0001723
9.5442e-05
6.0286e-05
3.8775e-05
2.747e-05
0.00013291
0.00011321
7.428e-05
5.0852e-05
3.4157e-05
2.3926e-05
1.8353e-05
1.4201e-05
1.4014e-05
1.1382e-05
1.1386e-05
