17.555
0.05077
0.010067
0.026206
0.067736
0.077407
0.055935
0.034164
0.019958
0.010523
0.0060768
0.0040935
0.0023035
0.01425
0.017981
0.015367
0.010349
0.0099958
0.0086115
0.0063471
0.0040889
0.0031419
0.0096082
0.0093804
0.0078773
0.0062652
0.005105
0.0044034
0.014759
0.012743
0.011436
0.0021602
0.010804
0.0090044
0.0062713
0.0044453
0.0028988
0.0042587
0.0020585
0.0015261
0.0081344
0.0072322
0.0069908
0.0071489
0.0068045
0.0040424
0.0035534
0.0032601
0.0060688
0.0067316
0.0055735
0.0046675
0.0057263
0.010788
0.0074515
0.0069261
0.0093806
0.0060098
0.0036931
0.0030156
0.0023367
0.011539
0.010469
0.0036803
0.0023823
0.0094888
0.0070451
0.008
0.0022769
0.0034504
0.0023599
0.0015619
0.00099827
0.008037
0.0083445
0.0073414
0.0055061
0.003017
0.0035823
0.0091025
0.008247
0.010748
0.010009
0.0075479
0.0010408
0.0053521
0.0036885
0.019137
0.017643
0.020147
0.0054259
0.0033632
0.0094244
0.011936
0.0084386
0.0094616
0.010567
0.0022609
0.001165
0.0012172
