2.0042
0.027349
1.7857e-05
-0.0021469
-0.0015339
-0.00053404
-0.00015626
-0.00021874
-0.00023465
-0.00011864
-5.9651e-05
-2.9907e-05
-2.9977e-05
-1.4993e-05
-1.4999e-05
-7.499e-06
-7.5002e-06
-3.7491e-06
-3.7495e-06
-1.8749e-06
-1.8752e-06
-9.37e-07
-9.3717e-07
-4.6828e-07
-4.6832e-07
-4.6834e-07
-4.6834e-07
-4.6836e-07
-4.6835e-07
-4.6835e-07
-4.6834e-07
-4.6834e-07
-4.6835e-07
-4.6836e-07
-4.6835e-07
-4.6834e-07
-4.6835e-07
-4.6835e-07
-4.6833e-07
-4.6836e-07
-4.6836e-07
-4.6835e-07
-4.6834e-07
-4.6834e-07
-4.6835e-07
-4.6836e-07
-4.6833e-07
-4.6835e-07
-4.6836e-07
-4.6837e-07
-4.6834e-07
-4.6835e-07
-4.6837e-07
-4.6836e-07
-4.6835e-07
-4.6835e-07
-4.6837e-07
-4.6834e-07
-4.6838e-07
-4.6836e-07
-4.6836e-07
-4.6836e-07
-4.6833e-07
-4.6834e-07
-4.631e-07
-2.153e-06
-2.3588e-06
-4.0393e-06
-6.8431e-06
-1.187e-05
-1.6587e-05
-1.7755e-05
-1.1735e-05
-5.8725e-06
-4.0708e-06
-2.9243e-06
-2.0609e-06
-1.413e-06
-6.8138e-07
-1.4072e-07
7.2424e-08
-7.8537e-07
-5.6368e-07
-5.0505e-07
-4.796e-07
-2.9893e-07
-5.3427e-07
-5.294e-07
-5.0743e-07
-4.9568e-07
-4.7861e-07
-2.9855e-07
-5.3386e-07
-5.3032e-07
-5.0597e-07
-4.8163e-07
-3.0083e-07
-5.3402e-07
-5.3043e-07
-5.0607e-07
-4.8171e-07
-1.0636e-08
-2.3284e-07
-2.2416e-07
-2.0066e-07
-3.221e-07
2.5011e-10
-2.3093e-07
-2.2272e-07
-1.9956e-07
-3.2127e-07
8.7202e-10
-2.3047e-07
-2.2393e-07
-2.0048e-07
-3.2195e-07
3.6095e-10
-2.3085e-07
-2.2265e-07
-2.1682e-07
2.2688e-05
1.6689e-05
6.9048e-06
4.4813e-06
3.1383e-06
2.3677e-06
2.1523e-06
3.4171e-06
2.4819e-06
1.2249e-06
8.2338e-07
5.3538e-07
3.41e-07
1.9902e-07
1.1629e-07
7.3286e-08
5.2997e-08
6.2271e-07
-1.6869e-07
8.1062e-09
3.0801e-08
3.5681e-08
6.1544e-07
-1.7347e-07
7.2765e-09
3.057e-08
3.5849e-08
6.1551e-07
-1.7341e-07
7.3656e-09
3.0659e-08
3.5938e-08
6.156e-07
-1.7335e-07
7.2553e-09
3.0548e-08
3.5828e-08
6.1549e-07
-1.7344e-07
7.0454e-08
-6.2338e-06
-1.201e-05
-1.3407e-05
-1.3757e-05
-1.2744e-05
-5.1765e-06
-3.6739e-06
-2.5787e-06
-1.7189e-06
-1.0746e-06
-3.443e-07
9.5252e-08
1.6461e-05
1.1848e-05
1.0275e-05
9.6654e-06
9.5088e-06
7.7869e-06
2.7318e-06
1.131e-06
6.549e-07
3.3313e-07
1.2306e-07
-1.3504e-08
-7.5611e-08
-9.771e-08
7.537e-07
5.1299e-07
4.5529e-07
4.2336e-07
4.0378e-07
3.915e-07
7.5847e-07
7.3829e-08
1.7088e-07
2.2638e-07
2.6441e-07
2.9601e-07
3.1305e-07
7.031e-07
5.6192e-08
1.6107e-07
2.867e-07
-1.6429e-05
-1.3309e-05
-1.2031e-05
-1.1662e-05
-1.1551e-05
-9.3672e-06
-3.1672e-06
-2.1225e-06
-1.3589e-06
-7.8285e-07
-3.7426e-07
8.3293e-08
2.3004e-07
2.7123e-07
-4.7166e-09
4.5555e-07
2.7149e-07
2.6396e-07
2.7823e-07
-3.9526e-09
4.5652e-07
2.7113e-07
2.6508e-07
2.7748e-07
-4.5424e-09
4.5529e-07
2.7023e-07
2.6441e-07
2.7698e-07
-3.3494e-09
4.5619e-07
2.7092e-07
2.6493e-07
2.7737e-07
-4.6092e-09
4.5603e-07
2.7076e-07
2.648e-07
2.7726e-07
-4.7091e-09
4.5516e-07
2.7014e-07
2.6434e-07
2.7692e-07
-3.396e-09
4.5615e-07
2.7088e-07
2.649e-07
2.7735e-07
-4.6257e-09
4.5602e-07
2.7075e-07
2.6478e-07
2.7725e-07
-4.7155e-09
4.5516e-07
2.7012e-07
2.6432e-07
2.769e-07
-4.9742e-09
4.5574e-07
2.7056e-07
2.6466e-07
2.7716e-07
-4.7736e-09
4.559e-07
2.7069e-07
2.6475e-07
2.7724e-07
-4.7032e-09
4.5595e-07
2.707e-07
2.6475e-07
2.7722e-07
-4.733e-09
4.5514e-07
2.7011e-07
2.6431e-07
2.769e-07
-4.9716e-09
4.5574e-07
2.7057e-07
2.6467e-07
2.7718e-07
-4.761e-09
4.5591e-07
2.707e-07
2.6477e-07
2.7726e-07
-4.7006e-09
4.5596e-07
2.707e-07
2.6476e-07
2.7723e-07
-4.7304e-09
4.5514e-07
2.7011e-07
2.6432e-07
2.7691e-07
-4.969e-09
4.5574e-07
2.7058e-07
2.6467e-07
2.7718e-07
-4.7585e-09
4.5591e-07
2.7071e-07
2.6477e-07
2.7726e-07
-4.688e-09
4.5597e-07
2.7072e-07
2.6476e-07
2.7723e-07
-4.7278e-09
4.5514e-07
2.7012e-07
2.6432e-07
2.7691e-07
-3.3947e-09
4.5615e-07
2.7088e-07
2.649e-07
2.7735e-07
-4.6244e-09
4.5602e-07
2.7075e-07
2.6478e-07
2.7725e-07
-4.7143e-09
4.5516e-07
2.7012e-07
2.6432e-07
2.769e-07
-4.9729e-09
4.5574e-07
2.7057e-07
2.6466e-07
2.7716e-07
-4.7724e-09
4.559e-07
2.7069e-07
2.6476e-07
2.7725e-07
-4.7019e-09
4.5595e-07
2.707e-07
2.6476e-07
2.7723e-07
-4.7317e-09
4.5514e-07
2.7011e-07
2.6432e-07
2.7691e-07
-4.9703e-09
4.5574e-07
2.7057e-07
2.6467e-07
2.7718e-07
-4.7598e-09
4.5591e-07
2.707e-07
2.6477e-07
2.7726e-07
-4.6993e-09
4.5596e-07
2.7071e-07
2.6476e-07
2.7723e-07
-4.727e-09
4.5514e-07
2.7012e-07
2.6432e-07
2.7691e-07
-3.406e-09
4.5615e-07
2.7087e-07
2.6489e-07
2.6626e-07
2.9944e-05
2.3742e-05
2.097e-05
2.0286e-05
2.0111e-05
1.6624e-05
1.2016e-05
1.052e-05
1.0154e-05
1.0064e-05
8.3178e-06
7.7409e-06
7.6978e-06
6.579e-06
6.2387e-06
6.1536e-06
5.2891e-06
4.5933e-06
5.1875e-06
2.6397e-06
1.6448e-06
1.3477e-06
1.2353e-06
1.1945e-06
1.1802e-06
1.5367e-06
5.2876e-07
9.8578e-07
1.0877e-06
1.1449e-06
1.1631e-06
1.1697e-06
1.5329e-06
5.2806e-07
9.8554e-07
1.0876e-06
1.1448e-06
1.1628e-06
1.1693e-06
1.5334e-06
5.284e-07
9.8515e-07
1.0872e-06
1.1451e-06
1.2321e-06
-2.1614e-05
-2.711e-05
-2.8472e-05
-2.8816e-05
-2.1054e-05
-4.5024e-06
-2.8608e-06
-2.0139e-06
-1.4137e-06
-8.2969e-07
-1.5027e-07
-4.3759e-07
-1.7794e-07
-9.5518e-08
-7.1042e-08
-2.0109e-07
1.0399e-07
-5.447e-08
-6.9608e-08
-6.7401e-08
-2.0338e-07
1.0229e-07
-5.5807e-08
-7.0694e-08
-6.6731e-08
-6.3371e-08
-1.9885e-07
1.0401e-07
-5.4505e-08
-7.1287e-08
-6.7184e-08
-6.3713e-08
-1.9911e-07
1.0381e-07
-5.4657e-08
-7.1409e-08
-6.7285e-08
-6.3795e-08
-1.9918e-07
1.0375e-07
-5.471e-08
-7.145e-08
-6.7317e-08
-6.3827e-08
-1.9921e-07
9.3816e-08
2.7094e-09
6.7645e-09
1.4326e-08
-1.1443e-07
1.5575e-07
2.1043e-08
1.1167e-08
1.6103e-08
-1.1307e-07
1.5679e-07
2.1848e-08
1.1782e-08
4.1289e-08
-2.0681e-06
-2.6071e-06
-2.7534e-06
-2.9325e-06
-4.2946e-07
-3.6822e-07
-3.1134e-07
-2.8446e-07
-1.1455e-06
-1.8949e-07
-2.0086e-07
-1.5917e-07
-1.3574e-07
-7.2236e-07
-1.3538e-08
-8.021e-08
-5.1798e-08
-3.0492e-08
-4.4292e-07
3.1995e-07
1.2147e-08
-2.4426e-08
-2.1281e-08
-4.4235e-07
7.5757e-08
-2.5282e-08
-5.389e-09
1.2672e-08
-2.8003e-07
2.7862e-07
3.1588e-08
1.0872e-08
1.9655e-08
-2.7971e-07
2.7818e-07
3.1264e-08
1.062e-08
1.9453e-08
-2.7986e-07
2.7807e-07
3.1181e-08
1.0557e-08
1.941e-08
-2.799e-07
2.7804e-07
3.1159e-08
1.5474e-08
-3.7239e-07
-4.6454e-07
-7.8924e-07
-8.3797e-08
-4.4995e-07
-5.0106e-07
-5.0044e-07
-4.9531e-07
-7.9844e-07
-9.0013e-08
-4.5602e-07
-1.2369e-07
-2.8978e-08
4.5134e-09
-2.8617e-07
2.7456e-07
2.4529e-08
2.6954e-09
9.5821e-09
1.6303e-08
-2.8352e-07
2.7579e-07
2.545e-08
3.4066e-09
1.0132e-08
1.6732e-08
-2.8319e-07
2.7605e-07
2.5668e-08
3.5837e-09
1.029e-08
1.6869e-08
-2.8305e-07
1.1087e-07
-8.6562e-09
-7.3852e-10
1.459e-08
-1.946e-07
1.748e-07
4.3483e-08
4.5698e-08
5.9874e-08
-1.1431e-07
2.5666e-07
6.7802e-08
5.6049e-08
6.4249e-08
7.1983e-08
-1.087e-07
2.5916e-07
6.8426e-08
5.6652e-08
6.6405e-08
7.3736e-08
-1.0726e-07
2.6012e-07
6.7569e-08
5.5996e-08
6.5899e-08
7.334e-08
-1.0757e-07
2.6005e-07
6.6815e-08
5.389e-08
6.2973e-08
-1.119e-07
2.6303e-07
-3.1541e-07
-4.178e-07
-4.3115e-07
-6.1845e-07
-1.0981e-07
-4.1078e-07
-4.4401e-07
-4.3831e-07
-6.2073e-07
-1.1074e-07
-4.0989e-07
-4.4332e-07
-4.378e-07
-6.2034e-07
-1.1046e-07
-4.1125e-07
-4.4435e-07
-4.3857e-07
-6.2091e-07
8.8829e-08
-2.0688e-08
-2.6484e-09
1.5619e-08
-2.5921e-07
2.7384e-07
3.2218e-08
1.2235e-08
2.1606e-08
-2.5965e-07
2.8873e-07
3.6989e-08
1.3859e-08
1.9803e-08
2.5853e-08
-2.5673e-07
2.9001e-07
3.6356e-08
1.3687e-08
2.1396e-08
2.8769e-08
-2.5438e-07
2.9168e-07
3.6013e-08
1.3425e-08
2.1193e-08
2.8607e-08
-2.5451e-07
2.9156e-07
3.5951e-08
1.3392e-08
2.1171e-08
2.8605e-08
-2.5451e-07
2.9157e-07
3.5969e-08
1.3059e-08
1.9165e-08
2.5347e-08
-2.5715e-07
2.8969e-07
3.6092e-08
-6.3705e-07
-4.9144e-07
-4.4161e-07
-3.849e-07
-2.2023e-07
-4.2413e-07
-4.3761e-07
-4.2769e-07
-3.8211e-07
-2.1908e-07
-4.2645e-07
-4.3906e-07
-4.2864e-07
-3.8148e-07
-2.1846e-07
-4.2592e-07
-4.3896e-07
-4.2872e-07
-3.8289e-07
-2.1871e-07
-4.2454e-07
-4.3791e-07
-4.2791e-07
-3.8227e-07
-2.1842e-07
-4.2594e-07
-4.4935e-07
4.9946e-06
4.714e-06
4.6456e-06
3.3096e-06
4.245e-06
4.5496e-06
4.6114e-06
4.6236e-06
3.3022e-06
4.2411e-06
2.1686e-06
1.9452e-06
1.7827e-06
1.673e-06
1.596e-06
1.5341e-06
1.1414e-06
1.0343e-06
9.8203e-07
9.5488e-07
9.4068e-07
9.3418e-07
9.7579e-07
6.3449e-07
7.136e-07
7.6993e-07
8.0714e-07
8.4683e-07
8.7409e-07
8.9193e-07
9.5033e-07
6.2764e-07
7.0806e-07
7.6646e-07
8.0469e-07
8.4538e-07
8.7284e-07
9.3755e-07
6.2363e-07
7.0656e-07
7.6531e-07
8.0394e-07
8.4477e-07
8.7234e-07
9.3715e-07
6.233e-07
7.0613e-07
7.6495e-07
8.0365e-07
8.4468e-07
8.7224e-07
9.3707e-07
6.2298e-07
7.0586e-07
7.6471e-07
8.0345e-07
8.4434e-07
8.7197e-07
9.3685e-07
6.228e-07
7.0555e-07
7.6447e-07
8.0325e-07
8.4419e-07
8.7185e-07
9.3676e-07
6.2263e-07
7.0543e-07
7.6436e-07
8.0316e-07
9.3374e-07
7.5253e-07
7.2667e-07
7.1768e-07
7.1427e-07
4.9826e-07
5.9445e-07
6.5379e-07
6.8543e-07
7.0125e-07
4.9435e-07
5.9277e-07
6.5183e-07
6.8294e-07
6.9848e-07
7.0562e-07
7.0921e-07
7.1087e-07
4.9696e-07
5.9328e-07
6.5287e-07
6.8469e-07
7.0067e-07
4.9377e-07
5.9229e-07
6.5111e-07
6.8236e-07
6.98e-07
7.0506e-07
7.0857e-07
7.1021e-07
4.9639e-07
5.9281e-07
6.5232e-07
6.8407e-07
7.0002e-07
4.9328e-07
5.9157e-07
6.5052e-07
6.8171e-07
6.9731e-07
7.045e-07
7.0793e-07
7.0955e-07
4.9582e-07
5.9218e-07
6.518e-07
6.8348e-07
6.9805e-07
7.0595e-07
4.9504e-07
5.9196e-07
6.5185e-07
6.8285e-07
6.969e-07
7.0537e-07
4.9535e-07
5.9236e-07
6.5079e-07
6.8204e-07
6.9708e-07
7.0389e-07
6.6859e-07
4.8952e-07
4.3087e-07
4.4155e-07
4.4222e-07
4.4421e-07
4.4321e-07
4.4504e-07
4.6358e-07
3.3231e-07
-1.6016e-06
-2.0634e-06
-2.1751e-06
-2.1916e-06
-2.153e-07
-1.9731e-07
-1.5826e-07
-1.389e-07
-7.7514e-07
-3.8179e-08
-7.4973e-08
-5.0484e-08
-3.3346e-08
-2.6127e-08
-4.738e-07
3.2041e-07
2.518e-08
-2.1565e-08
-2.6417e-08
-4.7449e-07
3.1994e-07
2.4729e-08
-2.2006e-08
-2.6893e-08
-4.7397e-07
3.2039e-07
2.6433e-08
-2.2287e-08
-2.7075e-08
-4.7449e-07
3.2015e-07
2.6252e-08
-2.2419e-08
-2.7161e-08
-4.7454e-07
3.201e-07
2.6211e-08
-2.4023e-08
-2.8365e-08
-4.7598e-07
3.1869e-07
2.3691e-08
-2.4435e-08
-2.8781e-08
-4.7738e-07
3.1785e-07
2.2862e-08
-2.5067e-08
-2.9239e-08
-4.777e-07
3.1761e-07
2.2671e-08
-2.5208e-08
-2.7781e-08
-4.7661e-07
3.1841e-07
2.3283e-08
-2.4757e-08
-3.0573e-08
-4.7922e-07
3.1613e-07
2.0105e-08
-2.7234e-08
-3.0965e-08
-4.7905e-07
3.1725e-07
2.2317e-08
-2.5578e-08
-2.9721e-08
-4.781e-07
3.1795e-07
2.2844e-08
-2.5176e-08
-2.9429e-08
-4.7997e-07
3.1603e-07
2.14e-08
-2.626e-08
-3.0237e-08
-4.7899e-07
3.1617e-07
2.0048e-08
-2.7362e-08
-3.1164e-08
-4.7924e-07
3.162e-07
1.9878e-08
-2.7491e-08
-3.1263e-08
-4.7929e-07
3.1616e-07
1.985e-08
-2.752e-08
-3.1272e-08
-4.7983e-07
4.0459e-08
-2.6257e-08
-1.4163e-08
1.1464e-09
-3.033e-07
2.6287e-07
3.5254e-08
4.8289e-09
5.97e-09
-3.0287e-07
2.6314e-07
3.5406e-08
4.8901e-09
5.9607e-09
9.6175e-09
-3.0149e-07
2.6535e-07
3.6206e-08
4.7611e-09
6.5487e-09
8.5252e-09
-3.0201e-07
8.0093e-08
-8.4561e-09
-2.9128e-10
1.1016e-08
-2.0429e-07
2.1185e-07
2.9327e-08
9.2491e-09
-4.762e-07
-3.64e-07
-3.3202e-07
-2.9844e-07
-1.7103e-07
-3.2099e-07
-3.3216e-07
-3.2454e-07
-3.1968e-07
-2.9391e-07
-1.6949e-07
-3.1882e-07
-3.2968e-07
-3.2323e-07
-2.9499e-07
-1.703e-07
-3.1944e-07
-3.2777e-07
-5.1434e-07
-5.6015e-07
-5.5215e-07
-3.4551e-07
-5.627e-07
-5.8769e-07
-5.8554e-07
-5.8322e-07
-5.5883e-07
-3.4956e-07
-5.6256e-07
-5.8829e-07
-5.8674e-07
-5.6166e-07
-3.5109e-07
-5.6553e-07
-5.8955e-07
-5.8531e-07
-5.83e-07
-5.5857e-07
-3.4832e-07
-5.6188e-07
-5.8939e-07
-5.8762e-07
-5.6076e-07
-3.5068e-07
