279.04
2.4548
0.68907
0.38702
0.19832
0.06516
0.018676
0.022474
0.023614
0.011904
0.005977
0.0029948
0.003
0.0015003
0.0015007
0.00075032
0.00075041
0.0003752
0.00037523
0.00018758
0.0001876
9.3804e-05
9.3813e-05
4.6931e-05
4.694e-05
4.6937e-05
4.6938e-05
4.6939e-05
4.694e-05
4.6939e-05
4.6939e-05
4.6939e-05
4.694e-05
4.694e-05
4.694e-05
4.694e-05
4.694e-05
4.6939e-05
4.6939e-05
4.6939e-05
4.6939e-05
4.694e-05
4.694e-05
4.694e-05
4.694e-05
4.694e-05
4.6939e-05
4.6939e-05
4.6939e-05
4.6939e-05
4.694e-05
4.694e-05
4.694e-05
4.694e-05
4.694e-05
4.6939e-05
4.6939e-05
4.6939e-05
4.6939e-05
4.694e-05
4.694e-05
4.694e-05
4.694e-05
4.694e-05
0.00013527
0.00025023
0.00035935
0.00069128
0.0011056
0.002144
0.0024169
0.0024818
0.0020028
0.0016114
0.001463
0.0014123
0.0013928
0.0013878
0.0013997
0.0014072
0.0014121
0.0014035
0.0014051
0.0014081
0.00091103
0.0012703
0.0013622
0.0013922
0.0014026
0.0014068
0.00091168
0.0012688
0.0013622
0.0013942
0.0014065
0.00091152
0.0012686
0.0013622
0.0013941
0.0014064
0.00091146
0.0012688
0.001362
0.001394
0.0014063
0.00091123
0.001269
0.0013622
0.0013941
0.0014064
0.00091132
0.001269
0.0013622
0.0013941
0.0014064
0.00091132
0.001269
0.0013622
0.0013941
0.0020896
0.0030028
0.0024055
0.0016826
0.0016024
0.0015807
0.0015736
0.0015736
0.0009684
0.00073991
0.00066899
0.0006477
0.00063862
0.00063898
0.00063766
0.00063799
0.00063831
0.00063863
0.00040338
0.00058585
0.00062203
0.00063322
0.00063714
0.00040172
0.00058575
0.00062189
0.00063308
0.000637
0.00040157
0.00058571
0.00062185
0.00063304
0.00063696
0.00040155
0.00058566
0.0006218
0.00063299
0.00063691
0.00040149
0.00058562
0.0012829
0.0025546
0.0028162
0.0028796
0.0028939
0.0017926
0.0013378
0.0011494
0.0010717
0.0010385
0.0010296
0.0010356
0.0014506
0.0021867
0.0017824
0.0017107
0.0016857
0.0016781
0.0010756
0.0007505
0.0006711
0.00064942
0.0006401
0.00064359
0.00063973
0.00063995
0.00064019
0.00039415
0.00048825
0.00051864
0.00052823
0.00053017
0.00053212
0.00034918
0.00048385
0.00051564
0.00052724
0.00053225
0.00053233
0.00053122
0.00034707
0.00048335
0.00051529
0.0013689
0.0024644
0.002368
0.0023701
0.0023728
0.002377
0.0014953
0.001154
0.0010414
0.00099908
0.00098521
0.00098715
0.00098928
0.0009945
0.00099672
0.00064874
0.00089862
0.00096371
0.00098743
0.00099547
0.00064943
0.00089693
0.00096553
0.00098724
0.00099523
0.00064913
0.0008968
0.00096559
0.0009873
0.00099539
0.00064923
0.00089687
0.00096565
0.00098736
0.00099534
0.00064931
0.00089693
0.00096553
0.00098724
0.00099516
0.0006491
0.00089674
0.00096559
0.0009873
0.00099533
0.0006492
0.00089681
0.00096565
0.00098736
0.00099528
0.00064928
0.00089687
0.00096547
0.00098718
0.00099516
0.00064907
0.00089674
0.00096553
0.00098724
0.00099516
0.00064918
0.00089681
0.00096559
0.0009873
0.00099522
0.00064924
0.00089687
0.00096565
0.00098736
0.00099528
0.00064931
0.00089687
0.00096547
0.00098724
0.00099516
0.0006491
0.00089674
0.00096553
0.00098724
0.00099522
0.00064921
0.00089681
0.00096559
0.0009873
0.00099528
0.00064924
0.00089687
0.00096565
0.00098736
0.00099528
0.00064931
0.00089693
0.00096553
0.00098724
0.00099516
0.0006491
0.00089674
0.00096553
0.0009873
0.00099522
0.00064921
0.00089681
0.00096559
0.0009873
0.00099528
0.00064927
0.00089687
0.00096565
0.00098736
0.00099534
0.00064931
0.00089693
0.00096553
0.00098724
0.00099516
0.00064913
0.00089674
0.00096559
0.0009873
0.00099533
0.0006492
0.00089681
0.00096565
0.00098736
0.00099528
0.00064928
0.00089687
0.00096547
0.00098718
0.00099516
0.0006491
0.00089674
0.00096553
0.00098724
0.00099522
0.00064918
0.0008968
0.00096559
0.0009873
0.00099522
0.00064924
0.00089687
0.00096565
0.00098736
0.00099528
0.00064931
0.00089687
0.00096553
0.00098724
0.00099516
0.0006491
0.00089674
0.00096553
0.00098724
0.00099522
0.00064921
0.00089681
0.00096559
0.0009873
0.00099528
0.00064924
0.00089687
0.00096565
0.00098736
0.00099534
0.00064931
0.00089693
0.00096553
0.00098724
0.00099516
0.0006491
0.00089674
0.00096559
0.0009873
0.00099533
0.0006492
0.00089681
0.00096565
0.00098736
0.0022511
0.0034485
0.0027937
0.0026029
0.0025585
0.0025476
0.0017179
0.0014043
0.0013038
0.00128
0.0012744
0.00085919
0.001139
0.00094939
0.00088653
0.00086714
0.00086273
0.00057672
0.00077821
0.00065576
0.00046474
0.00042524
0.00041563
0.00041292
0.00041168
0.00041087
0.00025899
0.00039023
0.00040593
0.0004082
0.0004108
0.00041051
0.00041117
0.00025929
0.0003905
0.00040609
0.00040837
0.00041097
0.00041064
0.00041017
0.00025949
0.0003906
0.00040504
0.00040729
0.00040993
0.0014366
0.0025735
0.0029796
0.0030798
0.0031019
0.0020426
0.0011498
0.00089183
0.00077564
0.00073183
0.00071579
0.00072316
0.0007155
0.00071848
0.00072088
0.00072294
0.00047383
0.00064992
0.0007003
0.00071607
0.00072
0.00047085
0.0006489
0.00069945
0.00071525
0.00071919
0.00072308
0.00047193
0.00064868
0.00069937
0.00071519
0.00071913
0.00072302
0.00047187
0.00064862
0.0006993
0.00071513
0.00071907
0.00072296
0.00047181
0.00064856
0.00069924
0.00071507
0.00071901
0.0007229
0.00047175
0.00064568
0.00069717
0.00071313
0.00071909
0.00047145
0.00064652
0.00069756
0.00071355
0.00071946
0.00047179
0.00064676
0.00069781
0.00071375
0.0010177
0.0010569
0.001062
0.0010623
0.00066147
0.00090875
0.00096834
0.00098671
0.00099429
0.00061898
0.00086062
0.0009223
0.00094218
0.00095059
0.00060271
0.00083838
0.00090204
0.00092262
0.00093153
0.00059876
0.00084548
0.00090604
0.00092601
0.00093091
0.00059808
0.00082944
0.00089352
0.0009145
0.00092361
0.00059893
0.00083394
0.00089598
0.00091661
0.0009217
0.00059693
0.00083364
0.00089586
0.00091655
0.00092158
0.00059681
0.00083358
0.00089586
0.00091649
0.00092158
0.00059681
0.00083358
0.00089586
0.00096624
0.00097599
0.00098026
0.00062703
0.00088744
0.00095022
0.00096839
0.00097528
0.00097825
0.00062515
0.00088621
0.00090279
0.00091565
0.00092343
0.00092678
0.00059824
0.00083605
0.00089893
0.0009175
0.00092451
0.00092754
0.00059894
0.00083647
0.00089917
0.00091774
0.00092476
0.00092772
0.00059913
0.00083665
0.00089935
0.00091792
0.00092493
0.00092789
0.0005993
0.00082845
0.00088908
0.00091013
0.00091937
0.00059805
0.00082638
0.00088721
0.00090836
0.00091764
0.0005987
0.00082851
0.00089041
0.0009094
0.00091664
0.00091984
0.00059786
0.00082745
0.00089167
0.00091077
0.00091792
0.00092111
0.00059914
0.00082738
0.00089154
0.00091064
0.00091779
0.00092098
0.000599
0.00082817
0.00088822
0.00090918
0.0009185
0.00059952
0.00087294
0.00093996
0.00096012
0.00096513
0.00062328
0.00087333
0.00093899
0.00095963
0.00096477
0.00062291
0.00087325
0.00093906
0.0009597
0.00096483
0.00062297
0.00087315
0.00093899
0.00095963
0.00096477
0.00062294
0.000864
0.00093142
0.00095273
0.00096212
0.00062462
0.00086862
0.00093421
0.00095514
0.00096037
0.0006228
0.0008695
0.0009338
0.00095266
0.00095999
0.00096336
0.00062267
0.00086887
0.00093344
0.00095431
0.00096165
0.00096492
0.00062432
0.00086899
0.00093332
0.00095419
0.00096153
0.00096486
0.0006242
0.00086892
0.00093344
0.00095425
0.00096158
0.00096491
0.00062429
0.00086898
0.00093344
0.00095236
0.00095963
0.00096306
0.00062234
0.00086863
0.00093326
0.00094596
0.00095443
0.00095828
0.00062361
0.00086111
0.00092763
0.00094903
0.00095656
0.00062376
0.00086031
0.00092697
0.00095034
0.00095787
0.00062315
0.00086086
0.00092756
0.00094896
0.00095643
0.00062374
0.00086133
0.00092775
0.00094915
0.00095662
0.00062394
0.00086032
0.00092698
0.00105
0.0009245
0.00088615
0.00087289
0.00055462
0.00079419
0.00085004
0.00086596
0.00087349
0.00055408
0.00079373
0.00071136
0.00071151
0.0007099
0.00071509
0.00071067
0.00071224
0.00067025
0.00066039
0.00066139
0.00065681
0.00066232
0.00065801
0.00044345
0.00058665
0.00063806
0.00065051
0.00065675
0.0006567
0.00065856
0.00065838
0.00044365
0.00058795
0.00063318
0.00065185
0.00065604
0.00065799
0.00065787
0.00044306
0.00058749
0.00063276
0.0006514
0.0006556
0.0006576
0.00065749
0.00044272
0.00058718
0.00063245
0.00065109
0.00065535
0.00065735
0.00065723
0.00044252
0.00058689
0.00063213
0.00065077
0.00065503
0.00065709
0.00065697
0.00044231
0.00058679
0.00063203
0.0006507
0.00065496
0.00065697
0.00065685
0.00044227
0.00058669
0.00063192
0.00065057
0.00065489
0.00064913
0.00064501
0.0006462
0.00064151
0.00043129
0.0005704
0.00061746
0.00063604
0.00064003
0.00043004
0.00057233
0.00061735
0.0006298
0.00063994
0.00063966
0.00064546
0.00064096
0.00043085
0.00056994
0.00061697
0.00063553
0.00063952
0.00042965
0.00057188
0.00061687
0.00062932
0.00063943
0.00063921
0.00064494
0.00064044
0.00043049
0.0005695
0.0006165
0.00063502
0.00063906
0.00042927
0.00057144
0.0006164
0.00062883
0.00063898
0.0006387
0.00064443
0.00063992
0.0004301
0.00056907
0.00061602
0.00063455
0.00063854
0.00064038
0.0004306
0.0005696
0.00061655
0.00063505
0.00063503
0.00064087
0.00043014
0.00057316
0.00061399
0.0006325
0.00063653
0.00064236
0.0006379
0.00064278
0.00063568
0.00063588
0.00063135
0.0006369
0.00063228
0.00063784
0.00063317
0.00042332
0.00079422
0.00086191
0.00087988
0.00088626
0.00056123
0.00076479
0.00082123
0.00084
0.00084579
0.00053493
0.0007347
0.00079397
0.0008137
0.00081599
0.0008201
0.00052694
0.00074282
0.00079776
0.0008112
0.00081914
0.00052411
0.00074196
0.00079689
0.00081032
0.00081821
0.00052812
0.00074398
0.00079694
0.00081027
0.00081825
0.0005262
0.00074392
0.00079693
0.00081027
0.00081825
0.00052629
0.00074392
0.00079684
0.00081021
0.0008182
0.00052342
0.00074104
0.00079587
0.00080934
0.00081723
0.00052552
0.00074291
0.00079587
0.00080934
0.00081722
0.00052561
0.0007429
0.00079587
0.0008093
0.00081723
0.00052567
0.00074291
0.00079587
0.00080924
0.00081718
0.0005228
0.00073996
0.00079493
0.00080828
0.00081629
0.00052488
0.00074199
0.00079495
0.00080829
0.00081635
0.00052497
0.00074199
0.00079495
0.00080829
0.00081622
0.00052207
0.00074204
0.000795
0.00080834
0.00081631
0.00052221
0.00073916
0.00079407
0.00080741
0.00081536
0.00052427
0.00074104
0.00079407
0.00080741
0.00081536
0.00052436
0.00074104
0.00079407
0.00080741
0.00081531
0.00052152
0.00072213
0.00077498
0.00079515
0.00080353
0.00051932
0.00072375
0.00078081
0.00079482
0.00080308
0.00051894
0.00072328
0.00078034
0.00079434
0.00080255
0.0008049
0.00052083
0.000726
0.0007773
0.00079716
0.00079944
0.00080368
0.00052174
0.00071437
0.00077379
0.00078821
0.00079673
0.00051769
0.00071543
0.00077379
0.00078807
0.00079136
0.00079026
0.00079491
0.00052002
0.00071277
0.00076689
0.00078753
0.00079006
0.00079448
0.00051962
0.00071134
0.0007714
0.00078599
0.00079457
0.0005197
0.00071139
0.0007714
0.00080607
0.00081764
0.00081597
0.00053258
0.00073164
0.00079102
0.0008093
0.00081181
0.00081627
0.00053112
0.00073206
0.00079145
0.00080585
0.00081435
0.00052924
0.00073015
0.00078948
0.00080987
0.00081234
0.00081681
0.00053185
0.00073365
0.000791
0.00080537
0.00081385
0.00052891
0.00073269
