0.041293
0.058712
0.069049
0.076065
0.076056
0.076043
0.076037
0.076025
0.076013
0.076007
0.076
0.075997
0.075994
0.075991
0.075989
0.075989
0.075989
0.07599
0.07599
0.07599
0.07599
0.075989
0.075989
0.075989
0.07599
0.07599
0.075991
0.075991
0.075991
0.07599
0.07599
0.07599
0.07599
0.075989
0.075989
0.075989
0.075989
0.075989
0.075989
0.075989
0.075989
0.075989
0.075989
0.075989
0.075989
0.075989
0.075989
0.075989
0.075989
0.075989
0.075989
0.075989
0.075989
0.075989
0.075989
0.075989
0.075989
0.075989
0.075989
0.075989
0.075989
0.075989
0.075989
0.075989
0.075989
0.075989
0.075989
0.075989
0.075989
0.075989
0.075989
0.075989
0.075989
0.075989
0.075989
0.075989
0.075989
0.075989
0.075989
0.075989
0.075989
0.075989
0.075989
0.075989
0.075989
0.075989
0.075989
0.075989
0.075989
0.075989
0.075989
0.075989
0.075989
0.075989
0.075989
0.075989
0.075989
0.075989
0.075989
0.075989
0.075989
0.075989
0.075989
0.075989
0.075989
0.075989
0.075989
0.075989
0.075989
0.075989
0.075989
0.075989
0.075989
0.075989
0.075989
0.075989
0.075989
0.075989
0.075989
0.075989
0.075989
0.075989
0.075989
0.075989
0.075989
0.075989
0.075989
0.075989
0.075989
0.075989
0.075989
0.075989
0.075989
0.075989
0.075989
0.075989
0.075989
0.075989
0.075989
0.075989
0.075989
0.075989
0.075989
0.075989
0.075989
0.075989
0.075989
0.075989
0.075989
0.075989
