4.9752
4.885
2.4046
1.4538
1.0702
0.00050083
0.00050011
0.42095
0.1567
0.10467
0.018671
0.020135
0.039361
0.00050558
4.8438e-05
0.03883
9.9785e-05
0.058623
0.0033129
0.015063
0.013274
0.0022569
0.0012782
6.1168e-05
0.0090795
0.00011047
0.0020955
0.0033677
0.0030902
0.00039996
0.00035874
0.00063171
0.00067783
0.00011482
5.898e-05
5.3741e-05
4.6179e-05
4.664e-05
0.0002951
4.8963e-05
4.5264e-05
4.1984e-05
3.9414e-05
3.9833e-05
3.8819e-05
3.7934e-05
3.707e-05
3.6271e-05
3.6351e-05
3.5367e-05
3.5385e-05
3.5294e-05
3.5263e-05
3.5217e-05
3.6215e-05
4.8456e-05
5.0464e-05
5.3649e-05
5.8021e-05
6.2789e-05
6.2778e-05
6.2769e-05
4.8327e-05
4.8333e-05
5.0346e-05
5.7731e-05
5.7936e-05
6.2693e-05
8.5195e-05
4.5549e-05
8.2474e-05
4.7248e-05
4.7228e-05
5.0646e-05
8.966e-05
5.3589e-05
5.3541e-05
5.3462e-05
5.3432e-05
5.3277e-05
5.3361e-05
5.8678e-05
5.3346e-05
5.3196e-05
5.8658e-05
5.3262e-05
5.3266e-05
5.8479e-05
5.3246e-05
5.3232e-05
5.8565e-05
5.3028e-05
5.3151e-05
5.8492e-05
5.3078e-05
9.1673e-05
5.5594e-05
5.5581e-05
6.0804e-05
5.5947e-05
5.5686e-05
6.0828e-05
5.5732e-05
5.5949e-05
6.0887e-05
5.5737e-05
5.5761e-05
6.1231e-05
5.5854e-05
5.5824e-05
9.3428e-05
5.2831e-05
5.8174e-05
5.2727e-05
5.2718e-05
5.8005e-05
5.2685e-05
5.264e-05
5.8064e-05
5.2495e-05
5.2599e-05
5.7993e-05
5.256e-05
8.8042e-05
6.1281e-05
5.6161e-05
5.6144e-05
6.1505e-05
5.6185e-05
6.1296e-05
5.6267e-05
5.6505e-05
6.1393e-05
5.629e-05
5.6366e-05
6.1665e-05
5.6354e-05
5.6354e-05
6.1719e-05
5.6454e-05
5.6424e-05
6.1527e-05
5.6703e-05
5.6518e-05
6.1613e-05
5.6554e-05
5.6807e-05
6.1683e-05
5.6636e-05
6.1977e-05
