97.09
39.085
44.79
38.494
13.633
8.5621
0.0018508
0.0037
3.3678
0.62682
0.4187
0.037359
0.040315
0.078691
0.00046377
0.00046898
0.038866
0.00023552
0.029332
0.0017124
0.0075624
0.013205
0.0023241
0.0013406
0.00023431
0.0045729
0.00012643
0.00055866
0.00083492
0.001505
0.00027926
0.00031422
0.00040007
0.00079465
0.00047506
0.00046319
0.00046291
0.00046688
0.0004719
0.00056496
0.00046263
0.00046634
0.00047179
0.00046375
0.00046257
0.00046491
0.00047042
0.00046303
0.00046267
0.00046489
0.00046993
0.00046258
0.00046233
0.00046476
0.00046982
0.00046274
0.00046365
0.00046799
0.00047487
0.00046989
0.00047004
0.0004728
0.00046952
0.00046316
0.00046413
0.00046841
0.00047421
0.00047037
0.00047014
0.00046494
0.000468
0.00046454
0.0004641
0.00046692
0.00047213
0.0004684
0.00046717
0.00046842
0.0004721
0.00047817
0.00046852
0.00046934
0.00047166
0.00047728
0.00046908
0.00046849
0.00047128
0.00047643
0.0004688
0.00046868
0.00047097
0.00047467
0.00046959
0.00046896
0.00046976
0.00047386
0.00046919
0.00046841
0.00047061
0.00047481
0.0004691
0.00046895
0.00047087
0.00047667
0.00046911
0.00046871
0.00047226
0.00047876
0.00046834
0.0004696
0.00047388
0.00046965
0.00046867
0.00046903
0.00047261
0.00047842
0.00046828
0.00046884
0.00047169
0.00047582
0.00046908
0.00046889
0.00047002
0.00047432
0.00047022
0.00046826
0.00047035
0.00047551
0.00046894
0.00046884
0.00047092
0.000477
0.00046889
0.00046878
0.00047275
0.00047979
0.00046815
0.00046998
0.00047495
0.00046895
0.00046867
0.00047156
0.00047663
0.00046878
0.00046957
0.0004726
0.00047969
0.00046898
0.00046992
0.00047501
