0.0013713,-0.0013659,-0.37963,7.9183e-05,0.37964,9.3708e-06,1.3939e-06,-0.37963,7.9183e-05,0.0011544
-0.023224,0.023224,-0.25397,-0.0012488,0.25383,-0.00016311,2.1702e-05,-0.25397,-0.0012488,0.00081005
0.0018521,-0.0018521,-0.035602,-0.010728,0.035613,0.01084,-1.7288e-06,-0.035602,-0.010728,0.00043435
0.031387,-0.031387,-0.053707,0.0021638,0.053898,-0.00025553,-2.9297e-05,-0.053707,0.0021638,9.7489e-05
0.029966,-0.029966,-0.03807,0.0058435,0.038252,-0.0040215,-2.797e-05,-0.03807,0.0058435,-6.1908e-05
0.027932,-0.027932,-0.030684,0.0070834,0.030854,-0.0053851,-2.6072e-05,-0.030684,0.0070834,-0.00012205
0.026061,-0.026061,-0.027151,0.0075029,0.02731,-0.0059184,-2.4325e-05,-0.027151,0.0075029,-0.00014555
0.025645,-0.025645,-0.025831,0.0076736,0.025987,-0.0061144,-2.3937e-05,-0.025831,0.0076736,-0.00015475
0.022843,-0.022843,-0.01652,0.0055608,0.016659,-0.0041719,-2.1322e-05,-0.01652,0.0055608,-0.00011883
0.017036,-0.017036,-0.0073955,0.0068786,0.007499,-0.0058428,-1.5902e-05,-0.0073955,0.0068786,-0.00018663
0.013407,-0.013407,-0.0088334,0.012233,0.0089149,-0.011418,-1.2515e-05,-0.0088334,0.012233,-0.00034502
0.012732,-0.012732,-0.010099,0.014179,0.010176,-0.013405,-1.1884e-05,-0.010099,0.014179,-0.00040034
0.0096409,-0.0096409,-0.0054992,0.014833,0.0055578,-0.014247,-8.9989e-06,-0.0054992,0.014833,-0.00043421
0.0085323,-0.0085323,-0.0040955,0.015051,0.0041474,-0.014532,-7.964e-06,-0.0040955,0.015051,-0.0004451
0.0089684,-0.0089684,0.02319,0.00691,-0.023135,-0.0063647,-8.3711e-06,0.02319,0.00691,-0.00028056
0.023136,-0.023136,0.057671,-0.0037086,-0.057531,0.0051153,-2.1596e-05,0.057671,-0.0037086,-6.2579e-05
0.043414,-0.043414,0.064586,-0.0071179,-0.064322,0.0097574,-4.0522e-05,0.064586,-0.0071179,2.0042e-05
0.054745,-0.054745,0.069849,-0.0072021,-0.069516,0.010531,-5.1099e-05,0.069849,-0.0072021,6.6032e-06
0.061269,-0.061269,0.072803,-0.0062826,-0.072431,0.010008,-5.7189e-05,0.072803,-0.0062826,-3.0331e-05
0.065068,-0.065068,0.07406,-0.0051298,-0.073664,0.0090859,-6.0734e-05,0.07406,-0.0051298,-6.9197e-05
0.065746,-0.065746,0.060166,-0.003341,-0.059766,0.0073383,-6.1368e-05,0.060166,-0.003341,-8.134e-05
0.061009,-0.061009,0.054093,-0.0025473,-0.053722,0.0062566,-5.6946e-05,0.054093,-0.0025473,-8.7004e-05
0.059701,-0.059701,0.049529,-0.0019874,-0.049166,0.0056172,-5.5725e-05,0.049529,-0.0019874,-9.0154e-05
0.058046,-0.058046,0.046957,-0.0017135,-0.046604,0.0052427,-5.418e-05,0.046957,-0.0017135,-9.0658e-05
0.056543,-0.056543,0.045351,-0.0015806,-0.045007,0.0050184,-5.2777e-05,0.045351,-0.0015806,-8.9817e-05
0.055341,-0.055341,0.044261,-0.0015139,-0.043924,0.0048787,-5.1655e-05,0.044261,-0.0015139,-8.8529e-05
0.05439,-0.05439,0.043481,-0.0014781,-0.043151,0.004785,-5.0767e-05,0.043481,-0.0014781,-8.7248e-05
0.053256,-0.053256,0.035987,-0.0011249,-0.035663,0.0043629,-4.9709e-05,0.035987,-0.0011249,-7.5202e-05
0.051581,-0.051581,0.039165,-0.0012991,-0.038851,0.0044352,-4.8146e-05,0.039165,-0.0012991,-7.9568e-05
0.051082,-0.051082,0.040372,-0.001363,-0.040061,0.0044689,-4.768e-05,0.040372,-0.001363,-8.1293e-05
0.050388,-0.050388,0.033891,-0.0010477,-0.033585,0.0041113,-4.7032e-05,0.033891,-0.0010477,-7.1178e-05
0.049366,-0.049366,0.037639,-0.001246,-0.037339,0.0042474,-4.6078e-05,0.037639,-0.001246,-7.6543e-05
0.042348,-0.042348,0.041723,-0.0016714,-0.041465,0.0042462,-3.9527e-05,0.041723,-0.0016714,-7.6026e-05
0.042006,-0.042006,0.042064,-0.0017046,-0.041808,0.0042586,-3.9208e-05,0.042064,-0.0017046,-7.6052e-05
0.043416,-0.043416,0.034439,-0.0012525,-0.034175,0.0038922,-4.0525e-05,0.034439,-0.0012525,-6.6617e-05
0.043397,-0.043397,0.038305,-0.0014519,-0.038042,0.0040905,-4.0507e-05,0.038305,-0.0014519,-7.231e-05
0.044778,-0.044778,0.039921,-0.0015066,-0.039649,0.0042291,-4.1796e-05,0.039921,-0.0015066,-7.556e-05
0.047382,-0.047382,0.040329,-0.0014623,-0.040041,0.0043431,-4.4226e-05,0.040329,-0.0014623,-7.8148e-05
0.047435,-0.047435,0.041381,-0.0015278,-0.041092,0.0044119,-4.4276e-05,0.041381,-0.0015278,-7.9351e-05
0.04758,-0.04758,0.03458,-0.0011711,-0.034291,0.0040639,-4.4411e-05,0.03458,-0.0011711,-6.9522e-05
0.046609,-0.046609,0.038705,-0.0014046,-0.038421,0.0042384,-4.3505e-05,0.038705,-0.0014046,-7.4964e-05
0.047113,-0.047113,0.040417,-0.0014841,-0.040131,0.0043486,-4.3975e-05,0.040417,-0.0014841,-7.7751e-05
0.047891,-0.047891,0.04124,-0.0015119,-0.040949,0.0044237,-4.4702e-05,0.04124,-0.0015119,-7.9407e-05
0.047973,-0.047973,0.034529,-0.0011607,-0.034238,0.0040774,-4.4778e-05,0.034529,-0.0011607,-6.9685e-05
0.042646,-0.042646,0.041665,-0.0012004,-0.041406,0.0037933,-3.9806e-05,0.041665,-0.0012004,-9.0169e-05
0.041008,-0.041008,0.044192,-0.0011762,-0.043942,0.0036695,-3.8277e-05,0.044192,-0.0011762,-9.8585e-05
0.040637,-0.040637,0.045106,-0.0011523,-0.044859,0.003623,-3.793e-05,0.045106,-0.0011523,-0.00010209
0.041823,-0.041823,0.036825,-0.00087871,-0.036571,0.0034216,-3.9038e-05,0.036825,-0.00087871,-8.5235e-05
0.039439,-0.039439,0.041942,-0.0010496,-0.041702,0.0034474,-3.6812e-05,0.041942,-0.0010496,-9.5596e-05
0.039219,-0.039219,0.043901,-0.0010975,-0.043663,0.003482,-3.6607e-05,0.043901,-0.0010975,-0.0001001
0.039549,-0.039549,0.044735,-0.0011111,-0.044494,0.0035157,-3.6915e-05,0.044735,-0.0011111,-0.00010222
0.041013,-0.041013,0.036504,-0.00085468,-0.036255,0.0033483,-3.8282e-05,0.036504,-0.00085468,-8.4991e-05
0.038917,-0.038917,0.04169,-0.0010352,-0.041453,0.0034014,-3.6325e-05,0.04169,-0.0010352,-9.5266e-05
0.040722,-0.040722,0.041915,-0.00098368,-0.041667,0.0034596,-3.801e-05,0.041915,-0.00098368,-9.7518e-05
0.041898,-0.041898,0.042232,-0.00096636,-0.041977,0.0035138,-3.9108e-05,0.042232,-0.00096636,-9.9008e-05
0.043011,-0.043011,0.034819,-0.00075572,-0.034558,0.0033708,-4.0146e-05,0.034819,-0.00075572,-8.2876e-05
0.041543,-0.041543,0.039369,-0.0009009,-0.039117,0.0034267,-3.8777e-05,0.039369,-0.0009009,-9.2295e-05
0.041751,-0.041751,0.041206,-0.00094299,-0.040952,0.0034815,-3.8971e-05,0.041206,-0.00094299,-9.66e-05
0.042334,-0.042334,0.042049,-0.00095623,-0.041791,0.0035301,-3.9515e-05,0.042049,-0.00095623,-9.8758e-05
0.043272,-0.043272,0.034782,-0.00075385,-0.034519,0.0033848,-4.039e-05,0.034782,-0.00075385,-8.2821e-05
0.041689,-0.041689,0.039385,-0.00090184,-0.039132,0.0034365,-3.8913e-05,0.039385,-0.00090184,-9.2315e-05
0.041847,-0.041847,0.041229,-0.00094405,-0.040974,0.0034884,-3.906e-05,0.041229,-0.00094405,-9.6636e-05
0.042405,-0.042405,0.042066,-0.00095651,-0.041809,0.0035347,-3.9581e-05,0.042066,-0.00095651,-9.8804e-05
0.043318,-0.043318,0.034799,-0.00075403,-0.034535,0.0033877,-4.0433e-05,0.034799,-0.00075403,-8.2866e-05
0.041728,-0.041728,0.039399,-0.00090118,-0.039145,0.0034382,-3.8949e-05,0.039399,-0.00090118,-9.2376e-05
0.041886,-0.041886,0.041241,-0.00094323,-0.040986,0.0034899,-3.9097e-05,0.041241,-0.00094323,-9.6697e-05
0.042444,-0.042444,0.04208,-0.00095609,-0.041822,0.0035367,-3.9617e-05,0.04208,-0.00095609,-9.8859e-05
0.043357,-0.043357,0.034811,-0.00075402,-0.034547,0.0033901,-4.0469e-05,0.034811,-0.00075402,-8.2903e-05
0.041737,-0.041737,0.039411,-0.00090233,-0.039157,0.0034399,-3.8957e-05,0.039411,-0.00090233,-9.2378e-05
0.04187,-0.04187,0.041253,-0.00094519,-0.040998,0.0034909,-3.9082e-05,0.041253,-0.00094519,-9.6674e-05
0.042428,-0.042428,0.042084,-0.00095769,-0.041826,0.0035373,-3.9602e-05,0.042084,-0.00095769,-9.8821e-05
0.043341,-0.043341,0.034809,-0.00075475,-0.034546,0.0033899,-4.0454e-05,0.034809,-0.00075475,-8.2875e-05
0.041748,-0.041748,0.039404,-0.00090173,-0.03915,0.00344,-3.8968e-05,0.039404,-0.00090173,-9.2376e-05
0.041906,-0.041906,0.041246,-0.00094355,-0.040991,0.0034914,-3.9115e-05,0.041246,-0.00094355,-9.6703e-05
0.042439,-0.042439,0.042083,-0.00095624,-0.041825,0.0035365,-3.9613e-05,0.042083,-0.00095624,-9.8864e-05
0.043352,-0.043352,0.034811,-0.00075389,-0.034548,0.0033897,-4.0464e-05,0.034811,-0.00075389,-8.2908e-05
0.041759,-0.041759,0.039411,-0.00090128,-0.039157,0.0034402,-3.8978e-05,0.039411,-0.00090128,-9.2411e-05
0.041917,-0.041917,0.041253,-0.00094338,-0.040998,0.0034919,-3.9125e-05,0.041253,-0.00094338,-9.673e-05
0.04245,-0.04245,0.042089,-0.00095677,-0.041831,0.0035377,-3.9623e-05,0.042089,-0.00095677,-9.8864e-05
0.043363,-0.043363,0.034816,-0.00075448,-0.034552,0.0033909,-4.0475e-05,0.034816,-0.00075448,-8.2904e-05
0.041743,-0.041743,0.039412,-0.00090271,-0.039159,0.0034407,-3.8963e-05,0.039412,-0.00090271,-9.2371e-05
0.041876,-0.041876,0.041251,-0.0009451,-0.040996,0.0034912,-3.9087e-05,0.041251,-0.0009451,-9.6671e-05
0.042434,-0.042434,0.042083,-0.00095723,-0.041825,0.0035372,-3.9608e-05,0.042083,-0.00095723,-9.8834e-05
0.043347,-0.043347,0.034811,-0.00075434,-0.034547,0.0033898,-4.046e-05,0.034811,-0.00075434,-8.2892e-05
0.041754,-0.041754,0.039407,-0.00090122,-0.039154,0.0034399,-3.8973e-05,0.039407,-0.00090122,-9.2402e-05
0.041912,-0.041912,0.041249,-0.00094314,-0.040994,0.0034914,-3.9121e-05,0.041249,-0.00094314,-9.6726e-05
0.042445,-0.042445,0.042086,-0.00095651,-0.041828,0.0035372,-3.9618e-05,0.042086,-0.00095651,-9.8865e-05
0.04367,-0.04367,0.034482,-0.00072836,-0.034216,0.0033835,-4.0762e-05,0.034482,-0.00072836,-8.2682e-05
0.042478,-0.042478,0.038461,-0.00083198,-0.038203,0.0034147,-3.9649e-05,0.038461,-0.00083198,-9.1629e-05
0.042762,-0.042762,0.040076,-0.00085813,-0.039816,0.0034581,-3.9914e-05,0.040076,-0.00085813,-9.5745e-05
0.043346,-0.043346,0.04083,-0.0008651,-0.040567,0.0035005,-4.0459e-05,0.04083,-0.0008651,-9.7825e-05
0.044059,-0.044059,0.033961,-0.00069144,-0.033694,0.0033702,-4.1125e-05,0.033961,-0.00069144,-8.2223e-05
0.042617,-0.042617,0.038268,-0.00081817,-0.038009,0.0034093,-3.9779e-05,0.038268,-0.00081817,-9.1463e-05
0.042826,-0.042826,0.040003,-0.00085196,-0.039743,0.0034558,-3.9974e-05,0.040003,-0.00085196,-9.571e-05
0.04336,-0.04336,0.040801,-0.00086197,-0.040537,0.0034983,-4.0472e-05,0.040801,-0.00086197,-9.783e-05
0.04406,-0.04406,0.033948,-0.00068977,-0.03368,0.0033686,-4.1126e-05,0.033948,-0.00068977,-8.2233e-05
0.042618,-0.042618,0.038262,-0.00081708,-0.038002,0.0034083,-3.978e-05,0.038262,-0.00081708,-9.1476e-05
0.042827,-0.042827,0.040004,-0.00085183,-0.039743,0.0034557,-3.9975e-05,0.040004,-0.00085183,-9.5715e-05
0.043361,-0.043361,0.040803,-0.00086254,-0.040539,0.0034989,-4.0473e-05,0.040803,-0.00086254,-9.782e-05
0.044161,-0.044161,0.033838,-0.00068037,-0.033569,0.0033654,-4.122e-05,0.033838,-0.00068037,-8.2183e-05
0.042819,-0.042819,0.037937,-0.00079047,-0.037676,0.0033939,-3.9968e-05,0.037937,-0.00079047,-9.1297e-05
0.043028,-0.043028,0.039592,-0.00081849,-0.03933,0.0034346,-4.0162e-05,0.039592,-0.00081849,-9.5478e-05
0.043587,-0.043587,0.040354,-0.00082524,-0.040089,0.0034753,-4.0684e-05,0.040354,-0.00082524,-9.759e-05
0.044237,-0.044237,0.033639,-0.00066399,-0.03337,0.0033536,-4.1291e-05,0.033639,-0.00066399,-8.2076e-05
0.040622,-0.040622,0.040435,-0.00082091,-0.040188,0.0032907,-3.7917e-05,0.040435,-0.00082091,-9.7966e-05
0.03997,-0.03997,0.043003,-0.00085481,-0.04276,0.003285,-3.7308e-05,0.043003,-0.00085481,-0.00010474
0.040194,-0.040194,0.044057,-0.00085954,-0.043812,0.0033033,-3.7517e-05,0.044057,-0.00085954,-0.0001078
0.041503,-0.041503,0.036098,-0.00067865,-0.035845,0.003202,-3.8739e-05,0.036098,-0.00067865,-8.9106e-05
0.039513,-0.039513,0.041195,-0.00081037,-0.040955,0.0032127,-3.6881e-05,0.041195,-0.00081037,-0.0001006
0.039487,-0.039487,0.043198,-0.00084404,-0.042958,0.0032448,-3.6857e-05,0.043198,-0.00084404,-0.00010566
0.039981,-0.039981,0.044075,-0.00085191,-0.043832,0.0032827,-3.7318e-05,0.044075,-0.00085191,-0.00010809
0.04137,-0.04137,0.036079,-0.00067377,-0.035827,0.0031891,-3.8615e-05,0.036079,-0.00067377,-8.9196e-05
0.039427,-0.039427,0.041168,-0.00080743,-0.040928,0.0032046,-3.6802e-05,0.041168,-0.00080743,-0.0001006
0.039451,-0.039451,0.043173,-0.0008414,-0.042933,0.00324,-3.6823e-05,0.043173,-0.0008414,-0.00010567
0.03995,-0.03995,0.044059,-0.00084988,-0.043816,0.0032788,-3.7289e-05,0.044059,-0.00084988,-0.0001081
0.041344,-0.041344,0.036067,-0.00067249,-0.035816,0.0031862,-3.8591e-05,0.036067,-0.00067249,-8.9201e-05
0.039404,-0.039404,0.041165,-0.00080682,-0.040925,0.0032026,-3.678e-05,0.041165,-0.00080682,-0.00010061
0.039428,-0.039428,0.04317,-0.00084141,-0.04293,0.0032386,-3.6802e-05,0.04317,-0.00084141,-0.00010566
0.039932,-0.039932,0.044057,-0.00085065,-0.043815,0.0032785,-3.7273e-05,0.044057,-0.00085065,-0.00010807
0.041329,-0.041329,0.036065,-0.0006732,-0.035814,0.003186,-3.8576e-05,0.036065,-0.0006732,-8.9172e-05
0.039391,-0.039391,0.041159,-0.00080762,-0.04092,0.0032026,-3.6768e-05,0.041159,-0.00080762,-0.00010057
0.039415,-0.039415,0.043162,-0.00084198,-0.042923,0.0032384,-3.679e-05,0.043162,-0.00084198,-0.00010562
0.039919,-0.039919,0.04405,-0.00085061,-0.043807,0.0032777,-3.726e-05,0.04405,-0.00085061,-0.00010805
0.041317,-0.041317,0.036059,-0.00067287,-0.035808,0.003185,-3.8566e-05,0.036059,-0.00067287,-8.9165e-05
0.039382,-0.039382,0.041155,-0.00080663,-0.040915,0.003201,-3.6759e-05,0.041155,-0.00080663,-0.00010059
0.039406,-0.039406,0.043161,-0.00084116,-0.042922,0.003237,-3.6781e-05,0.043161,-0.00084116,-0.00010564
0.039912,-0.039912,0.044052,-0.00085031,-0.043809,0.003277,-3.7254e-05,0.044052,-0.00085031,-0.00010807
0.041311,-0.041311,0.03606,-0.00067286,-0.035809,0.0031846,-3.856e-05,0.03606,-0.00067286,-8.9169e-05
0.039376,-0.039376,0.041156,-0.00080731,-0.040917,0.0032014,-3.6754e-05,0.041156,-0.00080731,-0.00010057
0.040988,-0.040988,0.041599,-0.00082293,-0.04135,0.003315,-3.8258e-05,0.041599,-0.00082293,-0.00010144
0.042106,-0.042106,0.041988,-0.00083294,-0.041732,0.003393,-3.9302e-05,0.041988,-0.00083294,-0.00010232
0.043155,-0.043155,0.034669,-0.00066735,-0.034407,0.0032912,-4.0281e-05,0.034669,-0.00066735,-8.5107e-05
0.041709,-0.041709,0.039179,-0.00079638,-0.038926,0.0033323,-3.8932e-05,0.039179,-0.00079638,-9.4895e-05
0.041939,-0.041939,0.041004,-0.00083128,-0.040749,0.0033812,-3.9146e-05,0.041004,-0.00083128,-9.9383e-05
0.042519,-0.042519,0.041845,-0.00084157,-0.041586,0.0034267,-3.9687e-05,0.041845,-0.00084157,-0.00010163
0.043418,-0.043418,0.034649,-0.00067335,-0.034385,0.0033132,-4.0526e-05,0.034649,-0.00067335,-8.4863e-05
0.041852,-0.041852,0.039207,-0.00080039,-0.038953,0.003345,-3.9065e-05,0.039207,-0.00080039,-9.4858e-05
0.042007,-0.042007,0.041039,-0.00083459,-0.040784,0.0033886,-3.921e-05,0.041039,-0.00083459,-9.9387e-05
0.042562,-0.042562,0.041872,-0.00084424,-0.041613,0.003432,-3.9728e-05,0.041872,-0.00084424,-0.00010163
0.043448,-0.043448,0.034668,-0.00067526,-0.034404,0.0033169,-4.0555e-05,0.034668,-0.00067526,-8.4862e-05
0.04188,-0.04188,0.039218,-0.00080165,-0.038963,0.0033479,-3.909e-05,0.039218,-0.00080165,-9.4853e-05
0.042035,-0.042035,0.041043,-0.0008351,-0.040787,0.0033908,-3.9236e-05,0.041043,-0.0008351,-9.9383e-05
0.042565,-0.042565,0.041872,-0.00084447,-0.041613,0.0034324,-3.973e-05,0.041872,-0.00084447,-0.00010162
0.043451,-0.043451,0.034668,-0.00067497,-0.034404,0.0033168,-4.0558e-05,0.034668,-0.00067497,-8.4871e-05
0.04188,-0.04188,0.039218,-0.00080094,-0.038963,0.0033473,-3.9091e-05,0.039218,-0.00080094,-9.4874e-05
0.042035,-0.042035,0.041045,-0.00083428,-0.040789,0.00339,-3.9236e-05,0.041045,-0.00083428,-9.9414e-05
0.042565,-0.042565,0.041877,-0.00084406,-0.041619,0.003432,-3.973e-05,0.041877,-0.00084406,-0.00010165
0.043451,-0.043451,0.034671,-0.00067495,-0.034407,0.0033168,-4.0558e-05,0.034671,-0.00067495,-8.4883e-05
0.04188,-0.04188,0.039223,-0.00080163,-0.038968,0.0033479,-3.9091e-05,0.039223,-0.00080163,-9.4867e-05
0.042035,-0.042035,0.041048,-0.00083557,-0.040792,0.0033913,-3.9236e-05,0.041048,-0.00083557,-9.9385e-05
0.042565,-0.042565,0.041877,-0.00084516,-0.041618,0.0034331,-3.973e-05,0.041877,-0.00084516,-0.00010161
0.043451,-0.043451,0.034669,-0.00067552,-0.034405,0.0033174,-4.0558e-05,0.034669,-0.00067552,-8.4859e-05
0.04188,-0.04188,0.039217,-0.0008016,-0.038963,0.0033479,-3.9091e-05,0.039217,-0.0008016,-9.4852e-05
0.042035,-0.042035,0.041046,-0.00083468,-0.04079,0.0033904,-3.9236e-05,0.041046,-0.00083468,-9.9404e-05
0.042565,-0.042565,0.041877,-0.00084397,-0.041618,0.0034319,-3.973e-05,0.041877,-0.00084397,-0.00010165
0.043451,-0.043451,0.03467,-0.00067476,-0.034406,0.0033166,-4.0558e-05,0.03467,-0.00067476,-8.4885e-05
0.04188,-0.04188,0.039222,-0.00080106,-0.038967,0.0033474,-3.9091e-05,0.039222,-0.00080106,-9.4882e-05
0.042035,-0.042035,0.041049,-0.00083477,-0.040793,0.0033905,-3.9236e-05,0.041049,-0.00083477,-9.9411e-05
0.042565,-0.042565,0.04188,-0.0008446,-0.041621,0.0034326,-3.973e-05,0.04188,-0.0008446,-0.00010164
0.043451,-0.043451,0.034672,-0.00067547,-0.034408,0.0033173,-4.0558e-05,0.034672,-0.00067547,-8.487e-05
0.04188,-0.04188,0.039222,-0.00080191,-0.038967,0.0033482,-3.9091e-05,0.039222,-0.00080191,-9.4857e-05
0.042035,-0.042035,0.041045,-0.00083521,-0.04079,0.0033909,-3.9236e-05,0.041045,-0.00083521,-9.9387e-05
0.042565,-0.042565,0.041874,-0.00084458,-0.041616,0.0034325,-3.973e-05,0.041874,-0.00084458,-0.00010162
0.043451,-0.043451,0.034668,-0.00067507,-0.034404,0.0033169,-4.0558e-05,0.034668,-0.00067507,-8.487e-05
0.04188,-0.04188,0.039218,-0.00080088,-0.038963,0.0033472,-3.9091e-05,0.039218,-0.00080088,-9.4876e-05
0.042035,-0.042035,0.041045,-0.00083438,-0.040789,0.0033901,-3.9236e-05,0.041045,-0.00083438,-9.9411e-05
0.042565,-0.042565,0.041877,-0.00084416,-0.041619,0.0034321,-3.973e-05,0.041877,-0.00084416,-0.00010164
0.043451,-0.043451,0.034671,-0.00067497,-0.034407,0.0033168,-4.0558e-05,0.034671,-0.00067497,-8.4882e-05
0.04188,-0.04188,0.039223,-0.00080165,-0.038968,0.003348,-3.9091e-05,0.039223,-0.00080165,-9.4867e-05
0.042035,-0.042035,0.041048,-0.00083545,-0.040792,0.0033912,-3.9236e-05,0.041048,-0.00083545,-9.9388e-05
0.042565,-0.042565,0.041877,-0.00084505,-0.041618,0.003433,-3.973e-05,0.041877,-0.00084505,-0.00010162
0.043451,-0.043451,0.034669,-0.0006755,-0.034405,0.0033173,-4.0558e-05,0.034669,-0.0006755,-8.486e-05
0.04188,-0.04188,0.039217,-0.00080155,-0.038963,0.0033479,-3.9091e-05,0.039217,-0.00080155,-9.4854e-05
0.042035,-0.042035,0.041046,-0.00083465,-0.04079,0.0033904,-3.9236e-05,0.041046,-0.00083465,-9.9405e-05
0.042565,-0.042565,0.041877,-0.00084395,-0.041618,0.0034319,-3.973e-05,0.041877,-0.00084395,-0.00010165
0.043451,-0.043451,0.03467,-0.00067474,-0.034406,0.0033166,-4.0558e-05,0.03467,-0.00067474,-8.4885e-05
0.04188,-0.04188,0.039222,-0.00080122,-0.038967,0.0033475,-3.9091e-05,0.039222,-0.00080122,-9.4877e-05
0.042035,-0.042035,0.041049,-0.00083491,-0.040793,0.0033906,-3.9236e-05,0.041049,-0.00083491,-9.9407e-05
0.042565,-0.042565,0.04188,-0.00084472,-0.041621,0.0034327,-3.973e-05,0.04188,-0.00084472,-0.00010163
0.043451,-0.043451,0.034672,-0.0006755,-0.034408,0.0033173,-4.0558e-05,0.034672,-0.0006755,-8.4869e-05
0.04188,-0.04188,0.039222,-0.00080193,-0.038967,0.0033482,-3.9091e-05,0.039222,-0.00080193,-9.4856e-05
0.042035,-0.042035,0.041045,-0.00083522,-0.04079,0.003391,-3.9236e-05,0.041045,-0.00083522,-9.9387e-05
0.042565,-0.042565,0.041874,-0.00084461,-0.041616,0.0034326,-3.973e-05,0.041874,-0.00084461,-0.00010162
0.043451,-0.043451,0.034668,-0.00067513,-0.034404,0.003317,-4.0558e-05,0.034668,-0.00067513,-8.4868e-05
0.04188,-0.04188,0.03922,-0.00080112,-0.038965,0.0033474,-3.9091e-05,0.03922,-0.00080112,-9.4874e-05
0.042035,-0.042035,0.041047,-0.00083444,-0.040791,0.0033902,-3.9236e-05,0.041047,-0.00083444,-9.9415e-05
0.042565,-0.042565,0.041879,-0.00084407,-0.041621,0.003432,-3.973e-05,0.041879,-0.00084407,-0.00010165
0.043451,-0.043451,0.034672,-0.00067496,-0.034408,0.0033168,-4.0558e-05,0.034672,-0.00067496,-8.4883e-05
0.04188,-0.04188,0.039224,-0.00080164,-0.038969,0.0033479,-3.9091e-05,0.039224,-0.00080164,-9.487e-05
0.042035,-0.042035,0.041049,-0.00083558,-0.040793,0.0033913,-3.9236e-05,0.041049,-0.00083558,-9.9387e-05
0.043151,-0.043151,0.041168,-0.00082545,-0.040905,0.003449,-4.0277e-05,0.041168,-0.00082545,-0.00010006
0.044001,-0.044001,0.034102,-0.00066103,-0.033834,0.0033363,-4.107e-05,0.034102,-0.00066103,-8.3574e-05
0.042608,-0.042608,0.038314,-0.0007803,-0.038055,0.0033709,-3.977e-05,0.038314,-0.0007803,-9.2753e-05
0.042816,-0.042816,0.040014,-0.00081147,-0.039754,0.0034147,-3.9964e-05,0.040014,-0.00081147,-9.6975e-05
0.043374,-0.043374,0.040795,-0.00081968,-0.040531,0.0034568,-4.0485e-05,0.040795,-0.00081968,-9.9098e-05
0.044074,-0.044074,0.033943,-0.0006599,-0.033675,0.0033396,-4.1139e-05,0.033943,-0.0006599,-8.3125e-05
0.042631,-0.042631,0.038252,-0.00077975,-0.037992,0.0033717,-3.9792e-05,0.038252,-0.00077975,-9.258e-05
0.042839,-0.042839,0.03999,-0.00081118,-0.03973,0.0034158,-3.9986e-05,0.03999,-0.00081118,-9.691e-05
0.043397,-0.043397,0.040789,-0.00082026,-0.040526,0.0034588,-4.0506e-05,0.040789,-0.00082026,-9.9064e-05
0.044097,-0.044097,0.033943,-0.00066055,-0.033675,0.0033416,-4.116e-05,0.033943,-0.00066055,-8.3106e-05
