69.94
1.1817
0.15253
0.46872
0.073785
0.060134
0.058317
0.057221
0.035591
0.024641
0.039438
0.035033
0.031645
0.031144
0.044522
0.073863
0.07661
0.082597
0.086637
0.088705
0.070837
0.059389
0.052608
0.049939
0.048169
0.046954
0.046082
0.038593
0.045395
0.045654
0.035601
0.043212
0.055497
0.048827
0.036207
0.045437
0.04557
0.045061
0.047058
0.036396
0.045084
0.045529
0.045976
0.036321
0.047305
0.045566
0.046751
0.038842
0.048276
0.045334
0.04627
0.038221
0.048072
0.042701
0.042948
0.036609
0.044298
0.044855
0.045266
0.035194
0.044207
0.044767
0.045183
0.03521
0.044219
0.044778
0.045195
0.035224
0.044231
0.044791
0.045199
0.035223
0.044228
0.044788
0.0452
0.035224
0.044232
0.04479
0.045204
0.03523
0.044235
0.04479
0.0452
0.035223
0.044228
0.044787
0.045203
0.03599
0.043328
0.043747
0.044101
0.034614
0.042663
0.043176
0.043574
0.034591
0.042648
0.040387
0.04123
0.035336
0.042363
0.04282
0.040626
0.035192
0.046002
0.04423
0.045482
0.038008
0.047133
0.04439
0.04536
0.037754
0.047143
0.044371
0.045343
0.037741
0.047138
0.044369
0.045342
0.037739
0.047135
0.044362
0.045332
0.037732
0.047132
0.044361
0.045336
0.037202
0.047134
0.042298
0.042648
0.036455
0.044003
0.044561
0.044978
0.03509
0.043944
0.044503
0.044918
0.035112
0.043958
0.041536
0.042421
0.036369
0.043957
0.041538
0.042424
0.036373
0.043961
0.044519
0.042274
0.03604
0.043958
0.044515
0.044925
0.035114
0.043962
0.044517
0.044929
0.035116
0.04396
0.041535
0.042421
0.03637
0.043959
0.041538
0.042425
0.036373
0.043961
0.044519
0.042274
0.03604
0.043958
0.044515
0.044925
0.035114
0.043962
0.044517
0.044929
0.035116
0.04396
0.041535
0.042421
0.03637
0.043961
0.044516
0.044926
0.035116
0.043962
0.04452
0.04148
0.035642
0.042829
0.043315
0.043696
0.03534
0.042636
0.043148
0.043552
0.034592
