139.9
4.8649
1.5393
0.89461
0.17827
0.14254
0.12594
0.11799
0.19082
0.075222
0.032751
0.032003
0.033715
0.031506
0.051874
0.065903
0.077442
0.080812
0.085311
0.08809
0.15913
0.13027
0.11436
0.10497
0.099437
0.095986
0.093635
0.17744
0.083613
0.088466
0.16736
0.077872
0.09529
0.096626
0.17483
0.082062
0.087887
0.089424
0.09171
0.17153
0.08076
0.087297
0.090269
0.17032
0.074473
0.085768
0.091584
0.18438
0.081287
0.086405
0.090814
0.1829
0.080672
0.085508
0.085589
0.17072
0.076118
0.084795
0.088393
0.17212
0.075822
0.084605
0.08823
0.17207
0.075853
0.084628
0.08825
0.17212
0.075877
0.084657
0.088281
0.17214
0.075883
0.084646
0.088267
0.17214
0.075881
0.084654
0.088275
0.17216
0.075892
0.084664
0.088282
0.17214
0.075882
0.084648
0.088269
0.1696
0.076147
0.08335
0.08637
0.16702
0.074108
0.081938
0.085224
0.16638
0.074058
0.077663
0.081136
0.16413
0.07418
0.081501
0.079932
0.16228
0.072619
0.083156
0.088872
0.1797
0.079292
0.084544
0.088959
0.17963
0.079328
0.084502
0.08891
0.17957
0.0793
0.084502
0.088911
0.17957
0.079298
0.084491
0.088896
0.17954
0.079286
0.084485
0.088896
0.17927
0.07929
0.084226
0.084834
0.16961
0.075733
0.084273
0.08783
0.17114
0.075508
0.084145
0.087728
0.17116
0.075555
0.07961
0.083374
0.16897
0.075555
0.07961
0.083378
0.16899
0.075563
0.084186
0.082967
0.16878
0.075562
0.084177
0.087753
0.17119
0.075562
0.084186
0.087758
0.1712
0.075567
0.079618
0.083379
0.16897
0.075557
0.07961
0.083379
0.16899
0.075562
0.084186
0.082967
0.16878
0.075562
0.084177
0.087753
0.17119
0.075562
0.084186
0.087758
0.1712
0.075567
0.079618
0.083379
0.16897
0.075557
0.08418
0.087753
0.17119
0.075567
0.08419
0.083023
0.16568
0.074652
0.082298
0.085507
0.16408
0.074055
0.081888
0.085179
0.16632
