0.061446,-0.061447,-0.1998,0.00015515,0.20017,0.0035797,-5.7896e-05,-0.1998,0.00015515,0.0006021,-0.1998,0.00015515,0.0006021
0.029512,-0.029512,-0.049721,-0.00036345,0.0499,0.0021578,-2.7548e-05,-0.049721,-0.00036345,0.0001622,-0.049721,-0.00036345,0.0001622
0.043875,-0.043875,0.76292,0.27063,-0.76266,-0.26797,-4.0953e-05,0.76292,0.27063,-0.010547,0.76292,0.27063,-0.010547
0.046934,-0.046934,-0.022566,0.22181,0.022852,-0.21895,-4.3808e-05,-0.022566,0.22181,-0.0066743,-0.022566,0.22181,-0.0066743
0.025541,-0.025541,-0.077537,0.027042,0.077692,-0.025489,-2.384e-05,-0.077537,0.027042,-0.00058636,-0.077537,0.027042,-0.00058636
-0.0092768,0.0092768,-0.041641,-0.045216,0.041585,0.044652,8.659e-06,-0.041641,-0.045216,0.0015012,-0.041641,-0.045216,0.0015012
-0.0014489,0.0014489,-0.051622,-0.043682,0.051613,0.043594,1.3524e-06,-0.051622,-0.043682,0.0014849,-0.051622,-0.043682,0.0014849
-0.0035659,0.0035659,-0.049241,-0.024938,0.049219,0.024721,3.3284e-06,-0.049241,-0.024938,0.0009078,-0.049241,-0.024938,0.0009078
-0.0028879,0.0028879,-0.039737,-0.012508,0.039719,0.012332,2.6956e-06,-0.039737,-0.012508,0.00050104,-0.039737,-0.012508,0.00050104
0.0024647,-0.0024647,-0.013507,-0.0030907,0.013522,0.0032406,-2.3005e-06,-0.013507,-0.0030907,0.00013502,-0.013507,-0.0030907,0.00013502
-0.00016053,0.00016053,-0.013347,-0.0046666,0.013346,0.0046569,1.4984e-07,-0.013347,-0.0046666,0.00018244,-0.013347,-0.0046666,0.00018244
-0.0023885,0.0023885,-0.0034453,-0.0024023,0.0034308,0.0022571,2.2295e-06,-0.0034453,-0.0024023,8.3503e-05,-0.0034453,-0.0024023,8.3503e-05
-0.0024632,0.0024632,-0.0018941,-0.00063366,0.0018791,0.0004839,2.2991e-06,-0.0018941,-0.00063366,2.5021e-05,-0.0018941,-0.00063366,2.5021e-05
0.0010748,-0.0010748,-0.0019774,-0.00089832,0.0019839,0.00096367,-1.0032e-06,-0.0019774,-0.00089832,3.332e-05,-0.0019774,-0.00089832,3.332e-05
-0.0015981,0.0015981,-0.017204,0.00032933,0.017195,-0.0004265,1.4916e-06,-0.017204,0.00032933,4.2289e-05,-0.017204,0.00032933,4.2289e-05
3.1377e-05,-3.1377e-05,-0.011147,8.3465e-05,0.011147,-8.1557e-05,-2.9287e-08,-0.011147,8.3465e-05,3.135e-05,-0.011147,8.3465e-05,3.135e-05
-7.684e-05,7.684e-05,-0.01889,0.00010351,0.018889,-0.00010819,7.1723e-08,-0.01889,0.00010351,5.4278e-05,-0.01889,0.00010351,5.4278e-05
-0.0027028,0.0027028,-0.018499,3.421e-05,0.018482,-0.00019854,2.5228e-06,-0.018499,3.421e-05,5.5196e-05,-0.018499,3.421e-05,5.5196e-05
-0.0019727,0.0019727,-0.0091356,-1.4799e-05,0.0091236,-0.00010514,1.8414e-06,-0.0091356,-1.4799e-05,2.8222e-05,-0.0091356,-1.4799e-05,2.8222e-05
-0.00051396,0.00051396,-0.026241,0.00034343,0.026238,-0.00037468,4.7973e-07,-0.026241,0.00034343,6.9333e-05,-0.026241,0.00034343,6.9333e-05
2.0231e-05,-2.0231e-05,-0.020712,0.0001426,0.020712,-0.00014137,-1.8883e-08,-0.020712,0.0001426,5.8629e-05,-0.020712,0.0001426,5.8629e-05
-0.00063934,0.00063934,-0.021968,0.00016443,0.021964,-0.00020331,5.9676e-07,-0.021968,0.00016443,6.1784e-05,-0.021968,0.00016443,6.1784e-05
-0.00060821,0.00060821,-0.01679,9.5461e-05,0.016787,-0.00013244,5.6771e-07,-0.01679,9.5461e-05,4.814e-05,-0.01679,9.5461e-05,4.814e-05
-0.00049208,0.00049208,-0.010709,4.5686e-05,0.010706,-7.5605e-05,4.5931e-07,-0.010709,4.5686e-05,3.1166e-05,-0.010709,4.5686e-05,3.1166e-05
-2.4816e-06,2.4816e-06,-0.0061574,2.7878e-05,0.0061574,-2.8029e-05,2.3163e-09,-0.0061574,2.7878e-05,1.7871e-05,-0.0061574,2.7878e-05,1.7871e-05
-4.8436e-06,4.8436e-06,-0.0033131,1.4357e-05,0.003313,-1.4652e-05,4.521e-09,-0.0033131,1.4357e-05,9.6352e-06,-0.0033131,1.4357e-05,9.6352e-06
-0.00055483,0.00055483,-0.0017787,7.6858e-07,0.0017754,-3.4502e-05,5.1788e-07,-0.0017787,7.6858e-07,5.384e-06,-0.0017787,7.6858e-07,5.384e-06
-0.00036681,0.00036681,-0.00095028,-3.2262e-06,0.00094805,-1.9076e-05,3.4238e-07,-0.00095028,-3.2262e-06,2.9869e-06,-0.00095028,-3.2262e-06,2.9869e-06
0.00028838,-0.00028838,-3.1181e-05,6.5288e-06,3.2935e-05,1.1005e-05,-2.6917e-07,-3.1181e-05,6.5288e-06,-1.0368e-07,-3.1181e-05,6.5288e-06,-1.0368e-07
0.00080108,-0.00080108,-0.00049512,1.4626e-05,0.00049999,3.408e-05,-7.4773e-07,-0.00049512,1.4626e-05,1.0605e-06,-0.00049512,1.4626e-05,1.0605e-06
-3.2616e-07,3.2616e-07,-2.1589e-05,-1.7804e-06,2.1587e-05,1.7606e-06,3.0444e-10,-2.1589e-05,-1.7804e-06,1.1976e-07,-2.1589e-05,-1.7804e-06,1.1976e-07
-3.856e-06,3.856e-06,-0.00051848,5.6993e-05,0.00051846,-5.7227e-05,3.5992e-09,-0.00051848,5.6993e-05,-1.564e-07,-0.00051848,5.6993e-05,-1.564e-07
-0.0011579,0.0011579,-0.00028494,7.5188e-05,0.0002779,-0.00014559,1.0808e-06,-0.00028494,7.5188e-05,-1.4195e-06,-0.00028494,7.5188e-05,-1.4195e-06
-3.2617e-06,3.2617e-06,-5.4106e-06,-4.9063e-06,5.3908e-06,4.7079e-06,3.0445e-09,-5.4106e-06,-4.9063e-06,1.656e-07,-5.4106e-06,-4.9063e-06,1.656e-07
-1.1157e-05,1.1157e-05,-0.0003041,7.8495e-05,0.00030403,-7.9173e-05,1.0414e-08,-0.0003041,7.8495e-05,-1.4618e-06,-0.0003041,7.8495e-05,-1.4618e-06
1.562e-06,-1.562e-06,-9.8033e-05,2.1329e-05,9.8042e-05,-2.1234e-05,-1.4579e-09,-9.8033e-05,2.1329e-05,-3.5037e-07,-9.8033e-05,2.1329e-05,-3.5037e-07
-4.5713e-06,4.5713e-06,-0.00012656,4.5844e-05,0.00012654,-4.6122e-05,4.2669e-09,-0.00012656,4.5844e-05,-1.0089e-06,-0.00012656,4.5844e-05,-1.0089e-06
-0.0014367,0.0014367,-8.7146e-05,2.2738e-05,7.8411e-05,-0.00011009,1.341e-06,-8.7146e-05,2.2738e-05,-4.263e-07,-8.7146e-05,2.2738e-05,-4.263e-07
9.8669e-06,-9.8669e-06,-5.3197e-05,1.142e-05,5.3257e-05,-1.082e-05,-9.2098e-09,-5.3197e-05,1.142e-05,-1.8545e-07,-5.3197e-05,1.142e-05,-1.8545e-07
0.0010833,-0.0010833,-8.7708e-05,4.1101e-05,9.4295e-05,2.4765e-05,-1.0112e-06,-8.7708e-05,4.1101e-05,-9.8284e-07,-8.7708e-05,4.1101e-05,-9.8284e-07
-1.6045e-06,1.6045e-06,-5.5232e-05,6.059e-06,5.5222e-05,-6.1566e-06,1.4968e-09,-5.5232e-05,6.059e-06,-1.6289e-08,-5.5232e-05,6.059e-06,-1.6289e-08
-6.2445e-06,6.2445e-06,-9.0774e-05,2.044e-05,9.0736e-05,-2.0819e-05,5.8286e-09,-9.0774e-05,2.044e-05,-3.4541e-07,-9.0774e-05,2.044e-05,-3.4541e-07
-1.073e-05,1.073e-05,-7.6038e-05,-1.1033e-06,7.5972e-05,4.5086e-07,1.0016e-08,-7.6038e-05,-1.1033e-06,2.6469e-07,-7.6038e-05,-1.1033e-06,2.6469e-07
-1.4393e-05,1.4393e-05,-4.0705e-05,1.8404e-05,4.0618e-05,-1.9279e-05,1.3434e-08,-4.0705e-05,1.8404e-05,-4.3573e-07,-4.0705e-05,1.8404e-05,-4.3573e-07
0.0017796,-0.0017796,-6.2001e-05,6.1309e-05,7.282e-05,4.689e-05,-1.6611e-06,-6.2001e-05,6.1309e-05,-1.6753e-06,-6.2001e-05,6.1309e-05,-1.6753e-06
0.00099419,-0.00099419,-3.6633e-05,3.0139e-05,4.2678e-05,3.0308e-05,-9.2798e-07,-3.6633e-05,3.0139e-05,-8.0485e-07,-3.6633e-05,3.0139e-05,-8.0485e-07
0.00036829,-0.00036829,-3.1013e-05,5.3888e-06,3.3252e-05,1.7003e-05,-3.4376e-07,-3.1013e-05,5.3888e-06,-6.954e-08,-3.1013e-05,5.3888e-06,-6.954e-08
2.3083e-05,-2.3083e-05,-2.4968e-05,2.5862e-05,2.5108e-05,-2.4458e-05,-2.1546e-08,-2.4968e-05,2.5862e-05,-7.103e-07,-2.4968e-05,2.5862e-05,-7.103e-07
-3.7915e-07,3.7915e-07,-1.3877e-05,6.0813e-05,1.3875e-05,-6.0836e-05,3.5389e-10,-1.3877e-05,6.0813e-05,-1.8065e-06,-1.3877e-05,6.0813e-05,-1.8065e-06
1.7587e-05,-1.7587e-05,-3.9964e-05,4.9803e-05,4.0071e-05,-4.8733e-05,-1.6416e-08,-3.9964e-05,4.9803e-05,-1.3925e-06,-3.9964e-05,4.9803e-05,-1.3925e-06
-0.0030369,0.0030369,-1.8013e-05,4.614e-07,-4.5164e-07,-0.00018511,2.8347e-06,-1.8013e-05,4.614e-07,4.0733e-08,-1.8013e-05,4.614e-07,4.0733e-08
-0.00025311,0.00025311,-4.4424e-05,3.7188e-05,4.2885e-05,-5.2577e-05,2.3625e-07,-4.4424e-05,3.7188e-05,-9.9546e-07,-4.4424e-05,3.7188e-05,-9.9546e-07
-2.7606e-05,2.7606e-05,-1.4754e-05,5.0727e-06,1.4586e-05,-6.7511e-06,2.5767e-08,-1.4754e-05,5.0727e-06,-1.0936e-07,-1.4754e-05,5.0727e-06,-1.0936e-07
0.00080221,-0.00080221,-2.7735e-05,0.00019509,3.2613e-05,-0.00014631,-7.4879e-07,-2.7735e-05,0.00019509,-5.8463e-06,-2.7735e-05,0.00019509,-5.8463e-06
2.7178e-06,-2.7178e-06,8.3658e-06,0.00031423,-8.3493e-06,-0.00031407,-2.5369e-09,8.3658e-06,0.00031423,-9.5781e-06,8.3658e-06,0.00031423,-9.5781e-06
1.4229e-05,-1.4229e-05,1.7302e-05,0.00037061,-1.7216e-05,-0.00036975,-1.3281e-08,1.7302e-05,0.00037061,-1.1319e-05,1.7302e-05,0.00037061,-1.1319e-05
-0.0012615,0.0012615,1.0615e-05,0.0001778,-1.8285e-05,-0.0002545,1.1775e-06,1.0615e-05,0.0001778,-5.4375e-06,1.0615e-05,0.0001778,-5.4375e-06
6.0922e-06,-6.0922e-06,3.5797e-06,0.00015692,-3.5426e-06,-0.00015655,-5.6865e-09,3.5797e-06,0.00015692,-4.7812e-06,3.5797e-06,0.00015692,-4.7812e-06
-0.0004603,0.0004603,1.4689e-05,0.00013809,-1.7488e-05,-0.00016607,4.2965e-07,1.4689e-05,0.00013809,-4.2425e-06,1.4689e-05,0.00013809,-4.2425e-06
-0.00012558,0.00012558,2.8603e-05,0.00036818,-2.9367e-05,-0.00037581,1.1722e-07,2.8603e-05,0.00036818,-1.128e-05,2.8603e-05,0.00036818,-1.128e-05
0.00016138,-0.00016138,3.8872e-05,0.0004054,-3.7891e-05,-0.00039559,-1.5063e-07,3.8872e-05,0.0004054,-1.2442e-05,3.8872e-05,0.0004054,-1.2442e-05
2.1297e-05,-2.1297e-05,3.4933e-05,0.00041648,-3.4803e-05,-0.00041518,-1.9879e-08,3.4933e-05,0.00041648,-1.2767e-05,3.4933e-05,0.00041648,-1.2767e-05
-0.00061488,0.00061488,3.1672e-05,0.00040535,-3.541e-05,-0.00044274,5.7393e-07,3.1672e-05,0.00040535,-1.2419e-05,3.1672e-05,0.00040535,-1.2419e-05
2.7701e-05,-2.7701e-05,5.2891e-05,0.00063653,-5.2722e-05,-0.00063484,-2.5856e-08,5.2891e-05,0.00063653,-1.9511e-05,5.2891e-05,0.00063653,-1.9511e-05
-9.2571e-05,9.2571e-05,-1.1942e-05,0.00021507,1.1379e-05,-0.0002207,8.6406e-08,-1.1942e-05,0.00021507,-6.5019e-06,-1.1942e-05,0.00021507,-6.5019e-06
0.00015829,-0.00015829,-1.2493e-06,5.2646e-05,2.2117e-06,-4.3022e-05,-1.4775e-07,-1.2493e-06,5.2646e-05,-1.5966e-06,-1.2493e-06,5.2646e-05,-1.5966e-06
0.00020528,-0.00020528,0.0001353,0.0015121,-0.00013405,-0.0014996,-1.9161e-07,0.0001353,0.0015121,-4.6379e-05,0.0001353,0.0015121,-4.6379e-05
3.685e-05,-3.685e-05,6.8474e-05,0.00079837,-6.825e-05,-0.00079613,-3.4396e-08,6.8474e-05,0.00079837,-2.4479e-05,6.8474e-05,0.00079837,-2.4479e-05
-1.154e-05,1.154e-05,1.8349e-06,3.5501e-06,-1.9051e-06,-4.2518e-06,1.0772e-08,1.8349e-06,3.5501e-06,-1.135e-07,1.8349e-06,3.5501e-06,-1.135e-07
-0.00064809,0.00064809,0.00030307,0.0032138,-0.00030701,-0.0032532,6.0493e-07,0.00030307,0.0032138,-9.8622e-05,0.00030307,0.0032138,-9.8622e-05
1.9899e-05,-1.9899e-05,4.6801e-05,0.00082202,-4.668e-05,-0.00082081,-1.8574e-08,4.6801e-05,0.00082202,-2.5132e-05,4.6801e-05,0.00082202,-2.5132e-05
0.00014765,-0.00014765,-4.474e-07,-6.2682e-06,1.3451e-06,1.5245e-05,-1.3782e-07,-4.474e-07,-6.2682e-06,1.9191e-07,-4.474e-07,-6.2682e-06,1.9191e-07
0.00010797,-0.00010797,0.00035728,0.0036679,-0.00035662,-0.0036614,-1.0078e-07,0.00035728,0.0036679,-0.00011259,0.00035728,0.0036679,-0.00011259
0.002207,-0.002207,0.0002399,0.002735,-0.00022648,-0.0026008,-2.06e-06,0.0002399,0.002735,-8.3874e-05,0.0002399,0.002735,-8.3874e-05
-0.00098831,0.00098831,5.4592e-05,0.00067703,-6.0601e-05,-0.00073712,9.2249e-07,5.4592e-05,0.00067703,-2.0748e-05,5.4592e-05,0.00067703,-2.0748e-05
8.9208e-05,-8.9208e-05,0.00025654,0.0024536,-0.000256,-0.0024482,-8.3267e-08,0.00025654,0.0024536,-7.5371e-05,0.00025654,0.0024536,-7.5371e-05
8.1067e-06,-8.1067e-06,1.7075e-05,2.597e-05,-1.7026e-05,-2.5477e-05,-7.5669e-09,1.7075e-05,2.597e-05,-8.4142e-07,1.7075e-05,2.597e-05,-8.4142e-07
0.0011485,-0.0011485,0.00059848,0.0060399,-0.00059149,-0.0059701,-1.072e-06,0.00059848,0.0060399,-0.00018543,0.00059848,0.0060399,-0.00018543
0.0002376,-0.0002376,0.00065276,0.006123,-0.00065131,-0.0061085,-2.2178e-07,0.00065276,0.006123,-0.00018812,0.00065276,0.006123,-0.00018812
5.3715e-05,-5.3715e-05,0.00023684,0.0023386,-0.00023651,-0.0023353,-5.0138e-08,0.00023684,0.0023386,-7.1813e-05,0.00023684,0.0023386,-7.1813e-05
0.00063571,-0.00063571,0.00033646,0.0034997,-0.00033259,-0.003461,-5.9337e-07,0.00033646,0.0034997,-0.00010741,0.00033646,0.0034997,-0.00010741
0.00015706,-0.00015706,0.0001619,0.0016351,-0.00016094,-0.0016256,-1.466e-07,0.0001619,0.0016351,-5.02e-05,0.0001619,0.0016351,-5.02e-05
3.3935e-05,-3.3935e-05,0.00011889,0.0011636,-0.00011869,-0.0011615,-3.1675e-08,0.00011889,0.0011636,-3.5734e-05,0.00011889,0.0011636,-3.5734e-05
-0.00030501,0.00030501,0.00017074,0.0017411,-0.0001726,-0.0017596,2.8469e-07,0.00017074,0.0017411,-5.3447e-05,0.00017074,0.0017411,-5.3447e-05
-0.00023761,0.00023761,0.0001029,0.0011771,-0.00010434,-0.0011916,2.2178e-07,0.0001029,0.0011771,-3.6097e-05,0.0001029,0.0011771,-3.6097e-05
4.1201e-05,-4.1201e-05,9.9181e-05,0.0010285,-9.893e-05,-0.001026,-3.8457e-08,9.9181e-05,0.0010285,-3.1568e-05,9.9181e-05,0.0010285,-3.1568e-05
0.00026227,-0.00026227,0.00026528,0.002693,-0.00026369,-0.0026771,-2.448e-07,0.00026528,0.002693,-8.2674e-05,0.00026528,0.002693,-8.2674e-05
8.8098e-05,-8.8098e-05,0.00028318,0.002758,-0.00028264,-0.0027527,-8.2231e-08,0.00028318,0.002758,-8.4705e-05,0.00028318,0.002758,-8.4705e-05
6.3067e-05,-6.3067e-05,0.00014447,0.0013734,-0.00014409,-0.0013696,-5.8867e-08,0.00014447,0.0013734,-4.2191e-05,0.00014447,0.0013734,-4.2191e-05
8.9667e-05,-8.9667e-05,0.00014421,0.0013618,-0.00014366,-0.0013563,-8.3696e-08,0.00014421,0.0013618,-4.1836e-05,0.00014421,0.0013618,-4.1836e-05
4.0934e-05,-4.0934e-05,6.7596e-05,0.00066725,-6.7347e-05,-0.00066476,-3.8208e-08,6.7596e-05,0.00066725,-2.049e-05,6.7596e-05,0.00066725,-2.049e-05
2.1342e-06,-2.1342e-06,-4.0057e-06,-1.668e-06,4.0186e-06,1.7978e-06,-1.9921e-09,-4.0057e-06,-1.668e-06,6.2885e-08,-4.0057e-06,-1.668e-06,6.2885e-08
6.4576e-05,-6.4576e-05,0.00019094,0.001961,-0.00019055,-0.0019571,-6.0275e-08,0.00019094,0.001961,-6.0196e-05,0.00019094,0.001961,-6.0196e-05
7.1653e-06,-7.1653e-06,-1.6378e-06,3.9897e-06,1.6813e-06,-3.554e-06,-6.6881e-09,-1.6378e-06,3.9897e-06,-1.1631e-07,-1.6378e-06,3.9897e-06,-1.1631e-07
0.000149,-0.000149,0.00044494,0.0044638,-0.00044404,-0.0044547,-1.3908e-07,0.00044494,0.0044638,-0.00013705,0.00044494,0.0044638,-0.00013705
4.5349e-05,-4.5349e-05,0.00012153,0.0011207,-0.00012125,-0.0011179,-4.2329e-08,0.00012153,0.0011207,-3.4438e-05,0.00012153,0.0011207,-3.4438e-05
0.00012739,-0.00012739,0.00041058,0.0041022,-0.00040981,-0.0040944,-1.1891e-07,0.00041058,0.0041022,-0.00012595,0.00041058,0.0041022,-0.00012595
9.6869e-06,-9.6869e-06,-2.7251e-07,6.143e-06,3.3141e-07,-5.5541e-06,-9.0418e-09,-2.7251e-07,6.143e-06,-1.8592e-07,-2.7251e-07,6.143e-06,-1.8592e-07
0.00126,-0.00126,0.00068648,0.0068037,-0.00067882,-0.0067271,-1.1761e-06,0.00068648,0.0068037,-0.00020892,0.00068648,0.0068037,-0.00020892
-8.216e-06,8.216e-06,9.8798e-06,1.7177e-06,-9.9298e-06,-2.2174e-06,7.6686e-09,9.8798e-06,1.7177e-06,-8.2264e-08,9.8798e-06,1.7177e-06,-8.2264e-08
0.00063099,-0.00063099,0.0020002,0.020141,-0.0019963,-0.020102,-5.8897e-07,0.0020002,0.020141,-0.00061836,0.0020002,0.020141,-0.00061836
-9.5116e-06,9.5116e-06,-9.5652e-06,-1.462e-05,9.5078e-06,1.4046e-05,8.8782e-09,-9.5652e-06,-1.462e-05,4.7356e-07,-9.5652e-06,-1.462e-05,4.7356e-07
-1.1972e-05,1.1972e-05,-2.9014e-05,-2.1211e-05,2.8941e-05,2.0483e-05,1.1175e-08,-2.9014e-05,-2.1211e-05,7.3301e-07,-2.9014e-05,-2.1211e-05,7.3301e-07
0.0023541,-0.0023541,0.0022125,0.023873,-0.0021982,-0.02373,-2.1973e-06,0.0022125,0.023873,-0.00073248,0.0022125,0.023873,-0.00073248
0.0015036,-0.0015036,0.0015053,0.016423,-0.0014962,-0.016332,-1.4034e-06,0.0015053,0.016423,-0.00050384,0.0015053,0.016423,-0.00050384
6.1646e-05,-6.1646e-05,0.00019079,0.0020496,-0.00019041,-0.0020459,-5.7539e-08,0.00019079,0.0020496,-6.2888e-05,0.00019079,0.0020496,-6.2888e-05
0.00043677,-0.00043677,0.00069052,0.0071299,-0.00068786,-0.0071033,-4.0768e-07,0.00069052,0.0071299,-0.00021885,0.00069052,0.0071299,-0.00021885
-3.8115e-05,3.8115e-05,0.00056501,0.005516,-0.00056524,-0.0055183,3.5577e-08,0.00056501,0.005516,-0.0001694,0.00056501,0.005516,-0.0001694
4.1068e-06,-4.1068e-06,2.9146e-06,-7.0075e-06,-2.8897e-06,7.2572e-06,-3.8333e-09,2.9146e-06,-7.0075e-06,2.0416e-07,2.9146e-06,-7.0075e-06,2.0416e-07
8.169e-06,-8.169e-06,-1.9818e-06,-1.3994e-05,2.0314e-06,1.4491e-05,-7.625e-09,-1.9818e-06,-1.3994e-05,4.3145e-07,-1.9818e-06,-1.3994e-05,4.3145e-07
0.00022694,-0.00022694,0.00069848,0.0070086,-0.0006971,-0.0069948,-2.1183e-07,0.00069848,0.0070086,-0.00021518,0.00069848,0.0070086,-0.00021518
0.00085016,-0.00085016,0.00067145,0.0067133,-0.00066628,-0.0066616,-7.9354e-07,0.00067145,0.0067133,-0.00020613,0.00067145,0.0067133,-0.00020613
-1.7994e-05,1.7994e-05,1.5038e-06,-5.1514e-06,-1.6132e-06,4.0573e-06,1.6796e-08,1.5038e-06,-5.1514e-06,1.5203e-07,1.5038e-06,-5.1514e-06,1.5203e-07
0.00017537,-0.00017537,0.00068649,0.0068707,-0.00068543,-0.0068601,-1.6369e-07,0.00068649,0.0068707,-0.00021096,0.00068649,0.0068707,-0.00021096
6.1708e-05,-6.1708e-05,0.00018147,0.0017106,-0.00018109,-0.0017068,-5.7598e-08,0.00018147,0.0017106,-5.2553e-05,0.00018147,0.0017106,-5.2553e-05
1.1201e-06,-1.1201e-06,3.6271e-05,0.00041852,-3.6264e-05,-0.00041845,-1.0455e-09,3.6271e-05,0.00041852,-1.2833e-05,3.6271e-05,0.00041852,-1.2833e-05
0.00024391,-0.00024391,0.00073657,0.0073016,-0.00073509,-0.0072868,-2.2767e-07,0.00073657,0.0073016,-0.00022421,0.00073657,0.0073016,-0.00022421
0.0010493,-0.0010493,0.00055017,0.0053677,-0.00054379,-0.0053039,-9.7942e-07,0.00055017,0.0053677,-0.00016485,0.00055017,0.0053677,-0.00016485
0.00050693,-0.00050693,0.00021024,0.0021433,-0.00020716,-0.0021125,-4.7317e-07,0.00021024,0.0021433,-6.5796e-05,0.00021024,0.0021433,-6.5796e-05
2.0983e-05,-2.0983e-05,5.0299e-05,0.00053889,-5.0171e-05,-0.00053762,-1.9586e-08,5.0299e-05,0.00053889,-1.6535e-05,5.0299e-05,0.00053889,-1.6535e-05
6.6551e-05,-6.6551e-05,0.00023074,0.0023433,-0.00023033,-0.0023392,-6.2119e-08,0.00023074,0.0023433,-7.1937e-05,0.00023074,0.0023433,-7.1937e-05
7.11e-05,-7.11e-05,0.00018654,0.0019263,-0.0001861,-0.0019219,-6.6365e-08,0.00018654,0.0019263,-5.9125e-05,0.00018654,0.0019263,-5.9125e-05
4.7876e-05,-4.7876e-05,0.00017615,0.0017075,-0.00017586,-0.0017046,-4.4687e-08,0.00017615,0.0017075,-5.2443e-05,0.00017615,0.0017075,-5.2443e-05
1.488e-05,-1.488e-05,5.9258e-05,0.00060354,-5.9168e-05,-0.00060264,-1.3889e-08,5.9258e-05,0.00060354,-1.8528e-05,5.9258e-05,0.00060354,-1.8528e-05
1.6673e-05,-1.6673e-05,5.05e-05,0.00048348,-5.0399e-05,-0.00048246,-1.5563e-08,5.05e-05,0.00048348,-1.4851e-05,5.05e-05,0.00048348,-1.4851e-05
1.1285e-05,-1.1285e-05,4.467e-05,0.00042018,-4.4602e-05,-0.0004195,-1.0534e-08,4.467e-05,0.00042018,-1.2909e-05,4.467e-05,0.00042018,-1.2909e-05
1.7726e-05,-1.7726e-05,4.4138e-05,0.00038238,-4.4031e-05,-0.0003813,-1.6545e-08,4.4138e-05,0.00038238,-1.1759e-05,4.4138e-05,0.00038238,-1.1759e-05
-4.1156e-06,4.1156e-06,-1.1312e-06,-3.5324e-07,1.1061e-06,1.0301e-07,3.8415e-09,-1.1312e-06,-3.5324e-07,1.4177e-08,-1.1312e-06,-3.5324e-07,1.4177e-08
0.00034309,-0.00034309,5.3841e-05,0.00054187,-5.1755e-05,-0.00052101,-3.2024e-07,5.3841e-05,0.00054187,-1.6637e-05,5.3841e-05,0.00054187,-1.6637e-05
7.2252e-07,-7.2252e-07,3.4498e-07,4.4112e-06,-3.4059e-07,-4.3673e-06,-6.744e-10,3.4498e-07,4.4112e-06,-1.3515e-07,3.4498e-07,4.4112e-06,-1.3515e-07
2.7548e-05,-2.7548e-05,0.00010096,0.0010506,-0.00010079,-0.0010489,-2.5713e-08,0.00010096,0.0010506,-3.2244e-05,0.00010096,0.0010506,-3.2244e-05
1.4054e-05,-1.4054e-05,-3.3356e-06,2.6465e-06,3.4211e-06,-1.7921e-06,-1.3118e-08,-3.3356e-06,2.6465e-06,-7.0315e-08,-3.3356e-06,2.6465e-06,-7.0315e-08
7.9485e-05,-7.9485e-05,0.00015636,0.0016995,-0.00015587,-0.0016947,-7.4191e-08,0.00015636,0.0016995,-5.2141e-05,0.00015636,0.0016995,-5.2141e-05
0.00061873,-0.00061873,0.00011101,0.001176,-0.00010724,-0.0011384,-5.7752e-07,0.00011101,0.001176,-3.6088e-05,0.00011101,0.001176,-3.6088e-05
5.2736e-05,-5.2736e-05,3.0995e-05,0.00048581,-3.0674e-05,-0.00048261,-4.9223e-08,3.0995e-05,0.00048581,-1.4863e-05,3.0995e-05,0.00048581,-1.4863e-05
0.00073748,-0.00073748,2.2907e-05,0.00040493,-1.8423e-05,-0.00036009,-6.8837e-07,2.2907e-05,0.00040493,-1.238e-05,2.2907e-05,0.00040493,-1.238e-05
0.00014289,-0.00014289,4.628e-05,0.00065865,-4.5412e-05,-0.00064997,-1.3337e-07,4.628e-05,0.00065865,-2.0164e-05,4.628e-05,0.00065865,-2.0164e-05
-6.7299e-06,6.7299e-06,1.0366e-05,0.00018957,-1.0407e-05,-0.00018998,6.2818e-09,1.0366e-05,0.00018957,-5.7945e-06,1.0366e-05,0.00018957,-5.7945e-06
4.557e-06,-4.557e-06,1.469e-05,4.2914e-05,-1.4662e-05,-4.2637e-05,-4.2535e-09,1.469e-05,4.2914e-05,-1.3492e-06,1.469e-05,4.2914e-05,-1.3492e-06
7.6951e-05,-7.6951e-05,8.919e-05,0.00070796,-8.8722e-05,-0.00070328,-7.1826e-08,8.919e-05,0.00070796,-2.1793e-05,8.919e-05,0.00070796,-2.1793e-05
-4.5099e-06,4.5099e-06,2.356e-05,0.0001616,-2.3587e-05,-0.00016187,4.2095e-09,2.356e-05,0.0001616,-4.9842e-06,2.356e-05,0.0001616,-4.9842e-06
1.054e-05,-1.054e-05,5.1421e-05,0.00056014,-5.1357e-05,-0.0005595,-9.8377e-09,5.1421e-05,0.00056014,-1.7185e-05,5.1421e-05,0.00056014,-1.7185e-05
0.00014036,-0.00014036,5.6242e-05,0.00048841,-5.5388e-05,-0.00047988,-1.3102e-07,5.6242e-05,0.00048841,-1.5019e-05,5.6242e-05,0.00048841,-1.5019e-05
1.0058e-05,-1.0058e-05,6.5908e-06,0.00015181,-6.5296e-06,-0.0001512,-9.3881e-09,6.5908e-06,0.00015181,-4.6351e-06,6.5908e-06,0.00015181,-4.6351e-06
0.0001134,-0.0001134,5.4777e-06,0.0001107,-4.7882e-06,-0.0001038,-1.0585e-07,5.4777e-06,0.0001107,-3.3818e-06,5.4777e-06,0.0001107,-3.3818e-06
-1.9774e-05,1.9774e-05,7.2098e-06,0.00010303,-7.33e-06,-0.00010424,1.8457e-08,7.2098e-06,0.00010303,-3.1541e-06,7.2098e-06,0.00010303,-3.1541e-06
0.00014469,-0.00014469,2.2587e-05,0.0002668,-2.1707e-05,-0.000258,-1.3505e-07,2.2587e-05,0.0002668,-8.1793e-06,2.2587e-05,0.0002668,-8.1793e-06
1.8639e-05,-1.8639e-05,1.8955e-05,0.00029545,-1.8842e-05,-0.00029431,-1.7397e-08,1.8955e-05,0.00029545,-9.0392e-06,1.8955e-05,0.00029545,-9.0392e-06
-7.1019e-06,7.1019e-06,-9.4955e-06,9.4837e-07,9.4523e-06,-1.3802e-06,6.6289e-09,-9.4955e-06,9.4837e-07,3.5626e-11,-9.4955e-06,9.4837e-07,3.5625e-11
9.2016e-06,-9.2016e-06,5.8623e-05,0.000922,-5.8567e-05,-0.00092145,-8.5888e-09,5.8623e-05,0.000922,-2.8207e-05,5.8623e-05,0.000922,-2.8207e-05
3.2558e-05,-3.2558e-05,2.6852e-05,0.0002345,-2.6654e-05,-0.00023252,-3.0389e-08,2.6852e-05,0.0002345,-7.2103e-06,2.6852e-05,0.0002345,-7.2103e-06
-0.00023395,0.00023395,7.9007e-05,0.00094595,-8.043e-05,-0.00096017,2.1837e-07,7.9007e-05,0.00094595,-2.8997e-05,7.9007e-05,0.00094595,-2.8997e-05
4.2701e-05,-4.2701e-05,8.3975e-05,0.00077575,-8.3716e-05,-0.00077316,-3.9857e-08,8.3975e-05,0.00077575,-2.3838e-05,8.3975e-05,0.00077575,-2.3838e-05
1.184e-05,-1.184e-05,3.7205e-05,0.00034803,-3.7133e-05,-0.00034731,-1.1052e-08,3.7205e-05,0.00034803,-1.0693e-05,3.7205e-05,0.00034803,-1.0693e-05
1.842e-05,-1.842e-05,1.1289e-05,0.00024378,-1.1177e-05,-0.00024266,-1.7193e-08,1.1289e-05,0.00024378,-7.4453e-06,1.1289e-05,0.00024378,-7.4453e-06
-5.3688e-05,5.3688e-05,2.6028e-05,0.00036119,-2.6355e-05,-0.00036445,5.0112e-08,2.6028e-05,0.00036119,-1.1059e-05,2.6028e-05,0.00036119,-1.1059e-05
-5.7945e-06,5.7945e-06,3.1618e-05,0.00033213,-3.1653e-05,-0.00033248,5.4086e-09,3.1618e-05,0.00033213,-1.0193e-05,3.1618e-05,0.00033213,-1.0193e-05
1.1565e-05,-1.1565e-05,1.4743e-05,0.00011841,-1.4673e-05,-0.0001177,-1.0795e-08,1.4743e-05,0.00011841,-3.6444e-06,1.4743e-05,0.00011841,-3.6444e-06
6.7648e-06,-6.7648e-06,3.0736e-05,0.00024835,-3.0695e-05,-0.00024794,-6.3143e-09,3.0736e-05,0.00024835,-7.6434e-06,3.0736e-05,0.00024835,-7.6434e-06
-1.4916e-06,1.4916e-06,1.9515e-05,0.0002111,-1.9524e-05,-0.00021119,1.3923e-09,1.9515e-05,0.0002111,-6.4767e-06,1.9515e-05,0.0002111,-6.4767e-06
3.7605e-06,-3.7605e-06,1.0816e-05,0.00011911,-1.0793e-05,-0.00011888,-3.51e-09,1.0816e-05,0.00011911,-3.6538e-06,1.0816e-05,0.00011911,-3.6538e-06
-4.7806e-08,4.7806e-08,4.6091e-06,2.7057e-05,-4.6094e-06,-2.706e-05,4.4622e-11,4.6091e-06,2.7057e-05,-8.3655e-07,4.6091e-06,2.7057e-05,-8.3655e-07
1.7192e-05,-1.7192e-05,7.5593e-05,0.00068192,-7.5488e-05,-0.00068088,-1.6047e-08,7.5593e-05,0.00068192,-2.096e-05,7.5593e-05,0.00068192,-2.096e-05
8.3598e-05,-8.3598e-05,6.0672e-05,0.00063516,-6.0164e-05,-0.00063008,-7.8031e-08,6.0672e-05,0.00063516,-1.9493e-05,6.0672e-05,0.00063516,-1.9493e-05
1.842e-05,-1.842e-05,6.1466e-05,0.00059813,-6.1354e-05,-0.00059701,-1.7193e-08,6.1466e-05,0.00059813,-1.837e-05,6.1466e-05,0.00059813,-1.837e-05
0.00012694,-0.00012694,3.1047e-05,0.00029144,-3.0275e-05,-0.00028372,-1.1849e-07,3.1047e-05,0.00029144,-8.9541e-06,3.1047e-05,0.00029144,-8.9541e-06
2.8442e-06,-2.8442e-06,7.7734e-06,7.3696e-05,-7.7561e-06,-7.3523e-05,-2.6547e-09,7.7734e-06,7.3696e-05,-2.264e-06,7.7734e-06,7.3696e-05,-2.264e-06
1.0292e-05,-1.0292e-05,3.6748e-05,0.00037718,-3.6685e-05,-0.00037656,-9.607e-09,3.6748e-05,0.00037718,-1.1578e-05,3.6748e-05,0.00037718,-1.1578e-05
5.6882e-06,-5.6882e-06,1.0755e-05,9.601e-05,-1.072e-05,-9.5664e-05,-5.3094e-09,1.0755e-05,9.601e-05,-2.9514e-06,1.0755e-05,9.601e-05,-2.9514e-06
3.4163e-06,-3.4163e-06,4.0778e-05,0.00040124,-4.0757e-05,-0.00040103,-3.1887e-09,4.0778e-05,0.00040124,-1.2322e-05,4.0778e-05,0.00040124,-1.2322e-05
-7.7392e-07,7.7392e-07,1.0856e-05,0.00010202,-1.0861e-05,-0.00010207,7.2238e-10,1.0856e-05,0.00010202,-3.1345e-06,1.0856e-05,0.00010202,-3.1345e-06
2.425e-08,-2.425e-08,9.2529e-07,2.7129e-06,-9.2514e-07,-2.7114e-06,-2.2635e-11,9.2529e-07,2.7129e-06,-8.5285e-08,9.2529e-07,2.7129e-06,-8.5285e-08
3.1517e-06,-3.1517e-06,6.048e-06,5.394e-05,-6.0288e-06,-5.3748e-05,-2.9418e-09,6.048e-06,5.394e-05,-1.6582e-06,6.048e-06,5.394e-05,-1.6582e-06
3.359e-05,-3.359e-05,8.3759e-05,0.00089601,-8.3554e-05,-0.00089397,-3.1353e-08,8.3759e-05,0.00089601,-2.7493e-05,8.3759e-05,0.00089601,-2.7493e-05
2.1315e-05,-2.1315e-05,5.873e-05,0.00056826,-5.86e-05,-0.00056697,-1.9895e-08,5.873e-05,0.00056826,-1.7454e-05,5.873e-05,0.00056826,-1.7454e-05
-9.1661e-07,9.1661e-07,1.2076e-06,5.3463e-07,-1.2132e-06,-5.9036e-07,8.5557e-10,1.2076e-06,5.3463e-07,-1.9924e-08,1.2076e-06,5.3463e-07,-1.9924e-08
2.6786e-05,-2.6786e-05,9.9297e-05,0.0010564,-9.9134e-05,-0.0010548,-2.5003e-08,9.9297e-05,0.0010564,-3.2416e-05,9.9297e-05,0.0010564,-3.2416e-05
2.2745e-05,-2.2745e-05,1.7493e-05,0.00025836,-1.7355e-05,-0.00025697,-2.123e-08,1.7493e-05,0.00025836,-7.9073e-06,1.7493e-05,0.00025836,-7.9073e-06
7.7744e-07,-7.7744e-07,-4.3689e-06,6.4725e-05,4.3736e-06,-6.4678e-05,-7.2567e-10,-4.3689e-06,6.4725e-05,-1.9544e-06,-4.3689e-06,6.4725e-05,-1.9544e-06
0.00038041,-0.00038041,9.4831e-05,0.0010717,-9.2518e-05,-0.0010486,-3.5507e-07,9.4831e-05,0.0010717,-3.2868e-05,9.4831e-05,0.0010717,-3.2868e-05
0.00020313,-0.00020313,6.6389e-05,0.0007673,-6.5154e-05,-0.00075495,-1.896e-07,6.6389e-05,0.0007673,-2.3528e-05,6.6389e-05,0.0007673,-2.3528e-05
1.1918e-05,-1.1918e-05,1.2967e-05,0.0001981,-1.2895e-05,-0.00019737,-1.1124e-08,1.2967e-05,0.0001981,-6.0616e-06,1.2967e-05,0.0001981,-6.0616e-06
0.00021296,-0.00021296,6.5646e-05,0.00074488,-6.4352e-05,-0.00073193,-1.9878e-07,6.5646e-05,0.00074488,-2.2844e-05,6.5646e-05,0.00074488,-2.2844e-05
2.3091e-05,-2.3091e-05,5.5279e-05,0.00060123,-5.5138e-05,-0.00059982,-2.1553e-08,5.5279e-05,0.00060123,-1.8445e-05,5.5279e-05,0.00060123,-1.8445e-05
-1.1042e-05,1.1042e-05,4.2339e-05,0.0005218,-4.2406e-05,-0.00052247,1.0307e-08,4.2339e-05,0.0005218,-1.5991e-05,4.2339e-05,0.0005218,-1.5991e-05
3.8238e-06,-3.8238e-06,1.0943e-05,6.7915e-05,-1.092e-05,-6.7682e-05,-3.5691e-09,1.0943e-05,6.7915e-05,-2.0979e-06,1.0943e-05,6.7915e-05,-2.0979e-06
3.3242e-05,-3.3242e-05,3.1487e-05,0.00031583,-3.1285e-05,-0.00031381,-3.1028e-08,3.1487e-05,0.00031583,-9.697e-06,3.1487e-05,0.00031583,-9.697e-06
1.0683e-05,-1.0683e-05,2.7764e-05,0.00026111,-2.7699e-05,-0.00026046,-9.9713e-09,2.7764e-05,0.00026111,-8.022e-06,2.7764e-05,0.00026111,-8.022e-06
1.8276e-06,-1.8276e-06,6.9635e-06,0.00011807,-6.9524e-06,-0.00011796,-1.7059e-09,6.9635e-06,0.00011807,-3.6105e-06,6.9635e-06,0.00011807,-3.6105e-06
3.3518e-05,-3.3518e-05,1.4035e-05,0.00017879,-1.3831e-05,-0.00017675,-3.1286e-08,1.4035e-05,0.00017879,-5.4779e-06,1.4035e-05,0.00017879,-5.4779e-06
5.3267e-06,-5.3267e-06,1.03e-06,-1.2324e-06,-9.9763e-07,1.5562e-06,-4.9719e-09,1.03e-06,-1.2324e-06,3.4333e-08,1.03e-06,-1.2324e-06,3.4333e-08
1.815e-05,-1.815e-05,2.1364e-05,0.00030205,-2.1254e-05,-0.00030095,-1.6941e-08,2.1364e-05,0.00030205,-9.2474e-06,2.1364e-05,0.00030205,-9.2474e-06
4.869e-06,-4.869e-06,3.7644e-05,0.00045485,-3.7614e-05,-0.00045456,-4.5448e-09,3.7644e-05,0.00045485,-1.3942e-05,3.7644e-05,0.00045485,-1.3942e-05
3.4948e-05,-3.4948e-05,3.4817e-05,0.00042659,-3.4605e-05,-0.00042446,-3.262e-08,3.4817e-05,0.00042659,-1.3074e-05,3.4817e-05,0.00042659,-1.3074e-05
-8.8028e-06,8.8028e-06,2.3665e-05,0.00021013,-2.3719e-05,-0.00021066,8.2165e-09,2.3665e-05,0.00021013,-6.4598e-06,2.3665e-05,0.00021013,-6.4598e-06
4.8846e-05,-4.8846e-05,2.2912e-05,0.00021009,-2.2615e-05,-0.00020712,-4.5593e-08,2.2912e-05,0.00021009,-6.4564e-06,2.2912e-05,0.00021009,-6.4564e-06
-3.2903e-06,3.2903e-06,2.0049e-06,-1.4797e-06,-2.0249e-06,1.2797e-06,3.0712e-09,2.0049e-06,-1.4797e-06,3.8889e-08,2.0049e-06,-1.4797e-06,3.8889e-08
-4.4942e-06,4.4942e-06,5.3285e-06,0.00010172,-5.3558e-06,-0.00010199,4.1949e-09,5.3285e-06,0.00010172,-3.1084e-06,5.3285e-06,0.00010172,-3.1084e-06
-3.4833e-05,3.4833e-05,3.6186e-06,2.9651e-05,-3.8304e-06,-3.1769e-05,3.2513e-08,3.6186e-06,2.9651e-05,-9.1239e-07,3.6186e-06,2.9651e-05,-9.1239e-07
1.5172e-05,-1.5172e-05,-2.969e-06,1.3748e-05,3.0612e-06,-1.2825e-05,-1.4162e-08,-2.969e-06,1.3748e-05,-4.0891e-07,-2.969e-06,1.3748e-05,-4.0891e-07
1.9906e-05,-1.9906e-05,9.967e-05,0.0011251,-9.9549e-05,-0.0011239,-1.858e-08,9.967e-05,0.0011251,-3.4506e-05,9.967e-05,0.0011251,-3.4506e-05
1.3466e-05,-1.3466e-05,2.2452e-05,0.00028296,-2.237e-05,-0.00028214,-1.2569e-08,2.2452e-05,0.00028296,-8.6701e-06,2.2452e-05,0.00028296,-8.6701e-06
-1.2893e-05,1.2893e-05,1.6213e-07,9.4276e-08,-2.4052e-07,-8.7817e-07,1.2034e-08,1.6213e-07,9.4276e-08,-3.359e-09,1.6213e-07,9.4276e-08,-3.359e-09
-5.7358e-06,5.7358e-06,-4.3746e-06,-5.2952e-06,4.3397e-06,4.9465e-06,5.3538e-09,-4.3746e-06,-5.2952e-06,1.7427e-07,-4.3746e-06,-5.2952e-06,1.7427e-07
5.7068e-06,-5.7068e-06,1.1135e-06,0.00012954,-1.0788e-06,-0.0001292,-5.3267e-09,1.1135e-06,0.00012954,-3.9415e-06,1.1135e-06,0.00012954,-3.9415e-06
9.879e-05,-9.879e-05,0.00025617,0.0026901,-0.00025557,-0.0026841,-9.2211e-08,0.00025617,0.0026901,-8.2558e-05,0.00025617,0.0026901,-8.2558e-05
8.4509e-05,-8.4509e-05,0.00018813,0.0017199,-0.00018762,-0.0017147,-7.8881e-08,0.00018813,0.0017199,-5.2856e-05,0.00018813,0.0017199,-5.2856e-05
-9.6033e-06,9.6033e-06,7.1381e-08,-1.0793e-05,-1.2984e-07,1.021e-05,8.9638e-09,7.1381e-08,-1.0793e-05,3.2791e-07,7.1381e-08,-1.0793e-05,3.2791e-07
-3.8173e-05,3.8173e-05,2.3875e-05,-3.2615e-05,-2.4107e-05,3.0294e-05,3.5631e-08,2.3875e-05,-3.2615e-05,9.1891e-07,2.3875e-05,-3.2615e-05,9.1891e-07
0.00050392,-0.00050392,0.0003453,0.0029418,-0.00034223,-0.0029111,-4.7036e-07,0.0003453,0.0029418,-9.0479e-05,0.0003453,0.0029418,-9.0479e-05
6.2638e-06,-6.2638e-06,2.5648e-05,5.1407e-06,-2.561e-05,-4.7594e-06,-5.8466e-09,2.5648e-05,5.1407e-06,-2.3424e-07,2.5648e-05,5.1407e-06,-2.3424e-07
0.00082082,-0.00082082,0.00040933,0.003702,-0.00040433,-0.0036521,-7.6615e-07,0.00040933,0.003702,-0.00011378,0.00040933,0.003702,-0.00011378
0.00047509,-0.00047509,0.00026162,0.0025447,-0.00025873,-0.0025159,-4.4345e-07,0.00026162,0.0025447,-7.8155e-05,0.00026162,0.0025447,-7.8155e-05
1.1978e-05,-1.1978e-05,9.1745e-05,0.00095592,-9.1673e-05,-0.00095519,-1.1181e-08,9.1745e-05,0.00095592,-2.9339e-05,9.1745e-05,0.00095592,-2.9339e-05
-5.8718e-06,5.8718e-06,9.6462e-05,0.00082319,-9.6498e-05,-0.00082355,5.4807e-09,9.6462e-05,0.00082319,-2.5318e-05,9.6462e-05,0.00082319,-2.5318e-05
-3.0371e-06,3.0371e-06,3.5763e-05,0.00038111,-3.5781e-05,-0.00038129,2.8349e-09,3.5763e-05,0.00038111,-1.1694e-05,3.5763e-05,0.00038111,-1.1694e-05
7.8148e-05,-7.8148e-05,2.1861e-05,0.00027707,-2.1386e-05,-0.00027232,-7.2944e-08,2.1861e-05,0.00027707,-8.4895e-06,2.1861e-05,0.00027707,-8.4895e-06
-3.072e-07,3.072e-07,2.728e-06,-9.208e-06,-2.7298e-06,9.1894e-06,2.8674e-10,2.728e-06,-9.208e-06,2.7163e-07,2.728e-06,-9.208e-06,2.7163e-07
0.00031711,-0.00031711,0.00011102,0.0011337,-0.00010909,-0.0011144,-2.9599e-07,0.00011102,0.0011337,-3.4802e-05,0.00011102,0.0011337,-3.4802e-05
2.6649e-06,-2.6649e-06,7.0995e-05,0.00090336,-7.0979e-05,-0.00090319,-2.4874e-09,7.0995e-05,0.00090336,-2.7678e-05,7.0995e-05,0.00090336,-2.7678e-05
-5.1042e-05,5.1042e-05,6.2419e-06,0.00011091,-6.5523e-06,-0.00011401,4.7643e-08,6.2419e-06,0.00011091,-3.3905e-06,6.2419e-06,0.00011091,-3.3905e-06
1.5512e-05,-1.5512e-05,-3.375e-06,-5.2486e-06,3.4693e-06,6.1917e-06,-1.4479e-08,-3.375e-06,-5.2486e-06,1.6982e-07,-3.375e-06,-5.2486e-06,1.6982e-07
3.4452e-05,-3.4452e-05,3.6052e-05,0.00039902,-3.5843e-05,-0.00039693,-3.2157e-08,3.6052e-05,0.00039902,-1.224e-05,3.6052e-05,0.00039902,-1.224e-05
-6.4895e-06,6.4895e-06,-4.5605e-06,2.8895e-06,4.521e-06,-3.2841e-06,6.0573e-09,-4.5605e-06,2.8895e-06,-7.3978e-08,-4.5605e-06,2.8895e-06,-7.3978e-08
2.4377e-06,-2.4377e-06,3.0073e-05,0.00036921,-3.0058e-05,-0.00036906,-2.2753e-09,3.0073e-05,0.00036921,-1.1315e-05,3.0073e-05,0.00036921,-1.1315e-05
1.6556e-05,-1.6556e-05,2.6781e-06,0.00018521,-2.5775e-06,-0.00018421,-1.5453e-08,2.6781e-06,0.00018521,-5.6386e-06,2.6781e-06,0.00018521,-5.6386e-06
4.4141e-05,-4.4141e-05,5.3266e-05,0.00044123,-5.2997e-05,-0.00043854,-4.1201e-08,5.3266e-05,0.00044123,-1.3575e-05,5.3266e-05,0.00044123,-1.3575e-05
-0.0001163,0.0001163,5.9414e-05,0.00039277,-6.0121e-05,-0.00039984,1.0855e-07,5.9414e-05,0.00039277,-1.2121e-05,5.9414e-05,0.00039277,-1.2121e-05
3.0906e-06,-3.0906e-06,2.8271e-06,-8.1899e-06,-2.8083e-06,8.3778e-06,-2.8848e-09,2.8271e-06,-8.1899e-06,2.4038e-07,2.8271e-06,-8.1899e-06,2.4038e-07
1.7844e-05,-1.7844e-05,6.0804e-05,0.00049162,-6.0695e-05,-0.00049054,-1.6655e-08,6.0804e-05,0.00049162,-1.513e-05,6.0804e-05,0.00049162,-1.513e-05
4.4304e-05,-4.4304e-05,4.437e-05,0.00041724,-4.4101e-05,-0.00041454,-4.1354e-08,4.437e-05,0.00041724,-1.2819e-05,4.437e-05,0.00041724,-1.2819e-05
4.2799e-05,-4.2799e-05,2.3884e-05,0.00016741,-2.3624e-05,-0.0001648,-3.9949e-08,2.3884e-05,0.00016741,-5.1617e-06,2.3884e-05,0.00016741,-5.1617e-06
1.4166e-06,-1.4166e-06,-1.6632e-06,-3.1115e-06,1.6718e-06,3.1976e-06,-1.3223e-09,-1.6632e-06,-3.1115e-06,9.9644e-08,-1.6632e-06,-3.1115e-06,9.9644e-08
4.0875e-07,-4.0875e-07,-7.1683e-06,1.8045e-06,7.1708e-06,-1.7796e-06,-3.8153e-10,-7.1683e-06,1.8045e-06,-3.3064e-08,-7.1683e-06,1.8045e-06,-3.3064e-08
-5.8394e-07,5.8394e-07,-7.6762e-06,6.7204e-06,7.6726e-06,-6.7559e-06,5.4505e-10,-7.6762e-06,6.7204e-06,-1.8097e-07,-7.6762e-06,6.7204e-06,-1.8097e-07
4.8712e-05,-4.8712e-05,2.7682e-05,0.00035031,-2.7386e-05,-0.00034735,-4.5468e-08,2.7682e-05,0.00035031,-1.0734e-05,2.7682e-05,0.00035031,-1.0734e-05
4.4678e-05,-4.4678e-05,3.0599e-05,0.00022457,-3.0328e-05,-0.00022185,-4.1703e-08,3.0599e-05,0.00022457,-6.9199e-06,3.0599e-05,0.00022457,-6.9199e-06
2.5735e-06,-2.5735e-06,3.4771e-06,5.829e-05,-3.4614e-06,-5.8134e-05,-2.4021e-09,3.4771e-06,5.829e-05,-1.7826e-06,3.4771e-06,5.829e-05,-1.7826e-06
6.7729e-06,-6.7729e-06,2.6431e-05,0.00019788,-2.639e-05,-0.00019747,-6.3218e-09,2.6431e-05,0.00019788,-6.096e-06,2.6431e-05,0.00019788,-6.096e-06
1.5594e-05,-1.5594e-05,1.6867e-05,0.00014722,-1.6773e-05,-0.00014627,-1.4555e-08,1.6867e-05,0.00014722,-4.5267e-06,1.6867e-05,0.00014722,-4.5267e-06
3.8073e-05,-3.8073e-05,4.7718e-06,0.00013621,-4.5403e-06,-0.00013389,-3.5537e-08,4.7718e-06,0.00013621,-4.1551e-06,4.7718e-06,0.00013621,-4.1551e-06
8.3222e-07,-8.3222e-07,1.2294e-05,5.6519e-05,-1.2289e-05,-5.6468e-05,-7.768e-10,1.2294e-05,5.6519e-05,-1.7555e-06,1.2294e-05,5.6519e-05,-1.7555e-06
4.7139e-06,-4.7139e-06,6.0319e-06,3.6375e-05,-6.0033e-06,-3.6088e-05,-4.4e-09,6.0319e-06,3.6375e-05,-1.1241e-06,6.0319e-06,3.6375e-05,-1.1241e-06
3.5829e-06,-3.5829e-06,2.2617e-06,-3.8254e-06,-2.24e-06,4.0433e-06,-3.3443e-09,2.2617e-06,-3.8254e-06,1.0942e-07,2.2617e-06,-3.8254e-06,1.0942e-07
7.9866e-05,-7.9866e-05,1.3391e-05,7.9985e-05,-1.2906e-05,-7.5129e-05,-7.4547e-08,1.3391e-05,7.9985e-05,-2.4723e-06,1.3391e-05,7.9985e-05,-2.4723e-06
-1.5704e-06,1.5704e-06,1.294e-05,6.5477e-05,-1.2949e-05,-6.5573e-05,1.4658e-09,1.294e-05,6.5477e-05,-2.0298e-06,1.294e-05,6.5477e-05,-2.0298e-06
-2.6235e-06,2.6235e-06,5.1168e-06,9.7339e-06,-5.1327e-06,-9.8934e-06,2.4488e-09,5.1168e-06,9.7339e-06,-3.1147e-07,5.1168e-06,9.7339e-06,-3.1147e-07
-8.0625e-07,8.0625e-07,7.006e-06,9.8587e-05,-7.0109e-06,-9.8636e-05,7.5255e-10,7.006e-06,9.8587e-05,-3.0184e-06,7.006e-06,9.8587e-05,-3.0184e-06
3.5681e-06,-3.5681e-06,7.492e-06,8.0959e-05,-7.4703e-06,-8.0742e-05,-3.3305e-09,7.492e-06,8.0959e-05,-2.4839e-06,7.492e-06,8.0959e-05,-2.4839e-06
1.0197e-05,-1.0197e-05,9.0522e-06,7.6572e-05,-8.9902e-06,-7.5952e-05,-9.5183e-09,9.0522e-06,7.6572e-05,-2.3553e-06,9.0522e-06,7.6572e-05,-2.3553e-06
8.8459e-06,-8.8459e-06,1.1363e-06,9.906e-06,-1.0825e-06,-9.3682e-06,-8.2567e-09,1.1363e-06,9.906e-06,-3.046e-07,1.1363e-06,9.906e-06,-3.046e-07
-7.4696e-07,7.4696e-07,1.4866e-05,9.7226e-05,-1.487e-05,-9.7272e-05,6.9721e-10,1.4866e-05,9.7226e-05,-3.0009e-06,1.4866e-05,9.7226e-05,-3.0009e-06
1.4868e-06,-1.4868e-06,1.4646e-05,5.5047e-05,-1.4637e-05,-5.4957e-05,-1.3878e-09,1.4646e-05,5.5047e-05,-1.718e-06,1.4646e-05,5.5047e-05,-1.718e-06
5.3347e-06,-5.3347e-06,1.044e-05,4.5472e-05,-1.0408e-05,-4.5147e-05,-4.9794e-09,1.044e-05,4.5472e-05,-1.4141e-06,1.044e-05,4.5472e-05,-1.4141e-06
-9.1628e-06,9.1628e-06,3.7073e-06,4.8105e-05,-3.7631e-06,-4.8662e-05,8.5526e-09,3.7073e-06,4.8105e-05,-1.4737e-06,3.7073e-06,4.8105e-05,-1.4737e-06
-3.0932e-08,3.0932e-08,1.6496e-05,0.00012102,-1.6496e-05,-0.00012102,2.8872e-11,1.6496e-05,0.00012102,-3.7292e-06,1.6496e-05,0.00012102,-3.7292e-06
5.99e-05,-5.99e-05,4.3831e-06,3.4872e-05,-4.0189e-06,-3.123e-05,-5.5911e-08,4.3831e-06,3.4872e-05,-1.0734e-06,4.3831e-06,3.4872e-05,-1.0734e-06
3.8762e-06,-3.8762e-06,1.402e-05,0.00013124,-1.3996e-05,-0.000131,-3.618e-09,1.402e-05,0.00013124,-4.0322e-06,1.402e-05,0.00013124,-4.0322e-06
8.9665e-06,-8.9665e-06,8.7665e-06,3.8727e-05,-8.712e-06,-3.8182e-05,-8.3693e-09,8.7665e-06,3.8727e-05,-1.204e-06,8.7665e-06,3.8727e-05,-1.204e-06
-1.5896e-06,1.5896e-06,1.2861e-05,0.00013714,-1.287e-05,-0.00013723,1.4837e-09,1.2861e-05,0.00013714,-4.2081e-06,1.2861e-05,0.00013714,-4.2081e-06
-1.0927e-06,1.0927e-06,9.4856e-06,3.0927e-05,-9.4923e-06,-3.0993e-05,1.0199e-09,9.4856e-06,3.0927e-05,-9.6901e-07,9.4856e-06,3.0927e-05,-9.6901e-07
3.3363e-06,-3.3363e-06,1.2905e-05,0.00013258,-1.2885e-05,-0.00013238,-3.1141e-09,1.2905e-05,0.00013258,-4.0697e-06,1.2905e-05,0.00013258,-4.0697e-06
1.3752e-05,-1.3752e-05,8.8468e-06,3.7029e-05,-8.7632e-06,-3.6193e-05,-1.2836e-08,8.8468e-06,3.7029e-05,-1.1526e-06,8.8468e-06,3.7029e-05,-1.1526e-06
5.2173e-05,-5.2173e-05,1.1478e-05,0.00010082,-1.116e-05,-9.7644e-05,-4.8698e-08,1.1478e-05,0.00010082,-3.0997e-06,1.1478e-05,0.00010082,-3.0997e-06
1.1519e-05,-1.1519e-05,6.4989e-06,2.8543e-05,-6.4289e-06,-2.7843e-05,-1.0752e-08,6.4989e-06,2.8543e-05,-8.8746e-07,6.4989e-06,2.8543e-05,-8.8746e-07
1.0176e-06,-1.0176e-06,-3.4335e-06,4.1768e-06,3.4397e-06,-4.1149e-06,-9.4983e-10,-3.4335e-06,4.1768e-06,-1.1654e-07,-3.4335e-06,4.1768e-06,-1.1654e-07
5.4939e-07,-5.4939e-07,-8.5879e-07,2.4393e-06,8.6213e-07,-2.4059e-06,-5.128e-10,-8.5879e-07,2.4393e-06,-7.1545e-08,-8.5879e-07,2.4393e-06,-7.1545e-08
8.1175e-08,-8.1175e-08,1.7159e-06,7.0184e-07,-1.7154e-06,-6.969e-07,-7.5769e-11,1.7159e-06,7.0184e-07,-2.6552e-08,1.7159e-06,7.0184e-07,-2.6552e-08
3.0217e-06,-3.0217e-06,3.2978e-05,0.00010843,-3.2959e-05,-0.00010825,-2.8205e-09,3.2978e-05,0.00010843,-3.3967e-06,3.2978e-05,0.00010843,-3.3967e-06
5.0745e-06,-5.0745e-06,3.0569e-05,-3.5594e-05,-3.0538e-05,3.5903e-05,-4.7366e-09,3.0569e-05,-3.5594e-05,9.8914e-07,3.0569e-05,-3.5594e-05,9.8914e-07
-1.5816e-05,1.5816e-05,1.3646e-05,-9.9881e-05,-1.3742e-05,9.892e-05,1.4763e-08,1.3646e-05,-9.9881e-05,2.9949e-06,1.3646e-05,-9.9881e-05,2.9949e-06
-3.0254e-07,3.0254e-07,4.4544e-06,-0.00011934,-4.4563e-06,0.00011932,2.8239e-10,4.4544e-06,-0.00011934,3.6143e-06,4.4544e-06,-0.00011934,3.6143e-06
2.2462e-05,-2.2462e-05,-4.6221e-06,-8.7673e-05,4.7587e-06,8.9039e-05,-2.0966e-08,-4.6221e-06,-8.7673e-05,2.6793e-06,-4.6221e-06,-8.7673e-05,2.6793e-06
3.2338e-06,-3.2338e-06,-1.3641e-05,-6.2922e-05,1.366e-05,6.3119e-05,-3.0184e-09,-1.3641e-05,-6.2922e-05,1.9543e-06,-1.3641e-05,-6.2922e-05,1.9543e-06
2.5219e-06,-2.5219e-06,-7.5022e-06,-5.4006e-05,7.5175e-06,5.416e-05,-2.3539e-09,-7.5022e-06,-5.4006e-05,1.6646e-06,-7.5022e-06,-5.4006e-05,1.6646e-06
8.6803e-07,-8.6803e-07,-1.2211e-06,-3.617e-05,1.2264e-06,3.6223e-05,-8.1022e-10,-1.2211e-06,-3.617e-05,1.1033e-06,-1.2211e-06,-3.617e-05,1.1033e-06
-1.2158e-05,1.2158e-05,-2.3151e-06,-4.4611e-05,2.2412e-06,4.3872e-05,1.1348e-08,-2.3151e-06,-4.4611e-05,1.3632e-06,-2.3151e-06,-4.4611e-05,1.3632e-06
-1.1529e-05,1.1529e-05,-7.5334e-07,-4.6484e-05,6.8325e-07,4.5783e-05,1.0761e-08,-7.5334e-07,-4.6484e-05,1.4154e-06,-7.5334e-07,-4.6484e-05,1.4154e-06
-1.2347e-06,1.2347e-06,4.0624e-08,-2.3146e-06,-4.8131e-08,2.2396e-06,1.1524e-09,4.0624e-08,-2.3146e-06,7.0241e-08,4.0624e-08,-2.3146e-06,7.0241e-08
-2.3413e-06,2.3413e-06,1.8758e-06,-6.1419e-05,-1.8901e-06,6.1277e-05,2.1854e-09,1.8758e-06,-6.1419e-05,1.8614e-06,1.8758e-06,-6.1419e-05,1.8614e-06
-5.5398e-06,5.5398e-06,1.3707e-05,-7.0531e-05,-1.3741e-05,7.0194e-05,5.1709e-09,1.3707e-05,-7.0531e-05,2.1025e-06,1.3707e-05,-7.0531e-05,2.1025e-06
-4.0485e-05,4.0485e-05,3.0782e-06,-5.9385e-05,-3.3244e-06,5.6924e-05,3.7788e-08,3.0782e-06,-5.9385e-05,1.796e-06,3.0782e-06,-5.9385e-05,1.796e-06
-6.7031e-06,6.7031e-06,7.9329e-08,-3.4405e-05,-1.2008e-07,3.3997e-05,6.2566e-09,7.9329e-08,-3.4405e-05,1.0457e-06,7.9329e-08,-3.4405e-05,1.0457e-06
2.6246e-05,-2.6246e-05,-5.3882e-06,-2.6615e-05,5.5478e-06,2.8211e-05,-2.4498e-08,-5.3882e-06,-2.6615e-05,8.2549e-07,-5.3882e-06,-2.6615e-05,8.2549e-07
-1.2238e-06,1.2238e-06,4.0742e-06,-1.6943e-05,-4.0817e-06,1.6869e-05,1.1423e-09,4.0742e-06,-1.6943e-05,5.0269e-07,4.0742e-06,-1.6943e-05,5.0269e-07
8.0949e-07,-8.0949e-07,6.1163e-06,-1.1514e-05,-6.1114e-06,1.1563e-05,-7.5558e-10,6.1163e-06,-1.1514e-05,3.3143e-07,6.1163e-06,-1.1514e-05,3.3143e-07
2.82e-06,-2.82e-06,6.6259e-07,-6.0847e-06,-6.4545e-07,6.2561e-06,-2.6322e-09,6.6259e-07,-6.0847e-06,1.8296e-07,6.6259e-07,-6.0847e-06,1.8296e-07
4.4776e-06,-4.4776e-06,7.7626e-06,-1.2541e-05,-7.7354e-06,1.2813e-05,-4.1794e-09,7.7626e-06,-1.2541e-05,3.5765e-07,7.7626e-06,-1.2541e-05,3.5765e-07
-3.9747e-05,3.9747e-05,2.2778e-06,-3.2409e-05,-2.5194e-06,2.9992e-05,3.71e-08,2.2778e-06,-3.2409e-05,9.7831e-07,2.2778e-06,-3.2409e-05,9.7831e-07
-9.729e-06,9.729e-06,1.9395e-06,-2.08e-05,-1.9986e-06,2.0209e-05,9.081e-09,1.9395e-06,-2.08e-05,6.2643e-07,1.9395e-06,-2.08e-05,6.2643e-07
2.9817e-05,-2.9817e-05,1.6235e-06,-1.3966e-05,-1.4422e-06,1.5779e-05,-2.7831e-08,1.6235e-06,-1.3966e-05,4.1962e-07,1.6235e-06,-1.3966e-05,4.1962e-07
-1.2563e-06,1.2563e-06,1.208e-06,-1.3123e-05,-1.2157e-06,1.3047e-05,1.1726e-09,1.208e-06,-1.3123e-05,3.9528e-07,1.208e-06,-1.3123e-05,3.9528e-07
3.7457e-05,-3.7457e-05,8.9823e-07,-3.7279e-06,-6.7049e-07,6.0053e-06,-3.4963e-08,8.9823e-07,-3.7279e-06,1.106e-07,8.9823e-07,-3.7279e-06,1.106e-07
-8.9103e-05,8.9103e-05,3.6864e-07,-1.652e-05,-9.1039e-07,1.1102e-05,8.3169e-08,3.6864e-07,-1.652e-05,5.0108e-07,3.6864e-07,-1.652e-05,5.0108e-07
2.3644e-05,-2.3644e-05,2.693e-06,-1.3265e-05,-2.5493e-06,1.4702e-05,-2.2069e-08,2.693e-06,-1.3265e-05,3.9506e-07,2.693e-06,-1.3265e-05,3.9506e-07
6.6455e-06,-6.6455e-06,4.8198e-06,-1.991e-06,-4.7794e-06,2.3951e-06,-6.2029e-09,4.8198e-06,-1.991e-06,4.5874e-08,4.8198e-06,-1.991e-06,4.5874e-08
-3.724e-07,3.724e-07,6.9623e-06,-5.5531e-07,-6.9645e-06,5.3267e-07,3.476e-10,6.9623e-06,-5.5531e-07,-4.2837e-09,6.9623e-06,-5.5531e-07,-4.2837e-09
-4.3178e-05,4.3178e-05,1.5559e-06,-2.7135e-05,-1.8184e-06,2.451e-05,4.0303e-08,1.5559e-06,-2.7135e-05,8.2017e-07,1.5559e-06,-2.7135e-05,8.2017e-07
-6.227e-06,6.227e-06,3.7571e-06,-1.5117e-05,-3.795e-06,1.4739e-05,5.8123e-09,3.7571e-06,-1.5117e-05,4.4815e-07,3.7571e-06,-1.5117e-05,4.4815e-07
8.5853e-07,-8.5853e-07,5.9128e-06,-1.0559e-06,-5.9076e-06,1.1081e-06,-8.0135e-10,5.9128e-06,-1.0559e-06,1.4123e-08,5.9128e-06,-1.0559e-06,1.4123e-08
7.3884e-06,-7.3884e-06,5.6558e-07,-1.4551e-05,-5.2066e-07,1.5e-05,-6.8964e-09,5.6558e-07,-1.4551e-05,4.4062e-07,5.6558e-07,-1.4551e-05,4.4062e-07
-6.3409e-06,6.3409e-06,7.6725e-06,-1.844e-05,-7.711e-06,1.8055e-05,5.9186e-09,7.6725e-06,-1.844e-05,5.3725e-07,7.6725e-06,-1.844e-05,5.3725e-07
-1.0957e-07,1.0957e-07,-5.1799e-06,-2.0455e-06,5.1793e-06,2.0389e-06,1.0228e-10,-5.1799e-06,-2.0455e-06,7.7931e-08,-5.1799e-06,-2.0455e-06,7.7931e-08
-4.2375e-06,4.2375e-06,1.9421e-06,-1.8276e-05,-1.9679e-06,1.8018e-05,3.9553e-09,1.9421e-06,-1.8276e-05,5.4969e-07,1.9421e-06,-1.8276e-05,5.4969e-07
-8.7375e-06,8.7375e-06,1.5666e-06,-7.0398e-06,-1.6197e-06,6.5086e-06,8.1556e-09,1.5666e-06,-7.0398e-06,2.0925e-07,1.5666e-06,-7.0398e-06,2.0925e-07
-2.3445e-05,2.3445e-05,1.1759e-06,-3.4511e-06,-1.3184e-06,2.0257e-06,2.1884e-08,1.1759e-06,-3.4511e-06,1.0134e-07,1.1759e-06,-3.4511e-06,1.0134e-07
-8.3632e-06,8.3632e-06,8.3066e-07,-4.4048e-06,-8.8151e-07,3.8963e-06,7.8062e-09,8.3066e-07,-4.4048e-06,1.3138e-07,8.3066e-07,-4.4048e-06,1.3138e-07
2.1538e-05,-2.1538e-05,5.0818e-07,-1.0128e-05,-3.7723e-07,1.1438e-05,-2.0103e-08,5.0818e-07,-1.0128e-05,3.0635e-07,5.0818e-07,-1.0128e-05,3.0635e-07
1.3136e-06,-1.3136e-06,1.2415e-07,-3.974e-06,-1.1617e-07,4.0538e-06,-1.2261e-09,1.2415e-07,-3.974e-06,1.2043e-07,1.2415e-07,-3.974e-06,1.2043e-07
1.0502e-06,-1.0502e-06,-2.2909e-07,-7.5064e-06,2.3547e-07,7.5702e-06,-9.8024e-10,-2.2909e-07,-7.5064e-06,2.2889e-07,-2.2909e-07,-7.5064e-06,2.2889e-07
5.6345e-06,-5.6345e-06,-5.4482e-07,-5.6665e-06,5.7908e-07,6.0091e-06,-5.2593e-09,-5.4482e-07,-5.6665e-06,1.7392e-07,-5.4482e-07,-5.6665e-06,1.7392e-07
2.3827e-07,-2.3827e-07,-8.7618e-07,6.0115e-06,8.7763e-07,-5.997e-06,-2.224e-10,-8.7618e-07,6.0115e-06,-1.8009e-07,-8.7618e-07,6.0115e-06,-1.8009e-07
4.5288e-06,-4.5288e-06,-1.1611e-06,-1.1829e-05,1.1886e-06,1.2104e-05,-4.2272e-09,-1.1611e-06,-1.1829e-05,3.6313e-07,-1.1611e-06,-1.1829e-05,3.6313e-07
-1.6355e-05,1.6355e-05,-1.4701e-06,-7.423e-06,1.3706e-06,6.4286e-06,1.5266e-08,-1.4701e-06,-7.423e-06,2.3013e-07,-1.4701e-06,-7.423e-06,2.3013e-07
-7.2928e-06,7.2928e-06,-1.7184e-06,-2.4103e-06,1.6741e-06,1.9669e-06,6.8071e-09,-1.7184e-06,-2.4103e-06,7.8497e-08,-1.7184e-06,-2.4103e-06,7.8497e-08
1.4708e-06,-1.4708e-06,-1.9515e-06,-7.2401e-06,1.9605e-06,7.3295e-06,-1.3728e-09,-1.9515e-06,-7.2401e-06,2.2603e-07,-1.9515e-06,-7.2401e-06,2.2603e-07
3.4811e-05,-3.4811e-05,-2.1325e-06,-4.0523e-06,2.3441e-06,6.1688e-06,-3.2492e-08,-2.1325e-06,-4.0523e-06,1.2967e-07,-2.1325e-06,-4.0523e-06,1.2967e-07
2.9748e-06,-2.9748e-06,-2.4124e-06,-1.8547e-06,2.4305e-06,2.0356e-06,-2.7767e-09,-2.4124e-06,-1.8547e-06,6.3717e-08,-2.4124e-06,-1.8547e-06,6.3717e-08
1.0798e-06,-1.0798e-06,-2.6469e-06,7.9777e-07,2.6534e-06,-7.3212e-07,-1.0079e-09,-2.6469e-06,7.9777e-07,-1.6206e-08,-2.6469e-06,7.9777e-07,-1.6206e-08
-1.1803e-06,1.1803e-06,-2.8358e-06,-8.587e-06,2.8286e-06,8.5152e-06,1.1017e-09,-2.8358e-06,-8.587e-06,2.6967e-07,-2.8358e-06,-8.587e-06,2.6967e-07
-3.5165e-06,3.5165e-06,-3.0256e-06,-4.9079e-07,3.0042e-06,2.7699e-07,3.2823e-09,-3.0256e-06,-4.9079e-07,2.4118e-08,-3.0256e-06,-4.9079e-07,2.4118e-08
-6.1692e-06,6.1692e-06,-6.8602e-07,-1.2075e-05,6.4851e-07,1.17e-05,5.7584e-09,-6.8602e-07,-1.2075e-05,3.6918e-07,-6.8602e-07,-1.2075e-05,3.6918e-07
1.9643e-06,-1.9643e-06,5.0403e-06,2.2701e-05,-5.0284e-06,-2.2581e-05,-1.8335e-09,5.0403e-06,2.2701e-05,-7.0543e-07,5.0403e-06,2.2701e-05,-7.0543e-07
2.7381e-07,-2.7381e-07,-1.7012e-06,1.2754e-05,1.7029e-06,-1.2737e-05,-2.5558e-10,-1.7012e-06,1.2754e-05,-3.8254e-07,-1.7012e-06,1.2754e-05,-3.8254e-07
-1.4051e-06,1.4051e-06,1.5896e-06,3.186e-06,-1.5982e-06,-3.2714e-06,1.3115e-09,1.5896e-06,3.186e-06,-1.0169e-07,1.5896e-06,3.186e-06,-1.0169e-07
0.00012652,-0.00012652,5.1151e-06,9.6168e-07,-4.3458e-06,6.7308e-06,-1.181e-07,5.1151e-06,9.6168e-07,-4.4785e-08,5.1151e-06,9.6168e-07,-4.4785e-08
-5.6624e-06,5.6624e-06,7.8757e-07,-4.8345e-06,-8.22e-07,4.4902e-06,5.2853e-09,7.8757e-07,-4.8345e-06,1.4457e-07,7.8757e-07,-4.8345e-06,1.4457e-07
-1.0634e-05,1.0634e-05,2.5972e-06,-1.6722e-05,-2.6618e-06,1.6076e-05,9.9261e-09,2.5972e-06,-1.6722e-05,5.0046e-07,2.5972e-06,-1.6722e-05,5.0046e-07
3.7713e-06,-3.7713e-06,4.5112e-06,-7.5764e-06,-4.4883e-06,7.8057e-06,-3.5201e-09,4.5112e-06,-7.5764e-06,2.1661e-07,4.5112e-06,-7.5764e-06,2.1661e-07
-1.8906e-06,1.8906e-06,1.3977e-06,-3.7303e-06,-1.4092e-06,3.6153e-06,1.7647e-09,1.3977e-06,-3.7303e-06,1.0915e-07,1.3977e-06,-3.7303e-06,1.0915e-07
-8.5208e-06,8.5208e-06,-1.4119e-06,-3.1827e-05,1.3601e-06,3.1308e-05,7.9533e-09,-1.4119e-06,-3.1827e-05,9.7182e-07,-1.4119e-06,-3.1827e-05,9.7182e-07
-5.1713e-06,5.1713e-06,-4.2091e-06,1.679e-07,4.1777e-06,-4.8232e-07,4.8269e-09,-4.2091e-06,1.679e-07,7.6915e-09,-4.2091e-06,1.679e-07,7.6915e-09
-3.0975e-06,3.0975e-06,-6.7159e-06,-4.9886e-05,6.697e-06,4.9697e-05,2.8912e-09,-6.7159e-06,-4.9886e-05,1.5369e-06,-6.7159e-06,-4.9886e-05,1.5369e-06
-1.9352e-06,1.9352e-06,-9.2282e-06,-1.0044e-05,9.2164e-06,9.9267e-06,1.8063e-09,-9.2282e-06,-1.0044e-05,3.334e-07,-9.2282e-06,-1.0044e-05,3.334e-07
5.7702e-05,-5.7702e-05,-6.3475e-06,-3.6207e-05,6.6983e-06,3.9715e-05,-5.386e-08,-6.3475e-06,-3.6207e-05,1.12e-06,-6.3475e-06,-3.6207e-05,1.12e-06
-2.4274e-06,2.4274e-06,-3.6515e-06,-4.2499e-06,3.6368e-06,4.1023e-06,2.2658e-09,-3.6515e-06,-4.2499e-06,1.403e-07,-3.6515e-06,-4.2499e-06,1.403e-07
-5.8749e-08,5.8749e-08,-2.2276e-06,7.4954e-05,2.2272e-06,-7.4957e-05,5.4836e-11,-2.2276e-06,7.4954e-05,-2.2718e-06,-2.2276e-06,7.4954e-05,-2.2718e-06
-3.6946e-05,3.6946e-05,4.2771e-06,1.5069e-05,-4.5017e-06,-1.7316e-05,3.4486e-08,4.2771e-06,1.5069e-05,-4.7111e-07,4.2771e-06,1.5069e-05,-4.7111e-07
-0.00015407,0.00015407,7.8572e-07,-1.9845e-05,-1.7224e-06,1.0477e-05,1.4381e-07,7.8572e-07,-1.9845e-05,6.0088e-07,7.8572e-07,-1.9845e-05,6.0088e-07
8.5677e-06,-8.5677e-06,-2.2829e-06,-5.588e-07,2.335e-06,1.0797e-06,-7.9971e-09,-2.2829e-06,-5.588e-07,2.3928e-08,-2.2829e-06,-5.588e-07,2.3928e-08
7.9337e-05,-7.9337e-05,-5.2298e-06,-5.0016e-05,5.7121e-06,5.484e-05,-7.4053e-08,-5.2298e-06,-5.0016e-05,1.5364e-06,-5.2298e-06,-5.0016e-05,1.5364e-06
-6.1264e-05,6.1264e-05,-8.3639e-06,-4.1379e-05,7.9914e-06,3.7654e-05,5.7184e-08,-8.3639e-06,-4.1379e-05,1.2833e-06,-8.3639e-06,-4.1379e-05,1.2833e-06
-2.0881e-06,2.0881e-06,-6.1984e-06,-4.7322e-06,6.1857e-06,4.6052e-06,1.9491e-09,-6.1984e-06,-4.7322e-06,1.627e-07,-6.1984e-06,-4.7322e-06,1.627e-07
-2.7948e-06,2.7948e-06,-4.122e-06,-8.9548e-06,4.105e-06,8.7848e-06,2.6087e-09,-4.122e-06,-8.9548e-06,2.8476e-07,-4.122e-06,-8.9548e-06,2.8476e-07
-3.5015e-06,3.5015e-06,-2.0456e-06,-1.3177e-05,2.0243e-06,1.2964e-05,3.2683e-09,-2.0456e-06,-1.3177e-05,4.0681e-07,-2.0456e-06,-1.3177e-05,4.0681e-07
-4.2085e-06,4.2085e-06,2.9847e-08,2.5802e-06,-5.5435e-08,-2.8361e-06,3.9282e-09,2.9847e-08,2.5802e-06,-7.853e-08,2.9847e-08,2.5802e-06,-7.853e-08
-6.855e-05,6.855e-05,2.6381e-06,-0.00012625,-3.0549e-06,0.00012208,6.3985e-08,2.6381e-06,-0.00012625,3.83e-06,2.6381e-06,-0.00012625,3.83e-06
-4.5459e-05,4.5459e-05,5.4933e-06,-9.27e-05,-5.7697e-06,8.9936e-05,4.2432e-08,5.4933e-06,-9.27e-05,2.8014e-06,5.4933e-06,-9.27e-05,2.8014e-06
-2.9688e-06,2.9688e-06,3.3789e-06,-1.8896e-05,-3.3969e-06,1.8716e-05,2.7711e-09,3.3789e-06,-1.8896e-05,5.6418e-07,3.3789e-06,-1.8896e-05,5.6418e-07
-2.454e-06,2.454e-06,-3.5172e-06,-7.2865e-05,3.5023e-06,7.2716e-05,2.2906e-09,-3.5172e-06,-7.2865e-05,2.2258e-06,-3.5172e-06,-7.2865e-05,2.2258e-06
-4.0163e-06,4.0163e-06,-5.3162e-06,-5.5874e-05,5.2917e-06,5.563e-05,3.7489e-09,-5.3162e-06,-5.5874e-05,1.7147e-06,-5.3162e-06,-5.5874e-05,1.7147e-06
-7.2053e-06,7.2053e-06,-6.9803e-06,-5.2526e-05,6.9365e-06,5.2088e-05,6.7254e-09,-6.9803e-06,-5.2526e-05,1.618e-06,-6.9803e-06,-5.2526e-05,1.618e-06
-7.948e-05,7.948e-05,2.1344e-06,-2.8842e-05,-2.6177e-06,2.4009e-05,7.4186e-08,2.1344e-06,-2.8842e-05,8.703e-07,2.1344e-06,-2.8842e-05,8.703e-07
-1.5914e-06,1.5914e-06,1.4826e-06,2.1194e-06,-1.4923e-06,-2.2161e-06,1.4854e-09,1.4826e-06,2.1194e-06,-6.8937e-08,1.4826e-06,2.1194e-06,-6.8937e-08
-7.0857e-06,7.0857e-06,2.1259e-07,-5.0559e-05,-2.5567e-07,5.0128e-05,6.6138e-09,2.1259e-07,-5.0559e-05,1.5363e-06,2.1259e-07,-5.0559e-05,1.5363e-06
-1.4808e-05,1.4808e-05,4.0406e-06,-5.7254e-05,-4.1307e-06,5.6353e-05,1.3822e-08,4.0406e-06,-5.7254e-05,1.7282e-06,4.0406e-06,-5.7254e-05,1.7282e-06
-9.4345e-06,9.4345e-06,3.5368e-06,-2.4813e-05,-3.5941e-06,2.4239e-05,8.8062e-09,3.5368e-06,-2.4813e-05,7.4356e-07,3.5368e-06,-2.4813e-05,7.4356e-07
-4.8683e-05,4.8683e-05,7.1273e-06,6.0947e-06,-7.4233e-06,-9.0547e-06,4.5441e-08,7.1273e-06,6.0947e-06,-2.0695e-07,7.1273e-06,6.0947e-06,-2.0695e-07
1.9693e-06,-1.9693e-06,8.6165e-07,9.066e-07,-8.4968e-07,-7.8687e-07,-1.8381e-09,8.6165e-07,9.066e-07,-3.018e-08,8.6165e-07,9.066e-07,-3.018e-08
1.5616e-06,-1.5616e-06,4.6965e-06,-3.3205e-05,-4.687e-06,3.33e-05,-1.4576e-09,4.6965e-06,-3.3205e-05,9.9516e-07,4.6965e-06,-3.3205e-05,9.9516e-07
2.5959e-07,-2.5959e-07,8.5817e-06,-3.6829e-05,-8.5802e-06,3.6845e-05,-2.4231e-10,8.5817e-06,-3.6829e-05,1.0935e-06,8.5817e-06,-3.6829e-05,1.0935e-06
-1.043e-06,1.043e-06,2.4706e-06,-4.9338e-07,-2.477e-06,4.2996e-07,9.7351e-10,2.4706e-06,-4.9338e-07,7.4879e-09,2.4706e-06,-4.9338e-07,7.4879e-09
-4.8291e-05,4.8291e-05,6.3788e-06,-3.8869e-05,-6.6724e-06,3.5933e-05,4.5075e-08,6.3788e-06,-3.8869e-05,1.1622e-06,6.3788e-06,-3.8869e-05,1.1622e-06
-1.1704e-05,1.1704e-05,5.4225e-06,-2.8443e-05,-5.4936e-06,2.7732e-05,1.0925e-08,5.4225e-06,-2.8443e-05,8.4819e-07,5.4225e-06,-2.8443e-05,8.4819e-07
-5.7494e-06,5.7494e-06,-5.547e-07,-2.0752e-05,5.1974e-07,2.0403e-05,5.3665e-09,-5.547e-07,-2.0752e-05,6.3255e-07,-5.547e-07,-2.0752e-05,6.3255e-07
2.0508e-07,-2.0508e-07,3.4621e-06,-3.0717e-06,-3.4609e-06,3.0841e-06,-1.9142e-10,3.4621e-06,-3.0717e-06,8.2854e-08,3.4621e-06,-3.0717e-06,8.2854e-08
-2.965e-06,2.965e-06,8.2778e-06,2.2598e-05,-8.2959e-06,-2.2778e-05,2.7675e-09,8.2778e-06,2.2598e-05,-7.1214e-07,8.2778e-06,2.2598e-05,-7.1214e-07
3.8346e-05,-3.8346e-05,3.2456e-06,-1.5231e-05,-3.0124e-06,1.7563e-05,-3.5793e-08,3.2456e-06,-1.5231e-05,4.5316e-07,3.2456e-06,-1.5231e-05,4.5316e-07
-3.3924e-07,3.3924e-07,8.0837e-06,6.682e-07,-8.0858e-06,-6.8882e-07,3.1664e-10,8.0837e-06,6.682e-07,-4.4888e-08,8.0837e-06,6.682e-07,-4.4888e-08
6.0216e-05,-6.0216e-05,6.4215e-07,-2.1276e-05,-2.7604e-07,2.4937e-05,-5.6206e-08,6.4215e-07,-2.1276e-05,6.4485e-07,6.4215e-07,-2.1276e-05,6.4485e-07
-9.3555e-06,9.3555e-06,2.9956e-06,-7.7359e-06,-3.0525e-06,7.167e-06,8.7324e-09,2.9956e-06,-7.7359e-06,2.2606e-07,2.9956e-06,-7.7359e-06,2.2606e-07
6.0592e-06,-6.0592e-06,5.4784e-06,2.1005e-06,-5.4416e-06,-1.7321e-06,-5.6557e-09,5.4784e-06,2.1005e-06,-8.0509e-08,5.4784e-06,2.1005e-06,-8.0509e-08
-9.3744e-06,9.3744e-06,5.0387e-07,-2.7656e-05,-5.6087e-07,2.7086e-05,8.7501e-09,5.0387e-07,-2.7656e-05,8.3921e-07,5.0387e-07,-2.7656e-05,8.3921e-07
3.5005e-05,-3.5005e-05,4.7921e-06,2.345e-07,-4.5793e-06,1.8938e-06,-3.2674e-08,4.7921e-06,2.345e-07,-2.1697e-08,4.7921e-06,2.345e-07,-2.1697e-08
-4.5942e-07,4.5942e-07,8.9604e-06,-3.0577e-06,-8.9632e-06,3.0298e-06,4.2883e-10,8.9604e-06,-3.0577e-06,6.5715e-08,8.9604e-06,-3.0577e-06,6.5715e-08
-5.0895e-05,5.0895e-05,3.1115e-06,-6.5769e-06,-3.4209e-06,3.4825e-06,4.7505e-08,3.1115e-06,-6.5769e-06,1.9048e-07,3.1115e-06,-6.5769e-06,1.9048e-07
-7.9241e-07,7.9241e-07,9.057e-06,1.5399e-05,-9.0618e-06,-1.5447e-05,7.3963e-10,9.057e-06,1.5399e-05,-4.9565e-07,9.057e-06,1.5399e-05,-4.9565e-07
-5.9182e-07,5.9182e-07,-5.0604e-06,-3.3424e-06,5.0568e-06,3.3064e-06,5.524e-10,-5.0604e-06,-3.3424e-06,1.1699e-07,-5.0604e-06,-3.3424e-06,1.1699e-07
-3.9154e-07,3.9154e-07,8.1019e-07,-2.1049e-06,-8.1257e-07,2.0811e-06,3.6547e-10,8.1019e-07,-2.1049e-06,6.1525e-08,8.1019e-07,-2.1049e-06,6.1525e-08
-1.9125e-07,1.9125e-07,-3.3137e-06,-8.6692e-07,3.3125e-06,8.5529e-07,1.7851e-10,-3.3137e-06,-8.6692e-07,3.6428e-08,-3.3137e-06,-8.6692e-07,3.6428e-08
-1.3909e-06,1.3909e-06,2.9367e-06,-4.5804e-05,-2.9452e-06,4.5719e-05,1.2983e-09,2.9367e-06,-4.5804e-05,1.3835e-06,2.9367e-06,-4.5804e-05,1.3835e-06
-3.3897e-06,3.3897e-06,4.2541e-06,-2.7633e-05,-4.2747e-06,2.7427e-05,3.1639e-09,4.2541e-06,-2.7633e-05,8.271e-07,4.2541e-06,-2.7633e-05,8.271e-07
-6.1334e-06,6.1334e-06,3.1408e-06,-2.3775e-05,-3.1781e-06,2.3402e-05,5.7249e-09,3.1408e-06,-2.3775e-05,7.132e-07,3.1408e-06,-2.3775e-05,7.132e-07
1.1031e-06,-1.1031e-06,2.0417e-06,2.1484e-07,-2.035e-06,-1.4777e-07,-1.0296e-09,2.0417e-06,2.1484e-07,-1.2738e-08,2.0417e-06,2.1484e-07,-1.2738e-08
8.1124e-06,-8.1124e-06,9.4353e-07,-3.271e-06,-8.9421e-07,3.7642e-06,-7.5722e-09,9.4353e-07,-3.271e-06,9.6569e-08,9.4353e-07,-3.271e-06,9.6569e-08
-4.8393e-06,4.8393e-06,-1.8497e-07,-7.0601e-06,1.5554e-07,6.7658e-06,4.517e-09,-1.8497e-07,-7.0601e-06,2.1519e-07,-1.8497e-07,-7.0601e-06,2.1519e-07
-7.8106e-06,7.8106e-06,-1.2988e-06,-7.0765e-07,1.2513e-06,2.3277e-07,7.2904e-09,-1.2988e-06,-7.0765e-07,2.5461e-08,-1.2988e-06,-7.0765e-07,2.5461e-08
-8.0125e-07,8.0125e-07,-2.397e-06,-4.1935e-06,2.3921e-06,4.1448e-06,7.4789e-10,-2.397e-06,-4.1935e-06,1.3477e-07,-2.397e-06,-4.1935e-06,1.3477e-07
-3.2696e-06,3.2696e-06,-1.8696e-06,8.576e-06,1.8498e-06,-8.7748e-06,3.0519e-09,-1.8696e-06,8.576e-06,-2.5503e-07,-1.8696e-06,8.576e-06,-2.5503e-07
-5.6619e-06,5.6619e-06,-1.3413e-06,3.8644e-06,1.3069e-06,-4.2086e-06,5.2848e-09,-1.3413e-06,3.8644e-06,-1.134e-07,-1.3413e-06,3.8644e-06,-1.134e-07
-5.7357e-07,5.7357e-07,-2.9653e-07,-8.3134e-05,2.9304e-07,8.3099e-05,5.3538e-10,-2.9653e-07,-8.3134e-05,2.5282e-06,-2.9653e-07,-8.3134e-05,2.5282e-06
-6.4352e-06,6.4352e-06,7.8601e-07,-3.2331e-05,-8.2513e-07,3.1939e-05,6.0066e-09,7.8601e-07,-3.2331e-05,9.8046e-07,7.8601e-07,-3.2331e-05,9.8046e-07
6.8305e-06,-6.8305e-06,1.8998e-06,-2.8689e-05,-1.8583e-06,2.9104e-05,-6.3756e-09,1.8998e-06,-2.8689e-05,8.6636e-07,1.8998e-06,-2.8689e-05,8.6636e-07
-9.2674e-08,9.2674e-08,2.9819e-06,-2.8764e-06,-2.9824e-06,2.8708e-06,8.6502e-11,2.9819e-06,-2.8764e-06,7.8378e-08,2.9819e-06,-2.8764e-06,7.8378e-08
1.5046e-06,-1.5046e-06,4.2628e-06,-5.5031e-05,-4.2537e-06,5.5123e-05,-1.4044e-09,4.2628e-06,-5.5031e-05,1.66e-06,4.2628e-06,-5.5031e-05,1.66e-06
1.9893e-06,-1.9893e-06,8.0981e-06,-3.4169e-05,-8.086e-06,3.429e-05,-1.8568e-09,8.0981e-06,-3.4169e-05,1.0141e-06,8.0981e-06,-3.4169e-05,1.0141e-06
2.1706e-06,-2.1706e-06,1.9384e-06,-1.3311e-05,-1.9252e-06,1.3443e-05,-2.0261e-09,1.9384e-06,-1.3311e-05,3.9876e-07,1.9384e-06,-1.3311e-05,3.9876e-07
2.2762e-06,-2.2762e-06,5.7736e-06,-4.9421e-06,-5.7598e-06,5.0804e-06,-2.1246e-09,5.7736e-06,-4.9421e-06,1.3269e-07,5.7736e-06,-4.9421e-06,1.3269e-07
1.0451e-06,-1.0451e-06,-1.9528e-07,-4.9639e-05,2.0164e-07,4.9703e-05,-9.7554e-10,-1.9528e-07,-4.9639e-05,1.5096e-06,-1.9528e-07,-4.9639e-05,1.5096e-06
8.8754e-05,-8.8754e-05,6.522e-06,-3.2439e-05,-5.9824e-06,3.7835e-05,-8.2843e-08,6.522e-06,-3.2439e-05,9.6632e-07,6.522e-06,-3.2439e-05,9.6632e-07
-4.3943e-06,4.3943e-06,-1.9584e-06,-2.7292e-05,1.9317e-06,2.7025e-05,4.1017e-09,-1.9584e-06,-2.7292e-05,8.3564e-07,-1.9584e-06,-2.7292e-05,8.3564e-07
-8.1597e-06,8.1597e-06,-2.7391e-06,-1.511e-05,2.6894e-06,1.4613e-05,7.6163e-09,-2.7391e-06,-1.511e-05,4.6766e-07,-2.7391e-06,-1.511e-05,4.6766e-07
5.7351e-05,-5.7351e-05,-3.3528e-06,-2.1247e-05,3.7015e-06,2.4734e-05,-5.3531e-08,-3.3528e-06,-2.1247e-05,6.5611e-07,-3.3528e-06,-2.1247e-05,6.5611e-07
-2.7262e-06,2.7262e-06,9.005e-07,-2.6188e-05,-9.1707e-07,2.6022e-05,2.5446e-09,9.005e-07,-2.6188e-05,7.9337e-07,9.005e-07,-2.6188e-05,7.9337e-07
1.1394e-05,-1.1394e-05,7.8255e-06,-2.1902e-05,-7.7563e-06,2.2595e-05,-1.0635e-08,7.8255e-06,-2.1902e-05,6.4203e-07,7.8255e-06,-2.1902e-05,6.4203e-07
5.333e-06,-5.333e-06,-2.771e-06,-5.4344e-06,2.8034e-06,5.7587e-06,-4.9778e-09,-2.771e-06,-5.4344e-06,1.7363e-07,-2.771e-06,-5.4344e-06,1.7363e-07
-1.5958e-06,1.5958e-06,-3.2358e-06,-2.7573e-05,3.2261e-06,2.7476e-05,1.4895e-09,-3.2358e-06,-2.7573e-05,8.4807e-07,-3.2358e-06,-2.7573e-05,8.4807e-07
1.205e-06,-1.205e-06,-1.1892e-06,-7.1072e-06,1.1965e-06,7.1805e-06,-1.1248e-09,-1.1892e-06,-7.1072e-06,2.1968e-07,-1.1892e-06,-7.1072e-06,2.1968e-07
3.0599e-06,-3.0599e-06,9.8698e-07,-2.7822e-05,-9.6837e-07,2.8008e-05,-2.8561e-09,9.8698e-07,-2.7822e-05,8.4279e-07,9.8698e-07,-2.7822e-05,8.4279e-07
-6.5687e-05,6.5687e-05,3.1231e-06,-2.3952e-05,-3.5224e-06,1.9958e-05,6.1312e-08,3.1231e-06,-2.3952e-05,7.1863e-07,3.1231e-06,-2.3952e-05,7.1863e-07
5.2935e-06,-5.2935e-06,5.471e-06,-7.9687e-06,-5.4388e-06,8.2906e-06,-4.941e-09,5.471e-06,-7.9687e-06,2.2562e-07,5.471e-06,-7.9687e-06,2.2562e-07
-4.6124e-06,4.6124e-06,3.3845e-07,-2.6812e-05,-3.6649e-07,2.6532e-05,4.3053e-09,3.3845e-07,-2.6812e-05,8.1406e-07,3.3845e-07,-2.6812e-05,8.1406e-07
-5.5256e-05,5.5256e-05,5.1982e-06,-2.319e-05,-5.5341e-06,1.9831e-05,5.1577e-08,5.1982e-06,-2.319e-05,6.8918e-07,5.1982e-06,-2.319e-05,6.8918e-07
-1.6903e-06,1.6903e-06,2.9056e-07,-2.7291e-05,-3.0084e-07,2.7188e-05,1.5778e-09,2.9056e-07,-2.7291e-05,8.2877e-07,2.9056e-07,-2.7291e-05,8.2877e-07
-3.8387e-06,3.8387e-06,2.8619e-06,-1.9068e-05,-2.8852e-06,1.8835e-05,3.5831e-09,2.8619e-06,-1.9068e-05,5.7097e-07,2.8619e-06,-1.9068e-05,5.7097e-07
-6.1389e-06,6.1389e-06,5.4328e-06,-5.8526e-06,-5.4701e-06,5.4793e-06,5.73e-09,5.4328e-06,-5.8526e-06,1.614e-07,5.4328e-06,-5.8526e-06,1.614e-07
-2.4452e-05,2.4452e-05,6.2177e-07,-2.6478e-05,-7.7043e-07,2.4991e-05,2.2824e-08,6.2177e-07,-2.6478e-05,8.0304e-07,6.2177e-07,-2.6478e-05,8.0304e-07
-4.8402e-05,4.8402e-05,3.3428e-06,-2.9251e-05,-3.637e-06,2.6309e-05,4.5178e-08,3.3428e-06,-2.9251e-05,8.7908e-07,3.3428e-06,-2.9251e-05,8.7908e-07
-3.2333e-06,3.2333e-06,3.7383e-06,-2.5296e-05,-3.7579e-06,2.51e-05,3.0179e-09,3.7383e-06,-2.5296e-05,7.5764e-07,3.7383e-06,-2.5296e-05,7.5764e-07
5.1751e-05,-5.1751e-05,8.3097e-06,2.9273e-06,-7.995e-06,2.1916e-07,-4.8304e-08,8.3097e-06,2.9273e-06,-1.1425e-07,8.3097e-06,2.9273e-06,-1.1425e-07
-3.278e-06,3.278e-06,2.7207e-06,2.0076e-06,-2.7407e-06,-2.2069e-06,3.0597e-09,2.7207e-06,2.0076e-06,-6.9302e-08,2.7207e-06,2.0076e-06,-6.9302e-08
-4.8841e-05,4.8841e-05,7.1946e-06,-1.572e-05,-7.4915e-06,1.275e-05,4.5588e-08,7.1946e-06,-1.572e-05,4.56e-07,7.1946e-06,-1.572e-05,4.56e-07
-4.7189e-06,4.7189e-06,4.3233e-06,-1.6947e-05,-4.352e-06,1.6661e-05,4.4047e-09,4.3233e-06,-1.6947e-05,5.0206e-07,4.3233e-06,-1.6947e-05,5.0206e-07
-4.5668e-07,4.5668e-07,5.5526e-06,2.8415e-06,-5.5554e-06,-2.8693e-06,4.2626e-10,5.5526e-06,2.8415e-06,-1.0326e-07,5.5526e-06,2.8415e-06,-1.0326e-07
5.3465e-05,-5.3465e-05,-6.1446e-07,-3.8594e-06,9.3952e-07,7.11e-06,-4.9905e-08,-6.1446e-07,-3.8594e-06,1.1919e-07,-6.1446e-07,-3.8594e-06,1.1919e-07
-6.2879e-05,6.2879e-05,2.9846e-06,-1.2844e-05,-3.3669e-06,9.0208e-06,5.8692e-08,2.9846e-06,-1.2844e-05,3.8138e-07,2.9846e-06,-1.2844e-05,3.8138e-07
6.5318e-07,-6.5318e-07,6.8562e-06,-1.6133e-06,-6.8522e-06,1.653e-06,-6.0968e-10,6.8562e-06,-1.6133e-06,2.8201e-08,6.8562e-06,-1.6133e-06,2.8201e-08
3.8775e-05,-3.8775e-05,3.2552e-06,-1.5136e-05,-3.0194e-06,1.7493e-05,-3.6193e-08,3.2552e-06,-1.5136e-05,4.5023e-07,3.2552e-06,-1.5136e-05,4.5023e-07
-3.8462e-05,3.8462e-05,4.5056e-06,-1.0128e-05,-4.7394e-06,7.7892e-06,3.59e-08,4.5056e-06,-1.0128e-05,2.9418e-07,4.5056e-06,-1.0128e-05,2.9418e-07
-3.593e-05,3.593e-05,5.8773e-06,-6.4053e-06,-6.0958e-06,4.2207e-06,3.3537e-08,5.8773e-06,-6.4053e-06,1.7685e-07,5.8773e-06,-6.4053e-06,1.7685e-07
6.6527e-06,-6.6527e-06,-1.8619e-07,2.9212e-06,2.2664e-07,-2.5167e-06,-6.2097e-09,-1.8619e-07,2.9212e-06,-8.8237e-08,-1.8619e-07,2.9212e-06,-8.8237e-08
-1.3238e-06,1.3238e-06,3.753e-06,-2.0153e-05,-3.761e-06,2.0072e-05,1.2356e-09,3.753e-06,-2.0153e-05,6.0124e-07,3.753e-06,-2.0153e-05,6.0124e-07
-3.9688e-05,3.9688e-05,7.6752e-06,-1.841e-05,-7.9165e-06,1.5997e-05,3.7045e-08,7.6752e-06,-1.841e-05,5.3634e-07,7.6752e-06,-1.841e-05,5.3634e-07
-2.8595e-05,2.8595e-05,1.7082e-06,-1.0617e-05,-1.8821e-06,8.8783e-06,2.6691e-08,1.7082e-06,-1.0617e-05,3.1756e-07,1.7082e-06,-1.0617e-05,3.1756e-07
2.4585e-06,-2.4585e-06,5.766e-06,-2.5211e-06,-5.7511e-06,2.6706e-06,-2.2948e-09,5.766e-06,-2.5211e-06,5.9112e-08,5.766e-06,-2.5211e-06,5.9112e-08
7.8041e-05,-7.8041e-05,2.4574e-06,-1.5618e-05,-1.9829e-06,2.0363e-05,-7.2844e-08,2.4574e-06,-1.5618e-05,4.6732e-07,2.4574e-06,-1.5618e-05,4.6732e-07
-6.4366e-06,6.4366e-06,1.403e-06,-3.6748e-06,-1.4421e-06,3.2835e-06,6.0079e-09,1.403e-06,-3.6748e-06,1.0745e-07,1.403e-06,-3.6748e-06,1.0745e-07
4.0527e-06,-4.0527e-06,4.9352e-07,-5.2736e-06,-4.6888e-07,5.52e-06,-3.7828e-09,4.9352e-07,-5.2736e-06,1.5882e-07,4.9352e-07,-5.2736e-06,1.5882e-07
-2.1117e-05,2.1117e-05,4.5809e-06,-2.1868e-05,-4.7093e-06,2.0584e-05,1.971e-08,4.5809e-06,-2.1868e-05,6.5085e-07,4.5809e-06,-2.1868e-05,6.5085e-07
3.2313e-06,-3.2313e-06,6.2513e-06,-1.0162e-05,-6.2316e-06,1.0358e-05,-3.0161e-09,6.2513e-06,-1.0162e-05,2.8991e-07,6.2513e-06,-1.0162e-05,2.8991e-07
7.3707e-06,-7.3707e-06,4.0304e-07,-6.1787e-06,-3.5823e-07,6.6268e-06,-6.8798e-09,4.0304e-07,-6.1787e-06,1.8661e-07,4.0304e-07,-6.1787e-06,1.8661e-07
-1.3666e-05,1.3666e-05,4.5185e-06,-5.0731e-09,-4.6016e-06,-8.2585e-07,1.2756e-08,4.5185e-06,-5.0731e-09,-1.3582e-08,4.5185e-06,-5.0731e-09,-1.3582e-08
-4.9108e-06,4.9108e-06,8.6875e-06,-8.2877e-06,-8.7173e-06,7.9891e-06,4.5837e-09,8.6875e-06,-8.2877e-06,2.2554e-07,8.6875e-06,-8.2877e-06,2.2554e-07
-6.1363e-06,6.1363e-06,2.8459e-06,3.2582e-06,-2.8832e-06,-3.6313e-06,5.7277e-09,2.8459e-06,3.2582e-06,-1.077e-07,2.8459e-06,3.2582e-06,-1.077e-07
2.6188e-06,-2.6188e-06,7.0144e-06,4.9654e-06,-6.9985e-06,-4.8062e-06,-2.4444e-09,7.0144e-06,4.9654e-06,-1.7227e-07,7.0144e-06,4.9654e-06,-1.7227e-07
4.7247e-07,-4.7247e-07,3.7099e-06,-2.3083e-05,-3.707e-06,2.3111e-05,-4.4101e-10,3.7099e-06,-2.3083e-05,6.9044e-07,3.7099e-06,-2.3083e-05,6.9044e-07
-2.2613e-06,2.2613e-06,5.4155e-06,-2.1019e-05,-5.4292e-06,2.0881e-05,2.1107e-09,5.4155e-06,-2.1019e-05,6.225e-07,5.4155e-06,-2.1019e-05,6.225e-07
4.588e-06,-4.588e-06,-3.4535e-07,-1.1164e-05,3.7325e-07,1.1443e-05,-4.2825e-09,-3.4535e-07,-1.1164e-05,3.4045e-07,-3.4535e-07,-1.1164e-05,3.4045e-07
-3.5335e-06,3.5335e-06,3.8655e-06,-1.5375e-06,-3.887e-06,1.3226e-06,3.2982e-09,3.8655e-06,-1.5375e-06,3.4988e-08,3.8655e-06,-1.5375e-06,3.4988e-08
2.7828e-05,-2.7828e-05,5.7148e-06,-1.5526e-05,-5.5456e-06,1.7218e-05,-2.5975e-08,5.7148e-06,-1.5526e-05,4.5463e-07,5.7148e-06,-1.5526e-05,4.5463e-07
2.8711e-05,-2.8711e-05,2.5499e-06,-7.1969e-06,-2.3754e-06,8.9425e-06,-2.6799e-08,2.5499e-06,-7.1969e-06,2.1103e-07,2.5499e-06,-7.1969e-06,2.1103e-07
-3.4771e-07,3.4771e-07,-6.6046e-07,6.7735e-07,6.5835e-07,-6.9849e-07,3.2455e-10,-6.6046e-07,6.7735e-07,-1.8584e-08,-6.6046e-07,6.7735e-07,-1.8584e-08
6.4988e-05,-6.4988e-05,1.3317e-06,-1.4382e-05,-9.3657e-07,1.8333e-05,-6.066e-08,1.3317e-06,-1.4382e-05,4.3316e-07,1.3317e-06,-1.4382e-05,4.3316e-07
-9.7837e-06,9.7837e-06,3.1097e-06,-4.0976e-06,-3.1692e-06,3.5027e-06,9.1321e-09,3.1097e-06,-4.0976e-06,1.1511e-07,3.1097e-06,-4.0976e-06,1.1511e-07
-0.00018016,0.00018016,6.7579e-06,-3.258e-05,-7.8533e-06,2.1626e-05,1.6816e-07,6.7579e-06,-3.258e-05,9.6989e-07,6.7579e-06,-3.258e-05,9.6989e-07
9.1103e-06,-9.1103e-06,5.953e-06,-5.6487e-06,-5.8976e-06,6.2026e-06,-8.5035e-09,5.953e-06,-5.6487e-06,1.5362e-07,5.953e-06,-5.6487e-06,1.5362e-07
1.8777e-05,-1.8777e-05,-1.2113e-07,-1.4257e-06,2.3529e-07,2.5673e-06,-1.7527e-08,-1.2113e-07,-1.4257e-06,4.3709e-08,-1.2113e-07,-1.4257e-06,4.3709e-08
7.1785e-06,-7.1785e-06,-6.0281e-06,-4.0506e-05,6.0717e-06,4.0943e-05,-6.7004e-09,-6.0281e-06,-4.0506e-05,1.2497e-06,-6.0281e-06,-4.0506e-05,1.2497e-06
1.554e-05,-1.554e-05,-1.1908e-05,6.3564e-07,1.2003e-05,3.0919e-07,-1.4505e-08,-1.1908e-05,6.3564e-07,1.6878e-08,-1.1908e-05,6.3564e-07,1.6878e-08
3.1139e-06,-3.1139e-06,-2.7036e-06,-2.7254e-05,2.7226e-06,2.7443e-05,-2.9065e-09,-2.7036e-06,-2.7254e-05,8.3673e-07,-2.7036e-06,-2.7254e-05,8.3673e-07
1.9707e-05,-1.9707e-05,-3.3892e-06,-4.4104e-05,3.509e-06,4.5303e-05,-1.8395e-08,-3.3892e-06,-4.4104e-05,1.3511e-06,-3.3892e-06,-4.4104e-05,1.3511e-06
-3.6225e-06,3.6225e-06,-4.1382e-06,-1.622e-06,4.1162e-06,1.4017e-06,3.3813e-09,-4.1382e-06,-1.622e-06,6.1889e-08,-4.1382e-06,-1.622e-06,6.1889e-08
-6.9904e-06,6.9904e-06,-4.8551e-06,1.204e-06,4.8126e-06,-1.629e-06,6.5249e-09,-4.8551e-06,1.204e-06,-2.1841e-08,-4.8551e-06,1.204e-06,-2.1841e-08
-0.0001517,0.0001517,-5.6019e-06,-5.124e-05,4.6796e-06,4.2016e-05,1.4159e-07,-5.6019e-06,-5.124e-05,1.5747e-06,-5.6019e-06,-5.124e-05,1.5747e-06
3.462e-06,-3.462e-06,-5.8975e-06,-4.2237e-06,5.9186e-06,4.4342e-06,-3.2315e-09,-5.8975e-06,-4.2237e-06,1.4633e-07,-5.8975e-06,-4.2237e-06,1.4633e-07
-3.2484e-05,3.2484e-05,-6.3579e-06,-4.8805e-05,6.1604e-06,4.683e-05,3.0321e-08,-6.3579e-06,-4.8805e-05,1.503e-06,-6.3579e-06,-4.8805e-05,1.503e-06
1.1109e-05,-1.1109e-05,-6.7006e-06,-2.2249e-05,6.7682e-06,2.2924e-05,-1.037e-08,-6.7006e-06,-2.2249e-05,6.9674e-07,-6.7006e-06,-2.2249e-05,6.9674e-07
4.6482e-06,-4.6482e-06,-7.1192e-06,-1.4482e-06,7.1474e-06,1.7308e-06,-4.3386e-09,-7.1192e-06,-1.4482e-06,6.5667e-08,-7.1192e-06,-1.4482e-06,6.5667e-08
-3.2728e-06,3.2728e-06,-7.3545e-06,-4.8777e-05,7.3346e-06,4.8578e-05,3.0548e-09,-7.3545e-06,-4.8777e-05,1.5052e-06,-7.3545e-06,-4.8777e-05,1.5052e-06
-5.1705e-05,5.1705e-05,-7.5934e-06,-3.6174e-05,7.279e-06,3.3031e-05,4.8261e-08,-7.5934e-06,-3.6174e-05,1.1228e-06,-7.5934e-06,-3.6174e-05,1.1228e-06
-1.2082e-06,1.2082e-06,-2.6236e-06,-3.1451e-05,2.6162e-06,3.1378e-05,1.1277e-09,-2.6236e-06,-3.1451e-05,9.6409e-07,-2.6236e-06,-3.1451e-05,9.6409e-07
0.00010828,-0.00010828,2.5113e-06,-1.5083e-05,-1.853e-06,2.1666e-05,-1.0107e-07,2.5113e-06,-1.5083e-05,4.5088e-07,2.5113e-06,-1.5083e-05,4.5088e-07
-1.2822e-05,1.2822e-05,7.3573e-06,-1.6595e-05,-7.4353e-06,1.5816e-05,1.1968e-08,7.3573e-06,-1.6595e-05,4.8213e-07,7.3573e-06,-1.6595e-05,4.8213e-07
5.6967e-06,-5.6967e-06,7.4175e-06,-1.0013e-06,-7.3829e-06,1.3477e-06,-5.3173e-09,7.4175e-06,-1.0013e-06,7.8902e-09,7.4175e-06,-1.0013e-06,7.8902e-09
4.3001e-06,-4.3001e-06,2.4512e-06,-5.6896e-06,-2.425e-06,5.951e-06,-4.0137e-09,2.4512e-06,-5.6896e-06,1.6551e-07,2.4512e-06,-5.6896e-06,1.6551e-07
2.9035e-06,-2.9035e-06,-2.5152e-06,-1.0378e-05,2.5328e-06,1.0554e-05,-2.7101e-09,-2.5152e-06,-1.0378e-05,3.2313e-07,-2.5152e-06,-1.0378e-05,3.2313e-07
1.5066e-06,-1.5066e-06,-7.4825e-06,4.9136e-06,7.4916e-06,-4.822e-06,-1.4063e-09,-7.4825e-06,4.9136e-06,-1.2663e-07,-7.4825e-06,4.9136e-06,-1.2663e-07
1.2516e-07,-1.2516e-07,-7.4516e-06,2.2534e-07,7.4523e-06,-2.1773e-07,-1.1683e-10,-7.4516e-06,2.2534e-07,1.5803e-08,-7.4516e-06,2.2534e-07,1.5803e-08
-1.2563e-06,1.2563e-06,-7.4207e-06,-4.4629e-06,7.413e-06,4.3865e-06,1.1726e-09,-7.4207e-06,-4.4629e-06,1.5823e-07,-7.4207e-06,-4.4629e-06,1.5823e-07
-2.6377e-06,2.6377e-06,-7.3898e-06,-9.1512e-06,7.3737e-06,8.9908e-06,2.4621e-09,-7.3898e-06,-9.1512e-06,3.0066e-07,-7.3898e-06,-9.1512e-06,3.0066e-07
-4.0191e-06,4.0191e-06,-7.3589e-06,-1.3839e-05,7.3344e-06,1.3595e-05,3.7515e-09,-7.3589e-06,-1.3839e-05,4.4309e-07,-7.3589e-06,-1.3839e-05,4.4309e-07
4.4502e-05,-4.4502e-05,-7.2531e-06,2.2106e-06,7.5237e-06,4.9513e-07,-4.1538e-08,-7.2531e-06,2.2106e-06,-4.5152e-08,-7.2531e-06,2.2106e-06,-4.5152e-08
-3.549e-07,3.549e-07,-6.5081e-06,-0.00012027,6.5059e-06,0.00012025,3.3126e-10,-6.5081e-06,-0.00012027,3.6759e-06,-6.5081e-06,-0.00012027,3.6759e-06
5.2206e-05,-5.2206e-05,-5.4858e-06,-8.0064e-05,5.8032e-06,8.3238e-05,-4.8729e-08,-5.4858e-06,-8.0064e-05,2.4506e-06,-5.4858e-06,-8.0064e-05,2.4506e-06
-1.5e-05,1.5e-05,-4.6473e-06,-1.7174e-06,4.5561e-06,8.0543e-07,1.4001e-08,-4.6473e-06,-1.7174e-06,6.6338e-08,-4.6473e-06,-1.7174e-06,6.6338e-08
-4.7032e-06,4.7032e-06,-3.4103e-06,-7.9298e-05,3.3817e-06,7.9012e-05,4.3899e-09,-3.4103e-06,-7.9298e-05,2.421e-06,-3.4103e-06,-7.9298e-05,2.421e-06
-0.000166,0.000166,2.6803e-06,-6.3367e-05,-3.6895e-06,5.3275e-05,1.5494e-07,2.6803e-06,-6.3367e-05,1.9182e-06,2.6803e-06,-6.3367e-05,1.9182e-06
-8.3719e-06,8.3719e-06,9.2542e-06,-1.7617e-05,-9.3051e-06,1.7108e-05,7.8144e-09,9.2542e-06,-1.7617e-05,5.0741e-07,9.2542e-06,-1.7617e-05,5.0741e-07
-4.0582e-07,4.0582e-07,1.0604e-05,5.8803e-06,-1.0607e-05,-5.905e-06,3.7879e-10,1.0604e-05,5.8803e-06,-2.11e-07,1.0604e-05,5.8803e-06,-2.11e-07
-6.5068e-05,6.5068e-05,-7.7599e-06,-8.2812e-05,7.3643e-06,7.8856e-05,6.0734e-08,-7.7599e-06,-8.2812e-05,2.5411e-06,-7.7599e-06,-8.2812e-05,2.5411e-06
-9.9508e-06,9.9508e-06,-9.6322e-07,-9.848e-06,9.0272e-07,9.243e-06,9.2881e-09,-9.6322e-07,-9.848e-06,3.0231e-07,-9.6322e-07,-9.848e-06,3.0231e-07
-5.1902e-06,5.1902e-06,5.7604e-06,-1.2573e-05,-5.792e-06,1.2258e-05,4.8446e-09,5.7604e-06,-1.2573e-05,3.6471e-07,5.7604e-06,-1.2573e-05,3.6471e-07
-1.4445e-06,1.4445e-06,1.9365e-05,-3.1442e-05,-1.9374e-05,3.1354e-05,1.3483e-09,1.9365e-05,-3.1442e-05,8.9696e-07,1.9365e-05,-3.1442e-05,8.9696e-07
-6.7563e-05,6.7563e-05,-7.1171e-06,8.5692e-06,6.7063e-06,-1.2677e-05,6.3064e-08,-7.1171e-06,8.5692e-06,-2.3887e-07,-7.1171e-06,8.5692e-06,-2.3887e-07
-1.346e-05,1.346e-05,-1.3426e-05,5.4515e-06,1.3344e-05,-6.2698e-06,1.2563e-08,-1.3426e-05,5.4515e-06,-1.2491e-07,-1.3426e-05,5.4515e-06,-1.2491e-07
3.7945e-05,-3.7945e-05,5.6012e-06,-8.912e-05,-5.3705e-06,9.1427e-05,-3.5418e-08,5.6012e-06,-8.912e-05,2.6922e-06,5.6012e-06,-8.912e-05,2.6922e-06
-4.1612e-05,4.1612e-05,4.4331e-06,-2.5842e-05,-4.6861e-06,2.3312e-05,3.8841e-08,4.4331e-06,-2.5842e-05,7.7212e-07,4.4331e-06,-2.5842e-05,7.7212e-07
-3.7543e-06,3.7543e-06,3.6919e-06,-7.8229e-05,-3.7147e-06,7.8001e-05,3.5043e-09,3.6919e-06,-7.8229e-05,2.3669e-06,3.6919e-06,-7.8229e-05,2.3669e-06
-7.7593e-06,7.7593e-06,2.9899e-06,-5.5265e-05,-3.0371e-06,5.4793e-05,7.2426e-09,2.9899e-06,-5.5265e-05,1.671e-06,2.9899e-06,-5.5265e-05,1.671e-06
-1.3244e-05,1.3244e-05,2.4076e-06,-4.1099e-05,-2.4882e-06,4.0293e-05,1.2362e-08,2.4076e-06,-4.1099e-05,1.2421e-06,2.4076e-06,-4.1099e-05,1.2421e-06
