1.0435,1.0475,0.40491,-0.00015523,0.80472,-0.00040302,0.90666,0.19989,-0.00016903,-0.0019132,0.19991,-0.00015523,-0.00060244
0.9639,0.96359,-0.10033,0.00072732,-0.00091168,-0.0025487,0.15812,0.00040303,0.00080427,0.15847,0.099493,0.00072732,-0.00032461
1.0087,1.0505,-1.627,-0.54157,1.5265,0.53625,0.0018304,-0.82033,-0.52733,0.96211,3.9956,1.8226,6.1909
1.0939,1.1061,-1.5818,-0.9854,-0.5719,0.27445,1.0353,0.58682,-0.34904,1.0558,0.44495,1.8272,6.1255
1.0428,1.0572,-1.4266,-1.0395,-0.72737,0.32546,1.0353,0.69053,0.019655,0.94182,0.030051,1.559,6.0846
1.0219,1.0303,-1.3432,-0.949,-0.81059,0.23611,1.0352,0.76428,0.16423,0.93756,-0.21034,1.2338,6.0661
1.0248,1.0274,-1.2399,-0.86159,-0.91388,0.14888,1.0351,0.53299,0.18163,0.93753,-0.18568,1.0415,6.0589
1.0212,1.0203,-1.1414,-0.81169,-0.99521,0.099411,1.0351,0.31221,0.14416,0.93861,-0.14478,0.97959,6.0565
1.0169,1.0146,-1.0619,-0.78666,-0.98099,0.074734,1.035,0.23292,0.1193,0.93935,-0.13073,0.95475,6.0555
1.0221,1.0195,-1.0349,-0.78048,-0.94758,0.068249,1.035,0.21226,0.10044,0.94002,-0.1037,0.96093,6.0552
1.0225,1.0191,-1.0082,-0.77115,-0.9743,0.058931,1.035,0.21194,0.10359,0.93993,-0.15676,0.93905,6.0525
1.018,1.0143,-1.0013,-0.76634,-0.98016,0.054414,1.035,0.22599,0.099069,0.94005,-0.18358,0.93424,6.0518
1.013,1.0094,-0.99751,-0.76507,-0.98392,0.053445,1.035,0.22978,0.10034,0.94,-0.19493,0.9307,6.051
1.0154,1.0116,-0.99355,-0.76327,-0.98789,0.051517,1.035,0.22644,0.096057,0.94001,-0.19952,0.93123,6.0501
1.0124,1.0085,-0.95912,-0.76393,-1.0223,0.052371,1.035,0.12776,0.099993,0.93993,-0.16969,0.92877,6.0492
1.0123,1.0086,-0.93681,-0.7641,-0.9879,0.052534,1.035,0.15007,0.099826,0.93987,-0.17991,0.92926,6.0488
1.0124,1.0085,-0.89901,-0.76431,-1.0155,0.052749,1.035,0.046864,0.10046,0.93984,-0.14211,0.92905,6.0487
1.0069,1.003,-0.86199,-0.76438,-0.99919,0.053146,1.035,0.046082,0.1006,0.93984,-0.16203,0.92936,6.048
1.0027,0.99905,-0.84371,-0.76435,-0.98127,0.053356,1.035,0.064364,0.10063,0.93978,-0.18069,0.9295,6.0477
1.002,0.99802,-0.7912,-0.76504,-1.0338,0.054105,1.035,-0.0744,0.10275,0.93953,-0.14693,0.92878,6.0471
1.0017,0.99806,-0.74975,-0.76533,-0.98894,0.054388,1.035,-0.11246,0.10361,0.93941,-0.10548,0.92849,6.047
1.0005,0.99678,-0.70579,-0.76566,-1.0025,0.054795,1.035,-0.11921,0.10369,0.93926,-0.15628,0.92914,6.0464
0.9992,0.99556,-0.67219,-0.76585,-0.98964,0.05506,1.035,-0.12957,0.10383,0.9393,-0.16664,0.92944,6.046
0.99819,0.99457,-0.65076,-0.76594,-0.98783,0.055211,1.035,-0.13713,0.10395,0.93925,-0.17871,0.92954,6.0455
0.9982,0.99457,-0.63844,-0.76599,-0.9909,0.055267,1.035,-0.1435,0.10402,0.93922,-0.18773,0.92958,6.0453
0.99821,0.99457,-0.63181,-0.76602,-0.99431,0.055296,1.035,-0.14791,0.10405,0.93916,-0.19335,0.9296,6.0452
0.99712,0.99346,-0.62825,-0.76602,-0.99692,0.055365,1.035,-0.15105,0.10408,0.9391,-0.19639,0.92963,6.045
0.99639,0.99273,-0.62635,-0.76601,-0.99834,0.055403,1.035,-0.15271,0.10409,0.9391,-0.19806,0.92964,6.0448
0.99698,0.99331,-0.62629,-0.76602,-0.99817,0.055381,1.035,-0.15265,0.10408,0.9391,-0.198,0.92963,6.0448
0.99859,0.99492,-0.6253,-0.76605,-0.99917,0.055313,1.035,-0.15362,0.10405,0.93911,-0.19902,0.9296,6.0444
0.99859,0.99492,-0.62526,-0.76605,-0.99904,0.05531,1.035,-0.15358,0.10405,0.93911,-0.19898,0.9296,6.0444
0.99859,0.99492,-0.62474,-0.76611,-0.99956,0.055367,1.035,-0.15409,0.10402,0.93911,-0.19949,0.92974,6.044
0.99743,0.99377,-0.62445,-0.76619,-0.99975,0.055512,1.035,-0.15435,0.10418,0.93909,-0.19971,0.9298,6.0439
0.99743,0.99377,-0.62444,-0.76619,-0.99971,0.055508,1.035,-0.15434,0.10418,0.93909,-0.1997,0.9298,6.0439
0.99743,0.99377,-0.62429,-0.76623,-0.99986,0.055548,1.035,-0.15449,0.10422,0.93909,-0.19985,0.92984,6.0437
0.99743,0.99377,-0.62424,-0.76624,-0.99987,0.055559,1.035,-0.15459,0.10425,0.93909,-0.1998,0.92983,6.0437
0.99743,0.99377,-0.62418,-0.76626,-0.99991,0.055582,1.035,-0.15458,0.10424,0.93909,-0.19994,0.92988,6.0435
0.99672,0.99305,-0.62414,-0.76627,-0.99993,0.055637,1.035,-0.1546,0.10425,0.93909,-0.19996,0.92992,6.0434
0.99672,0.99305,-0.62412,-0.76627,-0.99994,0.055642,1.035,-0.15462,0.10426,0.93909,-0.19998,0.92993,6.0433
0.99698,0.99332,-0.6241,-0.76628,-0.99993,0.055636,1.035,-0.15462,0.10425,0.93909,-0.19998,0.92992,6.0432
0.99698,0.99332,-0.62409,-0.76628,-0.99991,0.055638,1.035,-0.15461,0.10425,0.93909,-0.19999,0.92993,6.0431
0.99698,0.99332,-0.62407,-0.76628,-0.9999,0.055644,1.035,-0.15462,0.10426,0.93909,-0.19998,0.92993,6.043
0.99698,0.99332,-0.62405,-0.76628,-0.99989,0.055644,1.035,-0.15462,0.10426,0.93909,-0.19998,0.92993,6.0429
0.99698,0.99332,-0.62404,-0.76628,-0.99987,0.055649,1.035,-0.15461,0.10426,0.93909,-0.2,0.92993,6.0427
0.99743,0.99377,-0.62402,-0.76629,-0.99987,0.055637,1.035,-0.15462,0.10425,0.93909,-0.19999,0.92992,6.0425
0.99769,0.99402,-0.62401,-0.7663,-0.99985,0.055629,1.035,-0.15463,0.10425,0.93909,-0.2,0.92992,6.0423
0.99778,0.99411,-0.624,-0.7663,-0.99984,0.055624,1.035,-0.15462,0.10425,0.93909,-0.19999,0.92992,6.0423
0.99778,0.99411,-0.62399,-0.76631,-0.99983,0.05563,1.035,-0.15463,0.10425,0.93909,-0.19998,0.92991,6.0423
0.99778,0.99411,-0.62398,-0.76633,-0.99982,0.055645,1.035,-0.15463,0.10424,0.93909,-0.19998,0.92992,6.0408
0.99778,0.99411,-0.62397,-0.76635,-0.99982,0.055657,1.035,-0.15463,0.10424,0.93909,-0.19999,0.92992,6.0399
0.997,0.99335,-0.62397,-0.76635,-0.9998,0.055703,1.035,-0.15463,0.10424,0.93909,-0.2,0.92994,6.039
0.99694,0.99329,-0.62396,-0.76636,-0.9998,0.055716,1.035,-0.15463,0.10425,0.93909,-0.19999,0.92993,6.0381
0.99694,0.99329,-0.62396,-0.76636,-0.99979,0.055718,1.035,-0.15464,0.10426,0.93909,-0.19999,0.92993,6.0381
0.99714,0.99349,-0.62396,-0.76641,-0.99978,0.055755,1.035,-0.15464,0.10421,0.93909,-0.2,0.92989,6.0327
0.99714,0.99349,-0.62396,-0.76649,-0.99977,0.055834,1.035,-0.15464,0.10418,0.93909,-0.2,0.92987,6.0256
0.99714,0.99349,-0.62396,-0.76658,-0.99976,0.055927,1.035,-0.15464,0.10417,0.93909,-0.2,0.92986,6.0185
0.9965,0.99286,-0.62397,-0.76667,-0.99975,0.056054,1.035,-0.15465,0.10417,0.9391,-0.20001,0.92986,6.0114
0.9965,0.99286,-0.62398,-0.76675,-0.99975,0.056132,1.035,-0.15466,0.10409,0.9391,-0.20001,0.92987,6.0043
0.99625,0.99263,-0.62399,-0.76682,-0.99974,0.056215,1.035,-0.15467,0.10402,0.9391,-0.20001,0.92988,5.9972
0.99618,0.99257,-0.62401,-0.76701,-0.99972,0.056403,1.035,-0.15466,0.10407,0.93909,-0.20002,0.92976,5.983
0.99626,0.99265,-0.62403,-0.76721,-0.9997,0.056601,1.035,-0.15466,0.10406,0.9391,-0.20002,0.92975,5.9689
0.99625,0.99266,-0.62405,-0.76742,-0.99968,0.056809,1.035,-0.15466,0.10405,0.9391,-0.20002,0.92974,5.9548
0.99593,0.99235,-0.62407,-0.76762,-0.99966,0.057031,1.035,-0.15466,0.10406,0.9391,-0.20002,0.92975,5.9407
0.99592,0.99236,-0.6241,-0.76794,-0.99963,0.057348,1.035,-0.15467,0.10394,0.9391,-0.20003,0.92963,5.9127
0.99586,0.99231,-0.6241,-0.76805,-0.99963,0.057459,1.035,-0.15468,0.10428,0.93907,-0.20003,0.92952,5.9127
0.99593,0.99239,-0.6241,-0.76808,-0.99963,0.05748,1.035,-0.15468,0.10436,0.93907,-0.20003,0.92949,5.9127
0.996,0.99249,-0.62417,-0.76884,-0.99956,0.058231,1.035,-0.15475,0.10363,0.93909,-0.20007,0.92921,5.8296
0.99598,0.99251,-0.62421,-0.76924,-0.99952,0.058629,1.035,-0.15479,0.10323,0.9391,-0.20004,0.92958,5.8021
0.99598,0.99251,-0.62421,-0.76924,-0.99952,0.058631,1.035,-0.15479,0.10323,0.9391,-0.20004,0.92958,5.8021
0.99578,0.99235,-0.62429,-0.77004,-0.99944,0.059445,1.035,-0.15476,0.10359,0.93909,-0.20008,0.92918,5.7476
0.99577,0.99236,-0.62431,-0.77024,-0.99943,0.059651,1.035,-0.1547,0.10419,0.93907,-0.2001,0.92898,5.7476
0.99581,0.99239,-0.62431,-0.77024,-0.99943,0.059647,1.035,-0.1547,0.10419,0.93907,-0.2001,0.92898,5.7476
0.99578,0.99242,-0.6244,-0.77116,-0.99934,0.060563,1.035,-0.15477,0.10347,0.9391,-0.20009,0.92907,5.6668
0.99629,0.99298,-0.62446,-0.77185,-0.99928,0.061214,1.035,-0.15476,0.10376,0.93906,-0.20006,0.9293,5.6401
0.99604,0.99273,-0.62447,-0.77202,-0.99926,0.061399,1.035,-0.15471,0.10428,0.93904,-0.20007,0.92913,5.6401
0.99602,0.99275,-0.62453,-0.77263,-0.9992,0.062011,1.035,-0.15477,0.10367,0.93906,-0.20006,0.92938,5.5871
0.99602,0.99275,-0.62453,-0.77263,-0.9992,0.062017,1.035,-0.15477,0.10367,0.93906,-0.20006,0.92938,5.5871
0.99612,0.99289,-0.6246,-0.77338,-0.99913,0.062763,1.035,-0.15477,0.1037,0.93906,-0.20007,0.92925,5.5346
0.99609,0.99292,-0.62468,-0.77415,-0.99905,0.063527,1.035,-0.15478,0.10368,0.93906,-0.20008,0.92922,5.4827
0.99608,0.99293,-0.62474,-0.77473,-0.99899,0.064111,1.035,-0.15484,0.1031,0.93908,-0.20006,0.92941,5.4313
0.99617,0.99309,-0.62482,-0.7756,-0.99891,0.064977,1.035,-0.15478,0.10358,0.93907,-0.20008,0.92911,5.3804
0.99621,0.99317,-0.6249,-0.77642,-0.99883,0.06579,1.035,-0.15478,0.10363,0.93906,-0.20008,0.92915,5.33
0.99619,0.99319,-0.62496,-0.777,-0.99876,0.066371,1.035,-0.15484,0.10305,0.93908,-0.20006,0.92939,5.2799
0.99599,0.99304,-0.62505,-0.77787,-0.99867,0.067251,1.035,-0.15479,0.10358,0.93907,-0.20009,0.92909,5.2304
0.99584,0.99292,-0.62511,-0.77846,-0.99861,0.067847,1.035,-0.15485,0.10299,0.93909,-0.20006,0.92937,5.1813
0.99582,0.99294,-0.62516,-0.77898,-0.99856,0.06836,1.035,-0.1549,0.10247,0.93911,-0.20005,0.92944,5.1327
0.99587,0.99307,-0.62529,-0.78032,-0.99843,0.069699,1.035,-0.15483,0.10311,0.93909,-0.20013,0.9286,5.0373
0.99583,0.99311,-0.62543,-0.7817,-0.99829,0.071076,1.035,-0.15484,0.10307,0.93908,-0.20014,0.92855,4.9437
0.99581,0.99317,-0.62557,-0.78307,-0.99815,0.072446,1.035,-0.15485,0.1031,0.93906,-0.20012,0.92848,4.8521
0.9958,0.99326,-0.62571,-0.78443,-0.99801,0.073803,1.035,-0.15485,0.10311,0.93906,-0.20012,0.92843,4.762
0.99581,0.99334,-0.62585,-0.78577,-0.99787,0.075133,1.035,-0.15485,0.10313,0.93906,-0.20012,0.9284,4.6737
0.99581,0.99334,-0.62585,-0.78577,-0.99787,0.075129,1.035,-0.15485,0.10313,0.93906,-0.20012,0.9284,4.6737
0.99575,0.9934,-0.62605,-0.78773,-0.99768,0.077087,1.035,-0.15491,0.10251,0.93908,-0.20019,0.92772,4.5018
0.99575,0.9934,-0.62605,-0.78773,-0.99768,0.07709,1.035,-0.15491,0.10251,0.93908,-0.20019,0.92772,4.5018
0.99568,0.99347,-0.62627,-0.78996,-0.99747,0.079319,1.035,-0.15493,0.10224,0.93909,-0.20022,0.92741,4.3362
0.99566,0.99349,-0.62633,-0.79052,-0.99741,0.079879,1.035,-0.15477,0.10391,0.93904,-0.20028,0.92685,4.3362
0.9956,0.99355,-0.62653,-0.79257,-0.99721,0.081927,1.035,-0.15491,0.10242,0.93909,-0.2002,0.9276,4.1766
0.9956,0.99355,-0.62653,-0.79257,-0.99721,0.081929,1.035,-0.15491,0.10242,0.93909,-0.2002,0.9276,4.1766
0.99581,0.99386,-0.6267,-0.79427,-0.99704,0.083611,1.035,-0.15508,0.10072,0.93914,-0.20017,0.92801,4.023
0.99581,0.99386,-0.6267,-0.79427,-0.99704,0.083612,1.035,-0.15508,0.10072,0.93914,-0.20017,0.92801,4.023
0.99573,0.99394,-0.62695,-0.79679,-0.99679,0.086126,1.035,-0.15496,0.10195,0.9391,-0.20025,0.92731,3.875
0.99573,0.99394,-0.62695,-0.79679,-0.99679,0.086124,1.035,-0.15496,0.10195,0.9391,-0.20025,0.92731,3.875
0.99573,0.99394,-0.62695,-0.79679,-0.99679,0.086123,1.035,-0.15496,0.10195,0.9391,-0.20025,0.92731,3.875
0.99584,0.99424,-0.62723,-0.79978,-0.99651,0.089091,1.035,-0.15499,0.10148,0.93911,-0.2003,0.92729,3.663
0.99591,0.99442,-0.62742,-0.80184,-0.99632,0.091134,1.035,-0.15491,0.10241,0.93906,-0.2002,0.92839,3.5949
0.99589,0.99444,-0.62747,-0.80235,-0.99628,0.091645,1.035,-0.15477,0.10396,0.93902,-0.20025,0.92788,3.5949
0.9959,0.99455,-0.62765,-0.80413,-0.99611,0.093422,1.035,-0.1549,0.10269,0.93906,-0.20019,0.92867,3.4624
0.9958,0.99454,-0.62779,-0.80551,-0.99597,0.094803,1.035,-0.15486,0.10309,0.93904,-0.20014,0.92906,3.3981
0.9958,0.99454,-0.62779,-0.80551,-0.99597,0.0948,1.035,-0.15486,0.10309,0.93904,-0.20014,0.92906,3.3981
0.9958,0.99454,-0.62779,-0.80551,-0.99597,0.094796,1.035,-0.15486,0.10309,0.93904,-0.20014,0.92906,3.3981
0.99575,0.99459,-0.62797,-0.80727,-0.9958,0.096545,1.035,-0.15504,0.10133,0.93909,-0.20018,0.92867,3.2121
0.99585,0.99481,-0.62814,-0.80895,-0.99563,0.098212,1.035,-0.15488,0.10279,0.93905,-0.20016,0.92874,3.1524
0.99585,0.99481,-0.62814,-0.80895,-0.99563,0.098205,1.035,-0.15488,0.10279,0.93905,-0.20016,0.92874,3.1524
0.9958,0.99486,-0.62831,-0.81067,-0.99546,0.099921,1.035,-0.15489,0.10275,0.93905,-0.20017,0.92869,3.0363
0.99579,0.99487,-0.62835,-0.8111,-0.99542,0.10035,1.035,-0.15476,0.10404,0.93901,-0.20021,0.92826,3.0364
0.99579,0.99487,-0.62836,-0.81121,-0.99541,0.10046,1.035,-0.15473,0.10436,0.939,-0.20022,0.92815,3.0364
0.99573,0.99493,-0.62855,-0.81303,-0.99523,0.10228,1.035,-0.15492,0.10254,0.93905,-0.20019,0.92857,2.8701
0.99591,0.99519,-0.62868,-0.81438,-0.99509,0.1036,1.035,-0.15485,0.10312,0.93905,-0.20013,0.92903,2.8168
0.99609,0.99544,-0.62879,-0.81546,-0.99499,0.10465,1.035,-0.15483,0.10339,0.93903,-0.20011,0.9293,2.7645
0.99608,0.99545,-0.62882,-0.81573,-0.99497,0.10492,1.035,-0.15475,0.1042,0.93901,-0.20014,0.92903,2.7645
0.99605,0.99548,-0.62894,-0.8169,-0.99485,0.10609,1.035,-0.15484,0.1033,0.93904,-0.20012,0.92919,2.6626
0.99602,0.99551,-0.62904,-0.81786,-0.99475,0.10705,1.035,-0.15482,0.10351,0.93903,-0.2001,0.92939,2.6131
0.99599,0.99554,-0.62912,-0.81871,-0.99467,0.1079,1.035,-0.1548,0.10362,0.93903,-0.20008,0.9295,2.5645
0.99597,0.99556,-0.62918,-0.81932,-0.99461,0.10851,1.035,-0.15478,0.10386,0.93902,-0.20006,0.92973,2.5405
0.99596,0.99557,-0.62923,-0.8198,-0.99456,0.10899,1.035,-0.15477,0.10399,0.93902,-0.20005,0.92985,2.5166
0.99595,0.99558,-0.62927,-0.82022,-0.99452,0.10941,1.035,-0.15476,0.10405,0.93901,-0.20004,0.9299,2.493
0.99593,0.9956,-0.62931,-0.8206,-0.99447,0.10979,1.035,-0.15476,0.10409,0.93901,-0.20004,0.92993,2.4696
0.99593,0.9956,-0.62931,-0.8206,-0.99447,0.10979,1.035,-0.15476,0.10409,0.93901,-0.20004,0.92993,2.4696
0.99625,0.99595,-0.62937,-0.82114,-0.99442,0.11031,1.035,-0.15478,0.10393,0.93902,-0.20006,0.92975,2.4235
0.99625,0.99595,-0.62937,-0.82114,-0.99442,0.11031,1.035,-0.15478,0.10393,0.93902,-0.20006,0.92975,2.4235
0.99624,0.99596,-0.62942,-0.82166,-0.99436,0.11083,1.035,-0.15477,0.10395,0.93902,-0.20005,0.92974,2.3895
0.99624,0.99596,-0.62942,-0.82167,-0.99435,0.11083,1.035,-0.15477,0.10394,0.93902,-0.20005,0.92973,2.3895
0.99622,0.99598,-0.62946,-0.82209,-0.99431,0.11125,1.035,-0.15476,0.10405,0.93901,-0.20004,0.92981,2.367
0.99637,0.99613,-0.62949,-0.82239,-0.99428,0.11153,1.035,-0.15475,0.10417,0.93901,-0.20003,0.92991,2.3558
0.99636,0.99614,-0.6295,-0.82251,-0.99427,0.11165,1.035,-0.15476,0.10405,0.93901,-0.20001,0.93009,2.3502
0.99654,0.99632,-0.62951,-0.82261,-0.99426,0.11174,1.035,-0.15474,0.10435,0.93899,-0.20002,0.92999,2.3502
0.99656,0.99635,-0.62953,-0.82277,-0.99425,0.1119,1.035,-0.15475,0.10429,0.93899,-0.20002,0.93005,2.3392
0.99656,0.99635,-0.62953,-0.82281,-0.99425,0.11194,1.035,-0.15473,0.10441,0.939,-0.20002,0.93001,2.3392
0.99656,0.99635,-0.62953,-0.82282,-0.99425,0.11195,1.035,-0.15473,0.10444,0.93899,-0.20002,0.93,2.3392
0.99656,0.99637,-0.62955,-0.823,-0.99423,0.11213,1.035,-0.15475,0.10426,0.939,-0.20002,0.93001,2.3227
0.99656,0.99637,-0.62955,-0.82304,-0.99423,0.11217,1.035,-0.15473,0.10441,0.939,-0.20002,0.92997,2.3227
0.99656,0.99637,-0.62957,-0.82318,-0.99421,0.11231,1.035,-0.15475,0.10427,0.939,-0.20002,0.93004,2.3117
0.99658,0.9964,-0.62958,-0.8233,-0.9942,0.11243,1.035,-0.15474,0.10433,0.93899,-0.20001,0.93006,2.3062
0.99658,0.9964,-0.62959,-0.82337,-0.99418,0.11251,1.035,-0.15475,0.10426,0.93899,-0.20001,0.93011,2.3008
0.99663,0.99646,-0.62959,-0.82343,-0.99417,0.11257,1.035,-0.15475,0.1042,0.93899,-0.2,0.93012,2.2954
0.99662,0.99645,-0.62959,-0.82349,-0.99416,0.11262,1.035,-0.15475,0.10414,0.93899,-0.2,0.93012,2.29
0.99668,0.99652,-0.6296,-0.82362,-0.99414,0.11275,1.035,-0.15474,0.10432,0.93899,-0.20001,0.93005,2.2846
0.99667,0.99653,-0.62961,-0.82376,-0.99412,0.1129,1.035,-0.15474,0.10431,0.93899,-0.20001,0.93003,2.2738
0.99667,0.99653,-0.62961,-0.82376,-0.99411,0.1129,1.035,-0.15474,0.10431,0.93899,-0.20001,0.93003,2.2738
0.99667,0.99653,-0.62963,-0.82399,-0.99409,0.11313,1.035,-0.15475,0.10422,0.939,-0.20002,0.92992,2.2524
0.99666,0.99654,-0.62963,-0.82405,-0.99409,0.11319,1.035,-0.15473,0.10439,0.93899,-0.20002,0.92986,2.2524
0.9966,0.99648,-0.62965,-0.82429,-0.99407,0.11343,1.035,-0.15475,0.10421,0.939,-0.20002,0.92988,2.2312
0.99659,0.99649,-0.62967,-0.82449,-0.99405,0.11362,1.035,-0.15475,0.10425,0.93899,-0.20002,0.92991,2.2207
0.99659,0.99649,-0.62969,-0.82467,-0.99402,0.1138,1.035,-0.15475,0.10427,0.93898,-0.20002,0.92992,2.2102
0.99659,0.9965,-0.6297,-0.82479,-0.994,0.11392,1.035,-0.15476,0.10415,0.93898,-0.20001,0.92997,2.1998
0.99655,0.99647,-0.62971,-0.82497,-0.99398,0.1141,1.035,-0.15475,0.10427,0.93898,-0.20002,0.9299,2.1894
0.99653,0.99646,-0.62972,-0.82514,-0.99396,0.11426,1.035,-0.15474,0.10428,0.93898,-0.20001,0.9299,2.1791
0.99652,0.99647,-0.62973,-0.82526,-0.99395,0.11438,1.035,-0.15475,0.10416,0.93898,-0.20001,0.92994,2.1688
0.99651,0.99648,-0.62976,-0.82551,-0.99392,0.11463,1.035,-0.15476,0.1042,0.93898,-0.20003,0.9298,2.1485
0.99651,0.99648,-0.62978,-0.82572,-0.9939,0.11484,1.035,-0.15478,0.10399,0.93899,-0.20002,0.92983,2.1284
0.9965,0.99649,-0.62979,-0.82584,-0.99389,0.11496,1.035,-0.15474,0.10433,0.93899,-0.20003,0.92971,2.1284
0.9965,0.99649,-0.62979,-0.82587,-0.99389,0.11499,1.035,-0.15473,0.10442,0.93898,-0.20003,0.92968,2.1284
0.99648,0.99651,-0.62986,-0.82656,-0.99382,0.11567,1.035,-0.1548,0.10376,0.939,-0.20007,0.92932,2.0498
0.99653,0.9966,-0.62993,-0.82719,-0.99376,0.1163,1.035,-0.1548,0.10382,0.939,-0.20007,0.92938,2.0117
0.99652,0.99661,-0.62999,-0.82779,-0.9937,0.1169,1.035,-0.15479,0.10385,0.939,-0.20006,0.92941,1.9743
0.99673,0.99687,-0.63005,-0.82838,-0.99364,0.11746,1.035,-0.15479,0.10386,0.939,-0.20006,0.92942,1.9376
0.99673,0.99687,-0.63006,-0.82852,-0.99363,0.11761,1.035,-0.15474,0.10431,0.93899,-0.20007,0.92928,1.9376
0.99671,0.99689,-0.63014,-0.82928,-0.99355,0.11837,1.035,-0.15481,0.10369,0.939,-0.20008,0.92923,1.8663
0.9967,0.9969,-0.63016,-0.82947,-0.99353,0.11856,1.035,-0.15475,0.10426,0.93898,-0.2001,0.92904,1.8663
0.99665,0.99691,-0.63024,-0.83027,-0.99345,0.11936,1.035,-0.15481,0.10365,0.93901,-0.20008,0.92918,1.7977
0.99665,0.99691,-0.63026,-0.83047,-0.99343,0.11956,1.035,-0.15475,0.10425,0.93898,-0.2001,0.92898,1.7977
0.99665,0.99691,-0.63026,-0.83047,-0.99343,0.11956,1.035,-0.15475,0.10425,0.93898,-0.2001,0.92898,1.7977
0.99665,0.99691,-0.63027,-0.83052,-0.99342,0.11961,1.035,-0.15474,0.1044,0.93898,-0.20011,0.92893,1.7977
0.99662,0.99694,-0.63036,-0.83141,-0.99333,0.1205,1.035,-0.15482,0.10356,0.93901,-0.20009,0.92905,1.7153
0.9966,0.99696,-0.63041,-0.83198,-0.99327,0.12106,1.035,-0.15478,0.10388,0.939,-0.20005,0.92937,1.6992
0.9966,0.99696,-0.63041,-0.83198,-0.99327,0.12106,1.035,-0.15478,0.10388,0.939,-0.20005,0.92937,1.6992
0.99659,0.99697,-0.63046,-0.83251,-0.99321,0.12159,1.035,-0.15478,0.10392,0.939,-0.20005,0.92941,1.6675
0.99658,0.99698,-0.63047,-0.83264,-0.99319,0.12172,1.035,-0.15474,0.10432,0.93899,-0.20006,0.92928,1.6675
0.99658,0.99698,-0.63047,-0.83267,-0.99318,0.12175,1.035,-0.15473,0.10442,0.93898,-0.20006,0.92925,1.6675
0.99674,0.99717,-0.63052,-0.8332,-0.99313,0.12227,1.035,-0.15478,0.1039,0.93897,-0.20005,0.92941,1.6211
0.99682,0.99727,-0.63056,-0.83359,-0.99309,0.12264,1.035,-0.15477,0.10404,0.93897,-0.20004,0.92955,1.6059
0.99682,0.99727,-0.63056,-0.83369,-0.99308,0.12274,1.035,-0.15473,0.10433,0.93895,-0.20004,0.92945,1.6059
0.9969,0.99738,-0.6306,-0.83406,-0.99304,0.12311,1.035,-0.15477,0.10406,0.93896,-0.20004,0.92957,1.5759
0.99689,0.9974,-0.63062,-0.83436,-0.993,0.12341,1.035,-0.15475,0.10413,0.93896,-0.20002,0.92964,1.5611
0.99688,0.99739,-0.63064,-0.83462,-0.99298,0.12367,1.035,-0.15475,0.10417,0.93896,-0.20002,0.92968,1.5465
0.99688,0.99739,-0.63065,-0.83469,-0.99297,0.12373,1.035,-0.15474,0.10436,0.93896,-0.20003,0.92961,1.5465
0.99688,0.99742,-0.63068,-0.83501,-0.99294,0.12405,1.035,-0.15476,0.10411,0.93896,-0.20003,0.92962,1.5176
0.99687,0.99743,-0.63071,-0.83528,-0.99291,0.12431,1.035,-0.15476,0.10416,0.93896,-0.20003,0.92966,1.5034
0.99687,0.99743,-0.63072,-0.8354,-0.9929,0.12443,1.035,-0.15477,0.10404,0.93897,-0.20001,0.92981,1.4963
0.99689,0.99746,-0.63074,-0.83558,-0.99288,0.12461,1.035,-0.15475,0.10425,0.93895,-0.20002,0.92976,1.4893
0.99689,0.99746,-0.63074,-0.83558,-0.99288,0.12461,1.035,-0.15475,0.10425,0.93895,-0.20002,0.92976,1.4893
0.99688,0.99747,-0.63075,-0.83573,-0.99286,0.12476,1.035,-0.15476,0.1041,0.93895,-0.20001,0.92979,1.4753
0.99688,0.99747,-0.63077,-0.83596,-0.99283,0.12499,1.035,-0.15475,0.1042,0.93895,-0.20002,0.92971,1.4615
0.99687,0.99749,-0.63079,-0.83618,-0.99281,0.1252,1.035,-0.15475,0.10421,0.93896,-0.20002,0.92972,1.4478
0.99685,0.99748,-0.63081,-0.83639,-0.99279,0.12541,1.035,-0.15475,0.10422,0.93895,-0.20002,0.92973,1.4342
0.99689,0.99753,-0.63083,-0.8366,-0.99277,0.12562,1.035,-0.15475,0.10422,0.93896,-0.20002,0.92973,1.4207
0.99689,0.99753,-0.63083,-0.8366,-0.99277,0.12562,1.035,-0.15475,0.10422,0.93896,-0.20002,0.92973,1.4207
0.99689,0.99753,-0.63083,-0.83665,-0.99276,0.12567,1.035,-0.15473,0.10438,0.93895,-0.20002,0.92968,1.4207
0.99688,0.99751,-0.63083,-0.83666,-0.99275,0.12568,1.035,-0.15473,0.10442,0.93895,-0.20002,0.92967,1.4207
0.99687,0.99752,-0.63083,-0.83666,-0.99274,0.12569,1.035,-0.15473,0.10442,0.93895,-0.20002,0.92967,1.4207
0.99686,0.99753,-0.63088,-0.83723,-0.99269,0.12626,1.035,-0.15478,0.10386,0.93897,-0.20005,0.92936,1.3553
0.99685,0.99754,-0.63089,-0.83737,-0.99267,0.1264,1.035,-0.15474,0.10429,0.93896,-0.20006,0.92922,1.3553
0.99685,0.99754,-0.63089,-0.83737,-0.99266,0.1264,1.035,-0.15474,0.10429,0.93896,-0.20006,0.92922,1.3553
0.99686,0.99754,-0.63089,-0.83737,-0.99266,0.1264,1.035,-0.15474,0.10429,0.93896,-0.20006,0.92922,1.3553
0.99686,0.99754,-0.63089,-0.8374,-0.99266,0.12643,1.035,-0.15473,0.1044,0.93895,-0.20006,0.92919,1.3553
0.99684,0.99756,-0.63095,-0.83807,-0.9926,0.1271,1.035,-0.15479,0.10376,0.93897,-0.20006,0.92926,1.2929
0.99682,0.99758,-0.63099,-0.8385,-0.99256,0.12753,1.035,-0.15477,0.104,0.93896,-0.20004,0.9295,1.2808
0.99682,0.99758,-0.63099,-0.8385,-0.99256,0.12753,1.035,-0.15477,0.104,0.93896,-0.20004,0.9295,1.2808
0.99682,0.99758,-0.63099,-0.8385,-0.99256,0.12753,1.035,-0.15477,0.104,0.93896,-0.20004,0.9295,1.2808
0.99687,0.99765,-0.63103,-0.83887,-0.99252,0.1279,1.035,-0.15481,0.10363,0.93897,-0.20004,0.92954,1.2451
0.99687,0.99765,-0.63103,-0.83887,-0.99252,0.1279,1.035,-0.15481,0.10363,0.93897,-0.20004,0.92954,1.2451
0.99695,0.99775,-0.63108,-0.83933,-0.99247,0.12836,1.035,-0.15478,0.10394,0.93893,-0.20005,0.92944,1.2218
0.99698,0.99781,-0.63111,-0.83965,-0.99244,0.12868,1.035,-0.15476,0.10408,0.93893,-0.20003,0.92957,1.2103
0.99698,0.99781,-0.63114,-0.83989,-0.99242,0.12892,1.035,-0.15476,0.10416,0.93893,-0.20003,0.92965,1.199
0.99695,0.99781,-0.63116,-0.8401,-0.9924,0.12913,1.035,-0.15475,0.10419,0.93893,-0.20002,0.92968,1.1878
0.99695,0.99781,-0.63118,-0.84029,-0.99238,0.12932,1.035,-0.15475,0.10421,0.93892,-0.20002,0.92971,1.1767
0.99698,0.99785,-0.63119,-0.84043,-0.99237,0.12946,1.035,-0.15476,0.10407,0.93893,-0.20001,0.92979,1.1657
0.99698,0.99785,-0.63119,-0.84043,-0.99236,0.12946,1.035,-0.15476,0.10407,0.93893,-0.20001,0.92979,1.1657
0.99704,0.99793,-0.63122,-0.84072,-0.99233,0.12974,1.035,-0.15476,0.10411,0.93893,-0.20003,0.92966,1.144
0.99703,0.99793,-0.63124,-0.84094,-0.99231,0.12997,1.035,-0.15475,0.10418,0.93893,-0.20002,0.92973,1.1333
0.997,0.9979,-0.63124,-0.84099,-0.9923,0.13003,1.035,-0.15474,0.10434,0.93889,-0.20003,0.92968,1.1333
0.997,0.9979,-0.63124,-0.84099,-0.9923,0.13003,1.035,-0.15474,0.10434,0.93889,-0.20003,0.92968,1.1333
0.997,0.99792,-0.63126,-0.84119,-0.99228,0.13023,1.035,-0.15475,0.10419,0.9389,-0.20002,0.92975,1.1174
0.997,0.99792,-0.63126,-0.84119,-0.99228,0.13023,1.035,-0.15475,0.10419,0.9389,-0.20002,0.92975,1.1174
0.997,0.99792,-0.63127,-0.84128,-0.99227,0.13032,1.035,-0.15476,0.1041,0.9389,-0.20001,0.92986,1.1122
0.997,0.99792,-0.63127,-0.84132,-0.99227,0.13036,1.035,-0.15476,0.10406,0.9389,-0.2,0.92991,1.1096
0.99699,0.99793,-0.63128,-0.84143,-0.99226,0.13047,1.035,-0.15474,0.10427,0.93886,-0.20001,0.92984,1.107
0.99696,0.9979,-0.63129,-0.84153,-0.99225,0.13057,1.035,-0.15474,0.10428,0.93886,-0.20001,0.92985,1.1018
0.99696,0.9979,-0.63129,-0.84153,-0.99225,0.13057,1.035,-0.15474,0.10428,0.93886,-0.20001,0.92985,1.1018
0.99696,0.9979,-0.6313,-0.84166,-0.99224,0.13069,1.035,-0.15474,0.10425,0.93886,-0.20001,0.92981,1.0914
0.99695,0.99791,-0.63132,-0.84176,-0.99223,0.13079,1.035,-0.15475,0.10428,0.93886,-0.20002,0.92984,1.0863
0.99697,0.99793,-0.63133,-0.84185,-0.99221,0.13088,1.035,-0.15474,0.10429,0.93887,-0.2,0.92983,1.0812
0.99697,0.99793,-0.63133,-0.84184,-0.9922,0.13088,1.035,-0.15474,0.1043,0.93887,-0.2,0.92984,1.0812
0.99697,0.99793,-0.63133,-0.84184,-0.9922,0.13088,1.035,-0.15474,0.1043,0.93887,-0.2,0.92984,1.0812
0.99697,0.99793,-0.63132,-0.84184,-0.9922,0.13088,1.035,-0.15474,0.1043,0.93887,-0.2,0.92984,1.0812
0.99699,0.99795,-0.63133,-0.84201,-0.99218,0.13105,1.035,-0.15475,0.10421,0.9388,-0.20003,0.92965,1.061
0.99699,0.99797,-0.63134,-0.84213,-0.99216,0.13116,1.035,-0.15474,0.10426,0.93879,-0.20001,0.92966,1.056
0.99699,0.99797,-0.63134,-0.84216,-0.99215,0.13119,1.035,-0.15474,0.10435,0.93879,-0.20002,0.92963,1.056
0.99699,0.99797,-0.63135,-0.84226,-0.99213,0.13129,1.035,-0.15474,0.10428,0.93879,-0.2,0.92961,1.0461
0.99699,0.99797,-0.63136,-0.84233,-0.99211,0.13136,1.035,-0.15474,0.10431,0.93879,-0.20001,0.92959,1.0412
0.997,0.99799,-0.63136,-0.84239,-0.99211,0.13142,1.035,-0.15473,0.10432,0.93879,-0.2,0.92955,1.0363
0.997,0.99799,-0.63137,-0.84245,-0.9921,0.13147,1.035,-0.15474,0.10432,0.93879,-0.20001,0.9295,1.0315
0.997,0.99799,-0.63137,-0.84249,-0.9921,0.13151,1.035,-0.15474,0.10428,0.93879,-0.2,0.92947,1.0267
0.99699,0.99799,-0.63138,-0.84249,-0.9921,0.13151,1.035,-0.15475,0.10428,0.93879,-0.20001,0.92947,1.0267
0.99706,0.99807,-0.63139,-0.84257,-0.99209,0.13159,1.035,-0.15474,0.1043,0.93879,-0.20001,0.92933,1.0171
0.99706,0.99807,-0.6314,-0.84264,-0.99208,0.13166,1.035,-0.15474,0.10431,0.93879,-0.20001,0.92929,1.0123
0.99706,0.99807,-0.6314,-0.84265,-0.99208,0.13167,1.035,-0.15473,0.10437,0.93879,-0.20001,0.92928,1.0123
0.99706,0.99807,-0.63141,-0.84275,-0.99208,0.13177,1.035,-0.15474,0.10428,0.93879,-0.20002,0.92926,1.0028
0.99706,0.99807,-0.63142,-0.84283,-0.99207,0.13185,1.035,-0.15474,0.1043,0.93879,-0.20002,0.92927,0.99808
0.99705,0.99808,-0.63143,-0.84291,-0.99206,0.13193,1.035,-0.15474,0.1043,0.93879,-0.20001,0.92926,0.99338
0.99707,0.9981,-0.63143,-0.84293,-0.99206,0.13195,1.035,-0.15473,0.10436,0.93865,-0.20001,0.92924,0.99338
0.99707,0.9981,-0.63144,-0.84303,-0.99205,0.13205,1.035,-0.15474,0.10428,0.93865,-0.20001,0.92924,0.98404
0.99707,0.9981,-0.63145,-0.84309,-0.99204,0.13211,1.035,-0.15475,0.10422,0.93865,-0.20001,0.92928,0.97941
0.99707,0.9981,-0.63146,-0.84314,-0.99203,0.13216,1.035,-0.15476,0.10417,0.93865,-0.20001,0.9293,0.97479
0.99705,0.9981,-0.63146,-0.84319,-0.99203,0.13221,1.035,-0.15473,0.10433,0.93865,-0.20001,0.92925,0.97479
0.99705,0.9981,-0.63147,-0.84331,-0.99202,0.13233,1.035,-0.15474,0.10426,0.93865,-0.20001,0.92928,0.96558
0.99711,0.99816,-0.63148,-0.84334,-0.99202,0.13236,1.035,-0.15474,0.10435,0.93865,-0.20002,0.92925,0.96558
0.99711,0.99816,-0.63149,-0.84347,-0.99201,0.13249,1.035,-0.15475,0.10422,0.93865,-0.20001,0.92934,0.95644
0.9971,0.99817,-0.63149,-0.84351,-0.99201,0.13253,1.035,-0.15473,0.10434,0.93865,-0.20001,0.9293,0.95644
0.9971,0.99817,-0.6315,-0.84365,-0.992,0.13267,1.035,-0.15474,0.10424,0.93865,-0.20001,0.92941,0.94738
0.9971,0.99817,-0.63151,-0.84368,-0.99199,0.1327,1.035,-0.15474,0.10435,0.93865,-0.20002,0.92938,0.94738
0.9971,0.99817,-0.63152,-0.84381,-0.99198,0.13283,1.035,-0.15474,0.10425,0.93865,-0.2,0.92946,0.93843
0.9971,0.99818,-0.63153,-0.84384,-0.99197,0.13286,1.035,-0.15474,0.10435,0.93865,-0.20001,0.92943,0.93843
0.99714,0.99823,-0.63154,-0.84394,-0.99196,0.13296,1.035,-0.15474,0.10428,0.93865,-0.19999,0.92943,0.92967
0.99715,0.99824,-0.63155,-0.84397,-0.99195,0.13299,1.035,-0.15474,0.10435,0.93865,-0.2,0.9294,0.92967
0.99715,0.99824,-0.63155,-0.84398,-0.99196,0.133,1.035,-0.15473,0.10437,0.93865,-0.2,0.92939,0.92967
0.99715,0.99824,-0.63155,-0.84398,-0.99197,0.133,1.035,-0.15473,0.10438,0.93865,-0.2,0.92939,0.92967
0.99715,0.99824,-0.63155,-0.84398,-0.99197,0.133,1.035,-0.15473,0.10438,0.93865,-0.2,0.92939,0.92967
0.99715,0.99824,-0.63158,-0.84409,-0.99194,0.13311,1.035,-0.15476,0.10427,0.93865,-0.19998,0.92907,0.90835
0.99715,0.99824,-0.63161,-0.84406,-0.99191,0.13308,1.035,-0.15476,0.10441,0.93865,-0.19994,0.92881,0.90664
0.99714,0.99823,-0.63162,-0.84396,-0.9919,0.13298,1.035,-0.15474,0.10448,0.93865,-0.19992,0.92852,0.90596
0.99714,0.99823,-0.63162,-0.84384,-0.9919,0.13286,1.035,-0.15473,0.1045,0.93865,-0.19994,0.92827,0.90572
0.99718,0.99825,-0.63161,-0.84375,-0.99191,0.13277,1.035,-0.15472,0.10447,0.93865,-0.19997,0.92812,0.90558
0.99718,0.99825,-0.6316,-0.84368,-0.99193,0.13271,1.035,-0.15472,0.10445,0.93865,-0.2,0.92801,0.90542
0.99718,0.99825,-0.6316,-0.84363,-0.99194,0.13266,1.035,-0.15473,0.10443,0.93865,-0.20002,0.92791,0.90524
0.99718,0.99825,-0.6316,-0.8436,-0.99194,0.13263,1.035,-0.15473,0.10446,0.93865,-0.20002,0.92781,0.90505
0.99717,0.99824,-0.6316,-0.84355,-0.99194,0.13258,1.035,-0.15473,0.10443,0.93865,-0.20001,0.92775,0.90487
0.99717,0.99823,-0.6316,-0.84351,-0.99194,0.13254,1.035,-0.15473,0.10442,0.93865,-0.2,0.92766,0.90469
0.99717,0.99823,-0.6316,-0.84351,-0.99194,0.13254,1.035,-0.15473,0.10442,0.93865,-0.2,0.92766,0.90469
0.99717,0.99823,-0.6316,-0.84345,-0.99194,0.13248,1.035,-0.15473,0.10444,0.93865,-0.2,0.92752,0.90433
0.99717,0.99823,-0.63161,-0.84338,-0.99193,0.13241,1.035,-0.15474,0.10451,0.93865,-0.19997,0.92731,0.90432
0.99713,0.99819,-0.63161,-0.84332,-0.99193,0.13235,1.035,-0.15473,0.10444,0.93865,-0.19999,0.92726,0.90422
0.99714,0.99818,-0.63161,-0.84328,-0.99193,0.13231,1.035,-0.15473,0.10442,0.93865,-0.2,0.92721,0.90418
0.99716,0.9982,-0.6316,-0.84326,-0.99194,0.13229,1.035,-0.15472,0.1044,0.93865,-0.2,0.92716,0.90414
0.99716,0.9982,-0.6316,-0.84324,-0.99194,0.13227,1.035,-0.15473,0.1044,0.93865,-0.20001,0.92713,0.9041
0.99716,0.9982,-0.6316,-0.84323,-0.99194,0.13226,1.035,-0.15473,0.10439,0.93865,-0.2,0.9271,0.90406
0.99716,0.9982,-0.6316,-0.84323,-0.99195,0.13226,1.035,-0.15473,0.10439,0.93865,-0.2,0.9271,0.90406
0.99716,0.9982,-0.63161,-0.84321,-0.99194,0.13224,1.035,-0.15474,0.10441,0.93865,-0.2,0.92707,0.90398
0.99711,0.99816,-0.63161,-0.84318,-0.99194,0.13221,1.035,-0.15473,0.10441,0.93865,-0.19998,0.927,0.90401
0.99711,0.99815,-0.63161,-0.84316,-0.99194,0.13219,1.035,-0.15473,0.1044,0.93865,-0.2,0.92697,0.90396
0.99714,0.99818,-0.63161,-0.84315,-0.99194,0.13217,1.035,-0.15473,0.10439,0.93865,-0.2,0.92694,0.90395
0.99714,0.99818,-0.63161,-0.84314,-0.99194,0.13215,1.035,-0.15473,0.10439,0.93865,-0.2,0.92692,0.90394
0.99718,0.99822,-0.63161,-0.84314,-0.99194,0.13215,1.035,-0.15473,0.10438,0.93865,-0.2,0.92692,0.90394
0.9971,0.99813,-0.63161,-0.84313,-0.99194,0.13213,1.035,-0.15473,0.10439,0.93865,-0.2,0.92688,0.9039
0.99712,0.99815,-0.63161,-0.84311,-0.99194,0.13212,1.035,-0.15473,0.1044,0.93865,-0.19999,0.92685,0.90391
0.99712,0.99815,-0.63161,-0.84311,-0.99194,0.13212,1.035,-0.15473,0.1044,0.93865,-0.19999,0.92685,0.90391
0.99712,0.99815,-0.63161,-0.84311,-0.99194,0.13212,1.035,-0.15473,0.1044,0.93865,-0.19999,0.92685,0.90391
0.99707,0.99811,-0.63161,-0.84308,-0.99195,0.1321,1.035,-0.15473,0.10441,0.93865,-0.19999,0.92679,0.90391
0.99707,0.99811,-0.63161,-0.84306,-0.99195,0.13209,1.035,-0.15473,0.1044,0.93865,-0.2,0.92677,0.90392
0.99707,0.99811,-0.63161,-0.84305,-0.99195,0.13209,1.035,-0.15473,0.10439,0.93865,-0.2,0.92678,0.90392
0.99708,0.99812,-0.63161,-0.84304,-0.99196,0.13208,1.035,-0.15473,0.10439,0.93865,-0.2,0.92673,0.90393
0.99708,0.99812,-0.63162,-0.84303,-0.99195,0.13207,1.035,-0.15474,0.10439,0.93865,-0.2,0.92671,0.90394
0.99708,0.99812,-0.63162,-0.84303,-0.99195,0.13207,1.035,-0.15474,0.10439,0.93865,-0.2,0.92671,0.90394
0.99708,0.99812,-0.63162,-0.84301,-0.99195,0.13205,1.035,-0.15473,0.1044,0.93865,-0.20001,0.92669,0.90394
0.99708,0.99812,-0.63162,-0.843,-0.99195,0.13204,1.035,-0.15473,0.10439,0.93865,-0.2,0.92667,0.90394
0.99706,0.9981,-0.63162,-0.84299,-0.99195,0.13203,1.035,-0.15473,0.10439,0.93865,-0.2,0.92666,0.90394
0.99706,0.9981,-0.63162,-0.84299,-0.99195,0.13203,1.035,-0.15473,0.10439,0.93865,-0.2,0.92664,0.90394
0.99709,0.99812,-0.63162,-0.84298,-0.99195,0.13202,1.035,-0.15473,0.10439,0.93865,-0.2,0.92664,0.90394
0.99709,0.99812,-0.63162,-0.84298,-0.99195,0.13202,1.035,-0.15473,0.10438,0.93865,-0.2,0.92662,0.90392
0.99709,0.99812,-0.63162,-0.84298,-0.99195,0.13202,1.035,-0.15473,0.10438,0.93865,-0.2,0.92662,0.90392
0.9971,0.99812,-0.63162,-0.84297,-0.99195,0.13201,1.035,-0.15473,0.10439,0.93865,-0.2,0.92661,0.90388
0.9971,0.99812,-0.63162,-0.84297,-0.99195,0.13201,1.035,-0.15473,0.10439,0.93865,-0.2,0.92661,0.90388
0.9971,0.99812,-0.63162,-0.84296,-0.99195,0.132,1.035,-0.15473,0.10439,0.93865,-0.2,0.92659,0.90384
0.99707,0.9981,-0.63162,-0.84295,-0.99195,0.132,1.035,-0.15473,0.10439,0.93865,-0.2,0.92658,0.90382
0.99706,0.99809,-0.63162,-0.84295,-0.99195,0.13199,1.035,-0.15473,0.10438,0.93865,-0.2,0.92656,0.9038
0.99706,0.99809,-0.63162,-0.84295,-0.99195,0.13198,1.035,-0.15473,0.10438,0.93865,-0.2,0.92655,0.90378
0.9971,0.99812,-0.63162,-0.84294,-0.99195,0.13197,1.035,-0.15473,0.10439,0.93865,-0.2,0.92654,0.90376
0.99709,0.99812,-0.63162,-0.84294,-0.99195,0.13196,1.035,-0.15473,0.10438,0.93865,-0.2,0.92654,0.90376
0.99709,0.99812,-0.63162,-0.84294,-0.99195,0.13196,1.035,-0.15473,0.10438,0.93865,-0.2,0.92654,0.90376
0.99709,0.99812,-0.63162,-0.84293,-0.99195,0.13195,1.035,-0.15473,0.10439,0.93865,-0.2,0.9265,0.9037
0.99709,0.99812,-0.63162,-0.84293,-0.99195,0.13195,1.035,-0.15473,0.10438,0.93865,-0.2,0.9265,0.9037
0.99709,0.99812,-0.63162,-0.84292,-0.99196,0.13194,1.035,-0.15473,0.10439,0.93865,-0.2,0.92647,0.90366
0.99709,0.99812,-0.63163,-0.84294,-0.99195,0.13196,1.035,-0.15474,0.10436,0.93423,-0.20001,0.92643,0.90364
0.99709,0.99812,-0.63163,-0.84295,-0.99196,0.13197,1.035,-0.15473,0.10437,0.93423,-0.2,0.92642,0.90359
0.99709,0.99812,-0.63163,-0.84295,-0.99196,0.13197,1.035,-0.15473,0.10438,0.93423,-0.2,0.92641,0.90354
0.99722,0.99825,-0.63163,-0.84295,-0.99196,0.13196,1.035,-0.15473,0.10438,0.93423,-0.2,0.92639,0.90349
0.99722,0.99825,-0.63164,-0.84294,-0.99196,0.13195,1.035,-0.15474,0.10439,0.93423,-0.20001,0.92638,0.90344
0.99722,0.99825,-0.63164,-0.84293,-0.99196,0.13194,1.035,-0.15473,0.10439,0.93423,-0.2,0.92636,0.90339
0.99722,0.99825,-0.63164,-0.84292,-0.99196,0.13193,1.035,-0.15473,0.10439,0.93423,-0.2,0.92634,0.90334
0.99722,0.99825,-0.63164,-0.84292,-0.99195,0.13193,1.035,-0.15473,0.10438,0.93423,-0.2,0.92634,0.90334
0.99722,0.99825,-0.63164,-0.84291,-0.99195,0.13192,1.035,-0.15473,0.10439,0.93423,-0.2,0.92628,0.90314
0.99723,0.99825,-0.63164,-0.84291,-0.99195,0.13192,1.035,-0.15473,0.10439,0.93423,-0.2,0.92628,0.90314
0.99723,0.99825,-0.63164,-0.84288,-0.99195,0.13189,1.035,-0.15473,0.10441,0.93423,-0.2,0.92623,0.90295
0.99723,0.99825,-0.63164,-0.84288,-0.99195,0.13188,1.035,-0.15473,0.10438,0.93423,-0.2,0.92623,0.90295
0.99726,0.99828,-0.63163,-0.84286,-0.99195,0.13186,1.035,-0.15473,0.10439,0.93423,-0.2,0.92616,0.90275
0.99726,0.99828,-0.63163,-0.84286,-0.99195,0.13186,1.035,-0.15473,0.10439,0.93423,-0.2,0.92616,0.90275
0.99726,0.99828,-0.63163,-0.8429,-0.99195,0.1319,1.035,-0.15476,0.10436,0.92544,-0.2,0.92601,0.90257
0.99724,0.99826,-0.63163,-0.84291,-0.99195,0.13191,1.035,-0.15476,0.10439,0.92544,-0.19999,0.926,0.90248
0.99716,0.99818,-0.63163,-0.8429,-0.99194,0.13191,1.035,-0.15476,0.10441,0.92544,-0.2,0.92597,0.9024
0.99716,0.99818,-0.63163,-0.8429,-0.99194,0.1319,1.035,-0.15476,0.1044,0.92544,-0.2,0.92597,0.9024
0.99719,0.99822,-0.63163,-0.84288,-0.99194,0.13187,1.035,-0.15476,0.10442,0.92544,-0.2,0.92588,0.90223
0.99717,0.99819,-0.63163,-0.84285,-0.99194,0.13185,1.035,-0.15476,0.10442,0.92544,-0.2,0.92585,0.90214
0.99717,0.99819,-0.63162,-0.84285,-0.99194,0.13185,1.035,-0.15476,0.1044,0.92544,-0.2,0.92585,0.90214
0.99717,0.99819,-0.63162,-0.84285,-0.99194,0.13185,1.035,-0.15476,0.1044,0.92544,-0.2,0.92585,0.90214
0.99717,0.99819,-0.63162,-0.84285,-0.99194,0.13185,1.035,-0.15476,0.1044,0.92544,-0.2,0.92585,0.90214
0.99717,0.99819,-0.63162,-0.84285,-0.99194,0.13185,1.035,-0.15476,0.1044,0.92544,-0.2,0.92585,0.90214
0.99714,0.99816,-0.63162,-0.84279,-0.99194,0.13179,1.035,-0.15476,0.10446,0.92544,-0.2,0.92565,0.90173
0.99713,0.99814,-0.63162,-0.84275,-0.99194,0.13175,1.035,-0.15476,0.10444,0.92544,-0.2,0.92559,0.90165
0.99713,0.99814,-0.63162,-0.84274,-0.99193,0.13174,1.035,-0.15476,0.10441,0.92544,-0.2,0.9256,0.90165
0.99713,0.99814,-0.63162,-0.8427,-0.99193,0.1317,1.035,-0.15476,0.10444,0.92544,-0.20001,0.92551,0.90147
0.99713,0.99814,-0.63162,-0.84267,-0.99193,0.13167,1.035,-0.15476,0.10443,0.92544,-0.2,0.92544,0.9014
0.99713,0.99814,-0.63162,-0.84264,-0.99193,0.13164,1.035,-0.15476,0.10443,0.92544,-0.2,0.92539,0.90131
0.99705,0.99806,-0.63162,-0.84261,-0.99193,0.13162,1.035,-0.15476,0.10443,0.92544,-0.2,0.92534,0.90123
0.99705,0.99806,-0.63162,-0.84261,-0.99193,0.13163,1.035,-0.15476,0.10443,0.92544,-0.2,0.92534,0.90123
0.99705,0.99806,-0.63162,-0.84258,-0.99193,0.1316,1.035,-0.15476,0.10446,0.92544,-0.2,0.92526,0.90105
0.99705,0.99806,-0.63162,-0.84255,-0.99193,0.13157,1.035,-0.15476,0.10443,0.92544,-0.19999,0.9252,0.90098
0.99705,0.99806,-0.63162,-0.84252,-0.99193,0.13154,1.035,-0.15476,0.10443,0.92544,-0.2,0.92516,0.90089
0.99701,0.99801,-0.63162,-0.84253,-0.99193,0.13155,1.035,-0.15475,0.10439,0.92325,-0.2,0.92515,0.90089
0.99701,0.99801,-0.63162,-0.84253,-0.99193,0.13155,1.035,-0.15475,0.1044,0.92325,-0.2,0.92515,0.90089
0.99701,0.99801,-0.63162,-0.8425,-0.99193,0.13152,1.035,-0.15475,0.10443,0.92325,-0.2,0.92502,0.90065
0.99701,0.99801,-0.63162,-0.84247,-0.99193,0.13149,1.035,-0.15475,0.10443,0.92325,-0.2,0.92496,0.90058
0.99701,0.99801,-0.63162,-0.84247,-0.99193,0.13149,1.035,-0.15475,0.10443,0.92325,-0.2,0.92496,0.90058
0.99697,0.99796,-0.63162,-0.84243,-0.99193,0.13145,1.035,-0.15475,0.10444,0.92325,-0.2,0.92489,0.90046
0.99695,0.99795,-0.63163,-0.8424,-0.99193,0.13142,1.035,-0.15476,0.10443,0.92325,-0.2,0.92483,0.90045
0.99695,0.99795,-0.63163,-0.84238,-0.99194,0.1314,1.035,-0.15475,0.10442,0.92325,-0.2,0.92479,0.90042
0.99695,0.99795,-0.63163,-0.84238,-0.99194,0.1314,1.035,-0.15475,0.10442,0.92325,-0.2,0.92479,0.90042
0.99695,0.99795,-0.63163,-0.84241,-0.99194,0.13143,1.035,-0.15476,0.10437,0.91889,-0.2,0.92476,0.90042
0.997,0.99799,-0.63163,-0.84239,-0.99194,0.13141,1.035,-0.15476,0.10442,0.91889,-0.2,0.92469,0.90032
0.997,0.99799,-0.63163,-0.84239,-0.99193,0.13141,1.035,-0.15476,0.1044,0.91889,-0.2,0.92469,0.90032
0.99706,0.99805,-0.63163,-0.84237,-0.99193,0.13138,1.035,-0.15476,0.10442,0.91889,-0.2,0.92463,0.90024
0.99705,0.99804,-0.63163,-0.84236,-0.99193,0.13138,1.035,-0.15476,0.10441,0.91889,-0.2,0.92464,0.90024
0.99705,0.99805,-0.63163,-0.84236,-0.99193,0.13138,1.035,-0.15476,0.1044,0.91889,-0.2,0.92464,0.90024
0.99706,0.99804,-0.63164,-0.84233,-0.99193,0.13135,1.035,-0.15477,0.10443,0.91889,-0.20001,0.92455,0.90013
0.99709,0.99807,-0.63164,-0.84233,-0.99193,0.13135,1.035,-0.15475,0.1044,0.91672,-0.2,0.9245,0.90009
0.99709,0.99807,-0.63164,-0.84233,-0.99193,0.13135,1.035,-0.15475,0.1044,0.91672,-0.2,0.9245,0.90009
0.99703,0.99802,-0.63164,-0.84233,-0.99193,0.13135,1.035,-0.15475,0.1044,0.91672,-0.2,0.9245,0.90009
0.99703,0.99802,-0.63165,-0.84234,-0.99192,0.13137,1.035,-0.15476,0.10439,0.91455,-0.20001,0.92449,0.90009
0.99703,0.99802,-0.63165,-0.84234,-0.99192,0.13137,1.035,-0.15476,0.10439,0.91455,-0.20001,0.92449,0.90009
0.99703,0.99802,-0.63165,-0.84234,-0.99192,0.13137,1.035,-0.15476,0.10439,0.91455,-0.20001,0.92449,0.90009
0.99703,0.99802,-0.63165,-0.84234,-0.99192,0.13137,1.035,-0.15476,0.10439,0.91455,-0.20001,0.92449,0.90009
0.99703,0.99802,-0.63166,-0.8423,-0.99192,0.13133,1.035,-0.15476,0.10444,0.91455,-0.2,0.92432,0.89959
0.99703,0.99802,-0.63166,-0.84227,-0.99192,0.1313,1.035,-0.15475,0.10443,0.91455,-0.19999,0.92428,0.8995
0.99703,0.99802,-0.63166,-0.84224,-0.99192,0.13127,1.035,-0.15475,0.10443,0.91455,-0.2,0.92424,0.89941
0.99703,0.99802,-0.63166,-0.84224,-0.99192,0.13127,1.035,-0.15475,0.10443,0.91455,-0.2,0.92424,0.89941
0.99704,0.99803,-0.63166,-0.84224,-0.99192,0.13127,1.035,-0.15475,0.1044,0.91455,-0.2,0.92424,0.89941
0.99704,0.99803,-0.63166,-0.84224,-0.99192,0.13127,1.035,-0.15475,0.1044,0.91455,-0.2,0.92424,0.89941
0.99704,0.99803,-0.63166,-0.84224,-0.99192,0.13127,1.035,-0.15475,0.1044,0.91455,-0.2,0.92424,0.89941
0.99704,0.99803,-0.63166,-0.84224,-0.99192,0.13127,1.035,-0.15475,0.1044,0.91455,-0.2,0.92424,0.89941
0.99704,0.99803,-0.63166,-0.84225,-0.99192,0.13128,1.035,-0.15475,0.10439,0.91239,-0.2,0.92423,0.89941
0.99704,0.99803,-0.63166,-0.84226,-0.99192,0.13129,1.035,-0.15475,0.10439,0.91239,-0.2,0.92422,0.89941
0.99704,0.99803,-0.63166,-0.84217,-0.99192,0.1312,1.035,-0.15475,0.10448,0.91239,-0.2,0.92396,0.89875
0.99705,0.99802,-0.63166,-0.84214,-0.99192,0.13117,1.035,-0.15475,0.10451,0.91239,-0.2,0.92386,0.89867
0.99705,0.99802,-0.63166,-0.84211,-0.99192,0.13114,1.035,-0.15475,0.10443,0.91239,-0.2,0.92389,0.89867
0.99705,0.99802,-0.63166,-0.84211,-0.99192,0.13114,1.035,-0.15475,0.1044,0.91239,-0.2,0.92389,0.89867
0.99705,0.99802,-0.63166,-0.84206,-0.99192,0.13109,1.035,-0.15475,0.10445,0.91239,-0.2,0.92374,0.89843
0.99705,0.99802,-0.63166,-0.84202,-0.99192,0.13105,1.035,-0.15475,0.10444,0.91239,-0.19999,0.92368,0.89835
0.99705,0.99802,-0.63166,-0.84201,-0.99192,0.13104,1.035,-0.15475,0.10441,0.91239,-0.19999,0.92369,0.89835
0.99705,0.99802,-0.63166,-0.84201,-0.99192,0.13104,1.035,-0.15475,0.1044,0.91239,-0.19999,0.92369,0.89835
0.99705,0.99802,-0.63166,-0.84197,-0.99193,0.131,1.035,-0.15475,0.10444,0.91239,-0.2,0.92355,0.8981
0.99714,0.99811,-0.63167,-0.84194,-0.99192,0.13096,1.035,-0.15476,0.10443,0.91239,-0.2,0.9235,0.89802
0.99714,0.99811,-0.63167,-0.84192,-0.99193,0.13093,1.035,-0.15475,0.10442,0.91239,-0.2,0.92345,0.89793
0.99714,0.99811,-0.63167,-0.8419,-0.99193,0.13091,1.035,-0.15475,0.10444,0.91239,-0.20001,0.92341,0.89784
0.9972,0.99817,-0.63167,-0.84187,-0.99193,0.13089,1.035,-0.15475,0.10443,0.91239,-0.20001,0.92337,0.89776
0.99721,0.99817,-0.63167,-0.84185,-0.99194,0.13087,1.035,-0.15475,0.10442,0.91239,-0.2,0.92331,0.89768
0.99723,0.99818,-0.63168,-0.84182,-0.99193,0.13084,1.035,-0.15476,0.10443,0.91239,-0.2,0.92327,0.8976
0.99723,0.99818,-0.63168,-0.84182,-0.99193,0.13084,1.035,-0.15475,0.1044,0.91239,-0.2,0.92327,0.8976
0.99723,0.99818,-0.63168,-0.84179,-0.99193,0.13081,1.035,-0.15475,0.10443,0.91239,-0.2,0.92318,0.89742
0.99723,0.99818,-0.63168,-0.84178,-0.99194,0.1308,1.035,-0.15475,0.10441,0.91239,-0.2,0.92319,0.89742
0.99723,0.99818,-0.63168,-0.84175,-0.99194,0.13077,1.035,-0.15475,0.10443,0.91239,-0.2,0.9231,0.89725
0.99716,0.99811,-0.63168,-0.84172,-0.99194,0.13075,1.035,-0.15475,0.10443,0.91239,-0.2,0.92306,0.89716
0.99716,0.99811,-0.63168,-0.84172,-0.99194,0.13074,1.035,-0.15475,0.1044,0.91239,-0.2,0.92306,0.89716
0.99716,0.99811,-0.63168,-0.84169,-0.99195,0.13071,1.035,-0.15475,0.10443,0.91239,-0.2,0.92298,0.89698
0.99711,0.99806,-0.63168,-0.84166,-0.99194,0.13069,1.035,-0.15475,0.10443,0.91239,-0.2,0.92293,0.8969
0.99711,0.99805,-0.63169,-0.84164,-0.99195,0.13066,1.035,-0.15476,0.10442,0.91239,-0.20001,0.92287,0.89681
0.9971,0.99805,-0.63169,-0.84162,-0.99195,0.13064,1.035,-0.15475,0.10442,0.91239,-0.2,0.92283,0.89672
0.9971,0.99805,-0.63169,-0.84161,-0.99195,0.13063,1.035,-0.15475,0.10441,0.91239,-0.2,0.92284,0.89672
0.99708,0.99802,-0.6317,-0.84158,-0.99195,0.1306,1.035,-0.15476,0.10443,0.91239,-0.20001,0.92274,0.89654
0.99703,0.99798,-0.6317,-0.84155,-0.99195,0.13058,1.035,-0.15475,0.10443,0.91239,-0.19999,0.92268,0.89648
0.99703,0.99798,-0.6317,-0.84152,-0.99195,0.13055,1.035,-0.15475,0.10443,0.91239,-0.2,0.92264,0.89639
0.99709,0.99804,-0.6317,-0.84152,-0.99195,0.13054,1.035,-0.15474,0.1044,0.91023,-0.2,0.92258,0.89636
0.9971,0.99803,-0.6317,-0.84152,-0.99195,0.13054,1.035,-0.15474,0.1044,0.91023,-0.2,0.92258,0.89636
0.99705,0.99798,-0.6317,-0.8415,-0.99195,0.13053,1.035,-0.15474,0.10442,0.91023,-0.2,0.92253,0.89629
0.99704,0.99797,-0.63171,-0.84148,-0.99194,0.13052,1.035,-0.15475,0.10442,0.91023,-0.2,0.92249,0.89627
0.99704,0.99797,-0.63171,-0.84148,-0.99194,0.13052,1.035,-0.15474,0.10441,0.90808,-0.2,0.92244,0.89623
0.99709,0.99802,-0.63171,-0.84147,-0.99195,0.13051,1.035,-0.15474,0.10442,0.90808,-0.2,0.92242,0.8962
0.99702,0.99795,-0.63171,-0.84146,-0.99195,0.1305,1.035,-0.15474,0.10442,0.90808,-0.2,0.92239,0.89616
0.99702,0.99795,-0.63171,-0.84146,-0.99195,0.1305,1.035,-0.15474,0.10442,0.90808,-0.2,0.92239,0.89616
0.99705,0.99799,-0.63172,-0.84145,-0.99195,0.13048,1.035,-0.15475,0.10443,0.90808,-0.20001,0.92234,0.89608
0.99702,0.99795,-0.63172,-0.84144,-0.99195,0.13047,1.035,-0.15474,0.10442,0.90808,-0.2,0.92232,0.89604
0.99698,0.99791,-0.63172,-0.84143,-0.99195,0.13046,1.035,-0.15474,0.10442,0.90808,-0.2,0.92233,0.89604
0.99698,0.99791,-0.63172,-0.84143,-0.99196,0.13047,1.035,-0.15474,0.10441,0.90808,-0.2,0.92233,0.89604
0.99698,0.99791,-0.63172,-0.84141,-0.99196,0.13045,1.035,-0.15474,0.10443,0.90808,-0.2,0.92226,0.89593
0.99694,0.99787,-0.63172,-0.84139,-0.99196,0.13043,1.035,-0.15474,0.10443,0.90808,-0.2,0.92224,0.89589
0.99691,0.99784,-0.63172,-0.84138,-0.99196,0.13042,1.035,-0.15474,0.10442,0.90808,-0.2,0.92221,0.89585
0.99691,0.99784,-0.63172,-0.84138,-0.99196,0.13042,1.035,-0.15474,0.10442,0.90808,-0.2,0.92221,0.89585
0.99698,0.99792,-0.63173,-0.84137,-0.99196,0.1304,1.035,-0.15475,0.10443,0.90808,-0.20001,0.92217,0.89577
0.99698,0.99792,-0.63173,-0.84136,-0.99196,0.1304,1.035,-0.15474,0.10442,0.90808,-0.20001,0.92218,0.89577
0.99699,0.99792,-0.63173,-0.84136,-0.99196,0.1304,1.035,-0.15474,0.10441,0.90808,-0.20001,0.92218,0.89577
0.99697,0.99789,-0.63173,-0.84133,-0.99196,0.13037,1.035,-0.15474,0.10444,0.90808,-0.19999,0.92211,0.8957
0.99697,0.99789,-0.63173,-0.84132,-0.99196,0.13036,1.035,-0.15474,0.10445,0.90808,-0.2,0.92207,0.89569
0.99697,0.99789,-0.63173,-0.84131,-0.99197,0.13035,1.035,-0.15474,0.10446,0.90808,-0.2,0.92205,0.89568
0.99695,0.99788,-0.63173,-0.84131,-0.99197,0.13035,1.035,-0.15474,0.10446,0.90808,-0.2,0.92202,0.89567
0.99695,0.99788,-0.63173,-0.8413,-0.99197,0.13034,1.035,-0.15474,0.10447,0.90808,-0.2,0.92201,0.89566
0.99695,0.99788,-0.63173,-0.8413,-0.99197,0.13034,1.035,-0.15474,0.10447,0.90808,-0.2,0.92201,0.89566
0.99695,0.99788,-0.63173,-0.8413,-0.99197,0.13034,1.035,-0.15474,0.10447,0.90808,-0.2,0.92201,0.89566
0.99695,0.99788,-0.63174,-0.84127,-0.99197,0.13031,1.035,-0.15475,0.10444,0.90808,-0.20001,0.92198,0.89561
0.99695,0.99788,-0.63174,-0.84125,-0.99197,0.13029,1.035,-0.15474,0.10443,0.90808,-0.2,0.92195,0.89559
0.99696,0.99789,-0.63174,-0.84124,-0.99198,0.13028,1.035,-0.15474,0.10442,0.90808,-0.2,0.92193,0.89557
0.99696,0.99788,-0.63174,-0.84124,-0.99198,0.13028,1.035,-0.15474,0.10442,0.90808,-0.2,0.92193,0.89557
0.99699,0.99791,-0.63174,-0.84123,-0.99198,0.13026,1.035,-0.15474,0.10442,0.90808,-0.20001,0.92189,0.89547
0.99702,0.99794,-0.63175,-0.84122,-0.99198,0.13025,1.035,-0.15475,0.10442,0.90808,-0.20001,0.92187,0.89543
0.99702,0.99794,-0.63175,-0.84122,-0.99198,0.13025,1.035,-0.15475,0.10442,0.90808,-0.20001,0.92187,0.89543
0.99708,0.99801,-0.63175,-0.8412,-0.99198,0.13023,1.035,-0.15474,0.10443,0.90808,-0.2,0.92184,0.89535
0.99708,0.99801,-0.63175,-0.8412,-0.99198,0.13022,1.035,-0.15474,0.10441,0.90808,-0.2,0.92184,0.89535
0.99701,0.99792,-0.63175,-0.84119,-0.99198,0.13021,1.035,-0.15474,0.10442,0.90808,-0.2,0.92179,0.89527
0.99701,0.99792,-0.63175,-0.84118,-0.99197,0.13021,1.035,-0.15474,0.10442,0.90808,-0.2,0.9218,0.89527
0.99701,0.99792,-0.63175,-0.84118,-0.99196,0.13021,1.035,-0.15474,0.10442,0.90808,-0.2,0.9218,0.89527
0.99701,0.99792,-0.63175,-0.84116,-0.99196,0.13019,1.035,-0.15474,0.10443,0.90808,-0.2,0.92174,0.89514
0.99701,0.99792,-0.63175,-0.84116,-0.99196,0.13019,1.035,-0.15474,0.10443,0.90808,-0.2,0.92174,0.89514
0.99701,0.99792,-0.63174,-0.84115,-0.99196,0.13018,1.035,-0.15473,0.10444,0.90808,-0.19999,0.92169,0.89506
0.99701,0.99793,-0.63174,-0.84113,-0.99196,0.13016,1.035,-0.15474,0.10443,0.90808,-0.2,0.92168,0.89502
0.99701,0.99793,-0.63174,-0.84113,-0.99196,0.13016,1.035,-0.15474,0.10443,0.90808,-0.2,0.92168,0.89502
0.99701,0.99793,-0.63174,-0.84113,-0.99196,0.13016,1.035,-0.15474,0.10443,0.90808,-0.2,0.92168,0.89502
0.99694,0.99786,-0.63174,-0.8411,-0.99196,0.13014,1.035,-0.15474,0.10444,0.90808,-0.2,0.92162,0.8949
0.99694,0.99786,-0.63174,-0.84109,-0.99196,0.13014,1.035,-0.15474,0.10442,0.90808,-0.2,0.92163,0.8949
0.99693,0.99784,-0.63174,-0.84107,-0.99196,0.13012,1.035,-0.15474,0.10443,0.90808,-0.2,0.92156,0.89482
0.99693,0.99784,-0.63174,-0.84106,-0.99196,0.13011,1.035,-0.15474,0.10442,0.90808,-0.2,0.92157,0.89482
0.99693,0.99785,-0.63174,-0.84106,-0.99196,0.13011,1.035,-0.15474,0.10441,0.90808,-0.2,0.92157,0.89482
0.99693,0.99785,-0.63174,-0.84104,-0.99196,0.13009,1.035,-0.15474,0.10443,0.90808,-0.2,0.92149,0.8947
0.99691,0.99783,-0.63174,-0.84103,-0.99196,0.13008,1.035,-0.15474,0.10444,0.90808,-0.2,0.92146,0.89466
0.99691,0.99783,-0.63173,-0.84101,-0.99196,0.13006,1.035,-0.15474,0.10443,0.90808,-0.2,0.92145,0.89462
0.99698,0.99788,-0.63173,-0.841,-0.99196,0.13004,1.035,-0.15474,0.10442,0.90808,-0.2,0.92142,0.89457
0.99696,0.99787,-0.63173,-0.84099,-0.99196,0.13003,1.035,-0.15474,0.10442,0.90808,-0.2,0.9214,0.89453
0.99696,0.99787,-0.63173,-0.84099,-0.99195,0.13003,1.035,-0.15474,0.10441,0.90808,-0.2,0.9214,0.89453
0.99696,0.99787,-0.63173,-0.84099,-0.99194,0.13003,1.035,-0.15474,0.10441,0.90808,-0.2,0.9214,0.89453
0.99696,0.99787,-0.63173,-0.84099,-0.99194,0.13003,1.035,-0.15474,0.10441,0.90808,-0.2,0.9214,0.89453
0.99696,0.99787,-0.63173,-0.84099,-0.99194,0.13003,1.035,-0.15474,0.10441,0.90808,-0.2,0.9214,0.89453
0.99696,0.99787,-0.63172,-0.84099,-0.99194,0.13003,1.035,-0.15474,0.10441,0.90808,-0.2,0.9214,0.89453
0.99696,0.99787,-0.63172,-0.84099,-0.99194,0.13003,1.035,-0.15474,0.10441,0.90808,-0.2,0.9214,0.89453
0.99696,0.99787,-0.63172,-0.84099,-0.99194,0.13003,1.035,-0.15474,0.10441,0.90808,-0.2,0.9214,0.89453
0.99696,0.99787,-0.63172,-0.84099,-0.99194,0.13003,1.035,-0.15474,0.10441,0.90808,-0.2,0.9214,0.89453
0.99699,0.99789,-0.63172,-0.84099,-0.99194,0.13003,1.035,-0.15474,0.10441,0.90808,-0.2,0.9214,0.89453
0.99698,0.99789,-0.63172,-0.84093,-0.99194,0.12997,1.035,-0.15474,0.10447,0.90808,-0.2,0.92121,0.89402
0.99701,0.99792,-0.63172,-0.84089,-0.99194,0.12993,1.035,-0.15474,0.10445,0.90808,-0.2,0.92115,0.89393
0.99701,0.99792,-0.63172,-0.84089,-0.99194,0.12993,1.035,-0.15474,0.10445,0.90808,-0.2,0.92115,0.89393
0.99701,0.99792,-0.63172,-0.84085,-0.99194,0.12989,1.035,-0.15474,0.10445,0.90808,-0.2,0.92107,0.89375
0.99694,0.99784,-0.63172,-0.84082,-0.99194,0.12986,1.035,-0.15474,0.10444,0.90808,-0.19999,0.92101,0.89367
0.99694,0.99784,-0.63172,-0.84081,-0.99194,0.12985,1.035,-0.15474,0.10442,0.90808,-0.19999,0.92102,0.89367
0.99695,0.99784,-0.63172,-0.84081,-0.99193,0.12985,1.035,-0.15474,0.10442,0.90808,-0.19999,0.92102,0.89367
0.99691,0.99781,-0.63171,-0.84077,-0.99193,0.12981,1.035,-0.15474,0.10445,0.90808,-0.2,0.92088,0.89342
0.99691,0.99781,-0.6317,-0.84077,-0.99193,0.1298,1.035,-0.15474,0.10445,0.90808,-0.2,0.92088,0.89342
0.99692,0.99781,-0.6317,-0.84077,-0.99193,0.1298,1.035,-0.15474,0.10445,0.90808,-0.2,0.92088,0.89342
0.99692,0.99781,-0.63171,-0.84075,-0.99191,0.12978,1.035,-0.15474,0.10443,0.9038,-0.20001,0.92073,0.89317
0.99688,0.99778,-0.63171,-0.84075,-0.99191,0.12978,1.035,-0.15474,0.10443,0.9038,-0.20001,0.92073,0.89317
0.99688,0.99778,-0.63171,-0.84075,-0.99191,0.12979,1.035,-0.15474,0.10443,0.9038,-0.20001,0.92073,0.89317
0.9969,0.9978,-0.63171,-0.8407,-0.9919,0.12974,1.035,-0.15473,0.10446,0.9038,-0.2,0.92061,0.89294
0.99689,0.99778,-0.63171,-0.84069,-0.9919,0.12972,1.035,-0.15473,0.10442,0.9038,-0.2,0.92062,0.89294
0.99689,0.99778,-0.63171,-0.84065,-0.9919,0.12968,1.035,-0.15473,0.10445,0.9038,-0.2,0.92051,0.89278
0.99689,0.99778,-0.63171,-0.84062,-0.9919,0.12965,1.035,-0.15473,0.10444,0.9038,-0.2,0.92045,0.89271
0.99689,0.99778,-0.63171,-0.8406,-0.9919,0.12963,1.035,-0.15473,0.10443,0.9038,-0.2,0.9204,0.89263
