140.58
1.1151
0.2154
2.9439
0.89468
0.33501
0.247
0.26457
0.19794
0.14795
0.05595
0.05612
0.018034
0.010564
0.0092427
0.063839
0.040488
0.067285
0.06458
0.036974
0.097051
0.072638
0.076208
0.059137
0.039088
0.023201
0.012816
0.0070681
0.0038307
0.00082784
0.0029622
4.7201e-05
0.0010039
0.0017376
1.2014e-05
0.00029804
9.4802e-05
0.00012529
0.0010212
3.4469e-05
0.00038585
3.0077e-05
4.1913e-05
3.486e-05
2.4848e-05
0.00063082
0.00035255
0.00013157
2.2153e-05
3.3702e-05
3.2033e-05
0.0010754
9.4145e-05
1.5856e-05
0.00029869
0.00015784
0.0003714
0.00091481
0.00015738
0.0003573
0.00038217
0.00042107
0.00041837
0.00060246
0.00063919
0.00022684
0.00012319
0.0015232
0.00080185
6.9134e-06
0.0016364
0.00041187
5.2869e-05
0.0018436
0.0015658
0.00049304
0.0012341
8.4095e-06
0.0015276
0.0030805
0.0011758
0.003538
0.0016461
0.0011706
0.0017688
0.0011981
0.001034
0.0027105
0.0055481
0.0027637
0.0054825
0.0026851
2.1197e-05
0.0039428
1.2842e-05
0.0044884
0.0011279
0.004125
6.5919e-06
0.0034412
3.8764e-06
0.0050628
3.0893e-06
8.5397e-06
0.0060041
0.0082584
0.0010299
0.0035845
0.0055499
6.2951e-06
8.9777e-06
0.0035238
0.0067659
8.7206e-06
0.0034545
0.00086072
0.00021036
0.0036714
0.005435
0.0021773
0.00054162
0.0023559
0.0019364
0.0034351
0.0012137
0.00097296
0.0008458
0.0015411
2.0076e-05
0.0011839
1.3229e-05
0.0010563
7.019e-06
0.00085391
0.00062601
0.00024397
0.0003274
0.00033324
9.52e-05
2.3217e-05
0.00035757
8.1914e-05
0.00028147
0.0005001
0.00015259
0.00013554
0.00010561
0.00028489
0.00029663
6.941e-06
0.00046227
0.00011854
0.00048393
0.00078115
0.00035066
0.00024461
0.00036567
0.00066828
0.0002398
0.00050113
0.00042481
0.0002401
5.8181e-05
0.0013731
0.0012802
0.0024069
0.0012203
0.00029913
0.0015173
0.00038871
0.0016149
0.00041263
2.0106e-05
0.00011031
0.0018009
0.0011434
1.2068e-05
0.0010618
0.00025958
6.5664e-05
0.0011042
0.00078103
0.00019903
0.0007602
0.00060431
0.0010485
0.00013897
0.00063629
0.00052579
0.00023748
0.00036159
1.1881e-05
0.00030327
0.00045692
0.00085725
0.00042409
0.00042758
1.2228e-05
0.00010272
4.1432e-05
1.9904e-05
0.0011303
0.00028428
6.6402e-06
6.2759e-06
6.4995e-05
0.0013519
0.00086563
4.0127e-06
1.2102e-05
0.00074451
6.8233e-06
0.00094003
0.0012875
0.00048047
0.00082976
0.00038337
0.0002825
6.8128e-06
0.0005786
0.00090692
0.00011843
1.5803e-05
0.00040132
6.1324e-06
0.0001854
9.2889e-05
0.00022264
0.00040819
6.6078e-06
0.00024786
0.00042056
0.00017159
1.1111e-05
1.2223e-05
1.4081e-05
0.00035274
0.00022858
5.9387e-05
0.00020012
0.00014887
0.0002777
0.00011724
7.6424e-05
2.1989e-05
0.00019691
0.00013494
2.94e-05
0.00019879
0.00016385
0.00031181
3.0551e-05
0.00019776
0.00011546
9.5414e-05
9.9586e-05
0.00024517
0.00011099
0.00026479
8.2462e-05
0.0002764
6.7456e-05
0.00026724
8.0576e-05
0.00021558
6.3512e-05
2.276e-05
2.0384e-05
1.9779e-05
0.0002274
9.5637e-05
0.00020327
0.00023974
0.0001804
0.00013071
0.00011112
7.5076e-05
9.2725e-05
0.0001921
2.0173e-05
0.00012443
0.00014494
0.00013222
7.1941e-05
6.9655e-05
3.9758e-05
3.2275e-05
2.3492e-05
3.5685e-05
8.7004e-05
4.7713e-05
5.5066e-05
3.2759e-05
5.7522e-05
0.00013087
4.7842e-05
2.3882e-05
2.3483e-05
8.2981e-05
3.74e-05
2.2522e-05
3.6867e-05
4.4814e-05
2.3003e-05
4.1819e-05
2.6871e-05
3.8745e-05
2.4252e-05
4.2095e-05
2.1264e-05
2.4787e-05
2.4271e-05
2.3181e-05
3.1709e-05
3.3513e-05
2.2869e-05
2.4976e-05
5.442e-05
2.1278e-05
2.0725e-05
2.6879e-05
2.1337e-05
3.2125e-05
5.0388e-05
3.2512e-05
2.0806e-05
0.00018081
1.2625e-05
2.1658e-05
1.4247e-05
1.1583e-05
3.4154e-05
1.1825e-05
5.1427e-05
1.6842e-05
5.5898e-05
1.1824e-05
7.5694e-05
3.3224e-05
0.00011174
1.1761e-05
7.6351e-05
6.1268e-05
1.2791e-05
1.4359e-05
1.7129e-05
1.1375e-05
0.00013515
9.8605e-05
2.2174e-05
7.3758e-05
5.7148e-05
0.00010818
0.00012661
1.1007e-05
5.1929e-05
0.0001178
5.4979e-05
7.3827e-05
1.9942e-05
6.9839e-05
7.7926e-05
2.0029e-05
0.00010473
6.2757e-05
4.6428e-05
2.1361e-05
5.1942e-05
6.6336e-05
2.479e-05
9.8426e-05
2.8353e-05
2.4058e-05
5.9815e-05
5.4319e-05
2.6565e-05
7.5396e-05
4.0378e-05
2.3526e-05
2.0048e-05
2.1126e-05
9.38e-05
5.9176e-05
5.2181e-05
1.9937e-05
2.3906e-05
2.4949e-05
2.2646e-05
2.2103e-05
2.6929e-05
2.28e-05
0.00016749
6.7948e-05
6.1715e-05
2.1001e-05
0.00011215
7.2817e-05
3.3394e-05
2.4605e-05
0.00010129
0.00014485
5.8376e-05
3.8068e-05
9.5198e-05
5.5955e-05
5.3075e-05
2.4762e-05
5.8998e-05
2.4562e-05
5.9276e-05
0.00010534
2.8315e-05
5.729e-05
9.2366e-05
5.798e-05
4.3309e-05
2.6105e-05
6.5438e-05
9.118e-05
5.4698e-05
7.7892e-05
2.0953e-05
7.8679e-05
4.024e-05
2.2764e-05
7.9158e-05
9.398e-05
2.3581e-05
6.6763e-05
6.1126e-05
5.6447e-05
2.2689e-05
4.5255e-05
7.0528e-05
4.9115e-05
2.3116e-05
0.00011756
2.2675e-05
2.3122e-05
5.6373e-05
3.0908e-05
2.566e-05
2.8434e-05
3.103e-05
2.2813e-05
2.5829e-05
5.0569e-05
4.7412e-05
3.0623e-05
2.1417e-05
5.5578e-05
4.812e-05
1.9802e-05
9.9338e-05
1.385e-05
0.00013231
1.4606e-05
1.6278e-05
4.2504e-05
1.8367e-05
2.9295e-05
4.7583e-05
1.1356e-05
1.2433e-05
0.00011923
1.2355e-05
5.5122e-05
2.6388e-05
1.2432e-05
5.0386e-05
5.2915e-05
3.3187e-05
7.85e-05
2.3094e-05
1.3412e-05
1.231e-05
1.4774e-05
1.3212e-05
1.2278e-05
1.3133e-05
1.5484e-05
1.8781e-05
3.3161e-05
0.00012097
8.942e-05
1.5817e-05
8.0119e-05
0.00013344
2.349e-05
1.6243e-05
9.5138e-05
1.6068e-05
1.7818e-05
3.8596e-05
5.0904e-05
2.0125e-05
9.4264e-05
4.0907e-05
7.9086e-05
5.6575e-05
