0.0027408
0.00073502
0.00034008
0.00014709
0.00018359
0.00013283
0.00041011
0.00041029
0.00041016
0.00041017
0.00041018
0.00041016
0.00041013
0.00041011
0.00041008
0.00041005
0.00041004
0.00041004
0.00041
0.00040996
0.00040998
0.00040998
0.00040998
0.00040998
0.00040997
0.00040997
0.00040996
0.00040997
0.00040997
0.00040998
0.00040997
0.00040997
0.00040996
0.00040992
0.00040991
0.00040991
0.00040991
0.00040991
0.00040991
0.00040992
0.00040992
0.00040992
0.00040992
0.00040992
0.00040992
0.00040992
0.00040992
0.00040992
0.00040991
0.00040991
0.00040991
0.00040991
0.00040991
0.00040991
0.00040991
0.00040992
0.00040991
0.00040992
0.00040992
0.00040992
0.00040992
0.00040992
0.00040991
0.00040991
0.00040991
0.00040991
0.00040991
0.00040991
0.00040991
0.00040991
0.00040991
0.00040991
0.00040991
0.00040991
0.00040992
0.00040992
0.00040992
0.00040991
0.00040991
0.00040991
0.00040991
0.00040991
0.00040991
0.00040991
0.00040991
0.00040991
0.00040992
0.00040992
0.00040991
0.00040991
0.00040991
0.00040991
0.00040991
0.00040991
0.00040991
0.00040991
0.00040991
0.00040991
0.00040991
0.00040992
0.00040992
0.00040992
0.00040992
0.00040992
0.00040992
0.00040992
0.00040992
0.00040992
0.00040992
0.00040992
0.00040992
0.00040992
0.00040992
0.00040992
0.00040992
0.00040992
0.00040992
0.00040992
0.00040992
0.00040992
0.00040992
0.00040992
0.00040992
0.00040991
0.00040991
0.00040991
0.00040991
0.00040991
0.00040992
0.00040992
0.00040992
0.00040992
0.00040992
0.00040992
0.00040992
0.00040991
0.00040991
0.00040992
0.00040992
0.00040991
0.00040991
0.00040991
0.00040992
0.00040992
0.00040992
0.00040992
0.00040992
0.00040992
0.00040992
0.00040992
0.00040992
0.00040992
0.00040992
0.00040992
0.00040992
0.00040992
0.00040992
0.00040992
0.00040992
0.00040992
0.00040992
0.00040992
0.00040992
0.00040992
0.00040992
0.00040992
0.00040992
0.00040991
0.00040991
0.00040991
0.00040991
0.00040991
0.00040992
0.00040992
0.00040991
0.00040991
0.00040991
0.00040991
0.00040991
0.00040991
0.00040991
0.00040991
0.00040991
0.00040991
0.00040992
0.00040992
0.00040992
0.00040992
0.00040992
0.00040992
0.00040992
0.00040992
0.00040992
0.00040992
0.00040992
0.00040992
0.00040991
0.00040991
0.00040991
0.00040991
0.00040991
0.00040991
0.00040991
0.00040991
0.00040991
0.00040991
0.00040991
0.00040991
0.00040991
0.00040991
0.00040991
0.00040991
0.00040991
0.00040991
0.00040991
0.00040991
0.00040991
0.00040991
0.00040991
0.00040991
0.00040992
0.00040992
0.00040992
0.00040992
0.00040992
0.00040992
0.00040992
0.00040992
0.00040992
0.00040992
0.00040992
0.00040992
0.00040992
0.00040992
0.00040992
0.00040992
0.00040992
0.00040992
0.00040992
0.00040991
0.00040991
0.0004099
0.00040987
0.00040984
0.00040982
0.00040982
0.00040982
0.00040982
0.00040982
0.00040982
0.00040982
0.00040982
0.00040982
0.00040982
0.00040982
0.00040982
0.00040982
0.00040981
0.00040977
0.00040974
0.00040971
0.00040968
0.00040965
0.00040962
0.00040959
0.00040957
0.00040957
0.00040957
0.00040956
0.00040953
0.0004095
0.00040947
0.00040944
0.00040941
0.00040938
0.00040935
0.00040933
0.00040933
0.00040933
0.00040933
0.00040933
0.00040933
0.00040933
0.00040933
0.00040933
0.00040933
0.00040933
0.00040933
0.00040933
0.00040933
0.00040933
0.00040933
0.00040933
0.00040933
0.00040933
0.00040934
0.00040934
0.00040934
0.00040934
0.00040933
0.00040933
0.00040933
0.00040933
0.00040933
0.00040933
0.00040933
0.00040933
0.00040933
0.00040933
0.00040933
0.00040932
0.00040929
0.00040926
0.00040923
0.0004092
0.00040917
0.00040914
0.00040911
0.00040908
0.00040905
0.00040901
0.00040898
0.00040895
0.00040892
0.00040889
0.00040886
0.00040883
0.00040881
0.00040881
0.00040881
0.00040881
0.00040881
0.00040881
0.00040881
0.00040881
0.00040881
0.00040881
0.00040881
0.00040881
0.00040881
0.00040881
0.00040881
0.00040881
0.00040881
0.00040881
0.00040881
0.00040882
0.00040882
0.00040881
0.00040881
0.00040881
0.00040881
0.00040881
0.00040881
0.00040881
0.00040881
0.00040881
0.00040881
0.00040881
0.00040881
0.00040881
0.00040881
0.00040881
0.00040881
0.00040881
0.00040881
0.00040881
0.00040881
0.00040881
0.00040881
0.00040881
0.00040881
0.00040881
0.00040881
0.00040881
0.00040882
0.00040882
0.00040882
0.00040882
0.00040882
0.00040882
0.00040882
0.00040882
0.00040882
0.00040881
0.00040881
0.00040881
0.00040881
0.00040881
0.00040881
0.00040881
0.00040881
0.00040881
0.00040881
0.00040881
0.00040881
0.00040881
0.00040881
0.00040881
0.00040881
0.00040881
0.00040881
0.00040881
0.00040881
0.00040881
0.00040881
0.00040881
0.00040881
0.00040881
0.00040881
0.00040881
0.00040881
0.00040881
0.00040881
0.00040881
0.00040881
0.00040881
0.00040881
0.00040881
0.00040881
0.00040881
0.00040881
0.00040881
0.00040881
0.00040881
0.00040881
0.00040881
0.00040882
0.00040882
0.00040882
0.00040882
0.00040882
0.00040882
0.00040882
0.00040882
0.00040882
0.00040882
0.00040882
0.00040882
0.00040882
0.00040882
0.00040882
0.00040882
0.00040882
0.00040882
0.00040882
0.00040882
0.00040882
0.00040882
0.00040882
0.00040882
0.00040882
0.00040882
0.00040882
0.00040882
0.00040882
0.00040882
0.00040882
0.00040882
0.00040882
0.00040882
0.00040882
0.00040882
0.00040882
0.00040882
0.00040882
0.00040882
0.00040882
0.00040882
0.00040882
0.00040882
0.00040882
0.00040882
0.00040882
0.00040882
0.00040882
0.00040882
0.00040882
0.00040882
0.00040882
0.00040882
0.00040882
0.00040882
0.00040882
0.00040882
0.00040882
0.00040882
0.00040882
0.00040882
0.00040882
0.00040882
0.00040882
0.00040882
0.00040882
0.00040882
0.00040882
0.00040882
0.00040882
0.00040882
0.00040882
