140.7
0.43709
0.075392
0.1746
0.17012
0.17534
0.19448
0.1614
0.08197
0.050801
0.089611
0.075165
0.034977
0.047408
0.016821
0.0020981
0.013313
0.008178
0.013926
0.0057941
0.013612
0.013019
0.0018181
0.0083993
0.004663
0.00047592
0.0061338
0.0033954
0.0012807
0.0020189
0.00024609
0.00045242
0.00093732
1.1098e-05
5.9446e-05
4.0442e-05
8.3284e-06
0.0011267
3.0554e-05
1.9239e-05
5.6357e-05
3.1754e-05
1.8115e-05
4.2326e-05
1.4427e-05
0.0016109
0.00070563
6.5267e-06
2.7751e-05
9.5451e-06
0.0039018
0.00015427
5.1358e-05
0.0012429
2.7166e-05
8.9993e-05
0.007066
9.689e-05
5.9332e-05
8.148e-05
7.0363e-05
7.9899e-05
1.1643e-05
1.8852e-05
9.4068e-06
0.0014664
0.0004759
3.7055e-05
2.9324e-05
2.3521e-05
3.0356e-05
0.00092687
3.0297e-05
0.00238
1.2266e-05
0.00012186
6.93e-05
4.8946e-05
1.6699e-05
1.4842e-05
0.00030656
5.3536e-05
3.0382e-05
2.4469e-05
0.0018602
2.1999e-05
0.00011526
0.00011468
1.3891e-05
0.00050329
2.4965e-05
2.5239e-05
2.6675e-05
0.00065677
3.7693e-05
0.00016638
2.3898e-05
2.4746e-05
3.8069e-05
1.1253e-05
8.9086e-06
7.5741e-06
6.9502e-06
0.00013072
1.2039e-05
1.1822e-05
0.00012386
1.2578e-05
1.1759e-05
5.3315e-05
6.8203e-06
5.0299e-06
5.9697e-06
6.5133e-06
7.6319e-06
7.5287e-06
6.1092e-06
6.1494e-06
5.2535e-06
5.0356e-06
5.733e-06
0.00032837
1.2201e-05
2.3786e-05
2.3762e-05
2.4586e-05
2.4875e-05
3.6446e-05
5.121e-06
5.0383e-06
7.9285e-06
5.6321e-06
6.2489e-06
0.00052555
1.4755e-05
0.0010783
1.0747e-05
0.00011713
0.00011588
9.329e-05
2.9971e-05
4.0469e-05
7.4303e-05
1.6054e-05
0.00012855
4.1264e-05
1.3005e-05
1.4001e-05
1.3626e-05
1.4264e-05
1.4555e-05
1.453e-05
1.508e-05
1.5032e-05
1.429e-05
1.3899e-05
1.4397e-05
1.4348e-05
1.3643e-05
1.4322e-05
1.3636e-05
1.3174e-05
1.3026e-05
1.3524e-05
1.3849e-05
0.00050997
4.6696e-06
1.3794e-05
9.3516e-06
2.9129e-05
2.8684e-05
4.0554e-05
9.7003e-06
9.3692e-06
7.8265e-06
7.9422e-06
8.477e-06
3.5294e-06
8.8897e-06
6.5788e-06
6.5783e-06
1.1242e-05
0.00014166
3.752e-06
7.0776e-06
7.0433e-06
2.2949e-05
1.9009e-05
1.9008e-05
2.7926e-05
4.4739e-05
1.6154e-05
1.5583e-05
2.2554e-05
8.4533e-05
3.152e-06
7.5661e-06
7.2576e-06
5.6798e-05
8.6724e-06
1.1361e-05
1.1933e-05
7.1544e-06
1.1946e-05
1.1804e-05
1.2059e-05
7.3355e-06
0.00011493
9.234e-06
0.00014317
8.6268e-05
4.1931e-05
3.0694e-05
8.7259e-05
4.1434e-05
3.0088e-05
2.9421e-05
0.00039826
3.019e-05
4.1419e-05
1.1453e-05
8.0852e-06
2.9423e-05
0.00012661
1.4542e-05
1.4645e-05
1.3814e-05
5.5935e-05
4.7202e-06
5.6487e-06
5.9537e-06
5.7587e-05
4.6671e-06
3.7552e-06
3.1513e-06
4.9531e-06
3.9032e-06
5.7443e-06
6.8134e-06
7.1079e-06
9.6703e-06
2.5384e-05
3.9295e-05
6.1701e-06
6.9973e-06
7.2883e-06
7.2669e-06
7.2706e-06
7.4765e-06
7.7185e-06
7.3745e-06
7.6986e-06
7.3723e-06
7.4779e-06
1.6037e-05
7.6815e-06
1.0444e-05
6.2841e-06
5.7779e-06
5.5326e-06
5.2987e-06
1.2587e-05
6.9122e-06
4.2873e-05
5.4521e-06
7.6084e-06
7.7194e-06
1.0433e-05
6.1452e-06
6.9546e-06
5.1612e-06
8.7905e-06
5.1973e-06
5.2113e-06
3.5764e-05
5.2195e-06
7.4052e-06
7.056e-06
7.0376e-06
7.3642e-06
7.2921e-06
7.3148e-06
3.5322e-05
7.7142e-06
7.7044e-06
7.3886e-06
7.3976e-06
7.2045e-06
7.1604e-06
7.1142e-06
7.0277e-06
7.0235e-06
4.2492e-05
0.00012709
1.1778e-06
1.2315e-06
5.5064e-06
4.4544e-06
4.503e-06
7.43e-06
3.6133e-06
3.5354e-06
3.527e-06
8.8871e-06
4.1754e-06
8.8855e-06
4.1713e-06
8.8846e-06
6.5705e-06
5.749e-06
6.237e-06
5.3635e-06
5.2997e-06
5.2988e-06
5.2988e-06
6.6872e-06
5.9812e-06
5.981e-06
7.5199e-06
5.7744e-06
5.2971e-06
5.2971e-06
6.6864e-06
5.9809e-06
5.9811e-06
8.8741e-05
6.578e-06
1.0552e-05
7.8927e-06
7.8245e-06
1.1399e-05
8.2429e-06
1.1336e-05
8.1441e-06
4.956e-05
7.3873e-06
7.5495e-06
7.52e-06
7.5945e-06
7.2198e-06
2.1177e-05
7.7679e-05
7.321e-06
7.5218e-06
0.00011292
2.3872e-06
1.3696e-05
2.8066e-05
3.1794e-06
2.4984e-06
3.166e-06
3.588e-06
9.8601e-05
5.6178e-05
7.83e-05
1.2176e-05
7.9459e-06
7.538e-06
7.6057e-06
1.1102e-05
7.8468e-06
1.1121e-05
7.7184e-06
6.6198e-06
6.695e-06
6.8166e-06
6.7925e-06
9.9353e-06
7.869e-06
5.7284e-05
2.7838e-05
7.5833e-06
3.5666e-06
4.3135e-05
3.5928e-06
0.00015447
2.1576e-05
1.3382e-05
1.3363e-05
1.3157e-05
1.3558e-05
1.418e-05
1.4038e-05
1.99e-05
1.6703e-05
4.2324e-06
3.5805e-06
2.9467e-05
9.1784e-06
4.4014e-06
1.1394e-05
9.0645e-06
8.4766e-06
6.6893e-06
6.8052e-06
7.0586e-06
6.679e-06
7.0373e-06
6.6834e-06
9.5577e-06
2.5553e-06
2.3871e-06
1.852e-06
1.3487e-06
2.556e-06
2.8729e-06
2.8741e-06
3.0694e-06
2.9213e-06
3.0686e-06
1.9524e-06
2.5566e-06
2.8721e-06
3.4992e-06
7.8691e-06
7.0373e-06
9.9538e-06
3.46e-05
6.6073e-06
6.7607e-06
7.0271e-06
7.001e-06
1.1377e-05
7.8734e-06
9.6725e-06
4.8723e-05
3.6607e-06
7.2827e-06
1.7868e-05
6.8829e-05
1.2459e-05
1.2371e-05
1.2827e-05
1.3233e-05
1.3388e-05
0.00012929
1.2634e-05
1.3109e-05
1.3009e-05
1.298e-05
1.3395e-05
0.00011123
7.166e-06
0.00010114
1.3998e-05
1.4529e-05
0.00013952
8.094e-06
6.9009e-06
7.2934e-05
1.3612e-05
0.00032694
1.4099e-05
2.6601e-05
3.9101e-05
1.1345e-05
0.00026676
0.00021001
2.7183e-05
8.2717e-06
0.00011556
7.1507e-06
7.1355e-06
7.0861e-06
7.1736e-06
9.7118e-05
1.3546e-05
1.3195e-05
1.3353e-05
8.2663e-05
4.487e-05
0.00012951
1.3538e-05
1.3375e-05
1.38e-05
1.3726e-05
1.2937e-05
1.2966e-05
1.3024e-05
1.2867e-05
1.2492e-05
1.3262e-05
1.3227e-05
1.3428e-05
1.3306e-05
1.3876e-05
0.00018171
1.2783e-05
1.2898e-05
1.2905e-05
9.681e-05
1.314e-05
1.3018e-05
1.3543e-05
1.2717e-05
1.2111e-05
4.0279e-05
1.2262e-05
1.189e-05
1.1952e-05
