141.14
0.58002
0.072466
2.1734
1.0867
0.54338
0.81509
0.13589
0.33949
0.23773
0.025457
0.14427
0.059432
0.04235
0.05094
0.0021289
0.02331
0.012658
0.68856
5.3752e-06
0.34441
0.17233
0.65304
0.41252
0.12041
0.26649
0.34198
0.60771
0.010296
0.31342
0.20454
0.51682
0.028798
0.24481
0.13612
0.054451
0.095247
1.3893e-05
0.047646
0.023818
0.011914
0.11671
0.052515
0.032128
0.048341
0.080469
0.0020221
0.042259
0.020115
0.011066
0.031201
0.0022718
0.023197
0.011567
0.0058068
0.0086872
0.0014447
0.0036128
0.0025308
0.010373
0.0039246
0.00322
0.0071392
8.4695e-05
0.003492
0.0017868
0.00085752
0.0013166
0.00023274
0.00055079
0.00038882
0.01506
0.0076006
0.0037204
0.0056643
0.0009807
0.0023454
0.0016674
0.00033036
0.00099705
0.00033848
0.00033088
0.00066754
2.1631e-06
0.00033348
0.00017135
8.2118e-05
0.00012134
2.6543e-05
5.0103e-05
0.068831
0.034459
0.017195
0.025845
0.0043136
0.010763
0.0075496
0.0015953
0.004569
0.0014907
0.051945
