70.635
0.036318
1.0867
0.54334
0.27169
0.40752
0.067932
0.16979
0.11885
0.025429
0.14427
0.059402
0.042407
0.05088
0.0043172
0.046612
0.025397
1.3771
0.00020392
1.3776
0.68914
2.6122
1.6501
0.48164
1.0659
1.368
1.2155
0.041209
1.2536
0.81819
1.0336
0.057539
0.48964
0.27224
0.10891
0.1905
0.00097157
0.19058
0.095303
0.04769
0.46688
0.21009
0.12848
0.1934
0.16098
0.0081109
0.16905
0.08052
0.044297
0.062367
0.0046054
0.046386
0.023141
0.011628
0.017378
0.0028931
0.0072386
0.005064
0.020743
0.007851
0.0064478
0.0071481
0.00019217
0.0069742
0.0035727
0.0017096
0.0026387
0.00046409
0.0010864
0.00078925
0.030132
0.0152
0.007468
0.011329
0.0019672
0.0046908
0.0033296
0.00068006
0.0019996
0.00066457
0.00065528
0.00066672
1.6349e-05
0.00066535
0.00033563
0.00016729
0.00025056
3.7102e-05
9.1763e-05
0.13765
0.068919
0.034393
0.051686
0.0086983
0.021536
0.015094
0.0032262
0.0091493
0.0029775
0.10389
0.053461
