70.67
0.025989
0.040426
0.0096827
0.0043007
0.014423
0.01793
0.019753
0.016318
0.013934
0.012913
0.009821
0.0079454
0.0071218
0.0067531
0.0065846
0.0051977
0.0057427
0.0060893
0.006264
0.0050082
0.0056727
0.0060548
0.0062461
0.0049997
0.0056664
0.0060525
0.0062449
0.004999
0.005666
0.0060524
0.0062448
0.004999
0.005666
0.0060524
0.0062448
0.004999
0.005666
0.0060524
0.0062448
0.004999
0.005666
0.0060524
0.0062448
0.004999
0.005666
0.0060524
0.0062448
0.004999
0.005666
0.0060524
0.0062448
0.004999
0.005666
0.0060524
0.0062448
0.004999
0.005666
0.0060524
0.0062448
0.004999
0.005666
0.0060524
0.0062448
0.004999
0.005666
0.0060524
0.0062448
0.004999
0.005666
0.0060524
0.0062448
0.004999
0.005666
0.0060524
0.0062448
0.004999
0.005666
0.0060524
0.0062448
0.004999
0.005666
0.0060524
0.0062448
0.004999
0.005666
0.0060524
0.0062448
0.004999
0.005666
0.0060524
0.0062448
0.004999
0.005666
0.0060524
0.0062448
0.004999
0.005666
0.0060524
0.0062448
0.004999
0.005666
0.0060524
0.0062448
0.004999
0.005666
0.0060524
0.0062448
0.004999
0.005666
0.0060524
0.0062448
0.004999
0.005666
0.0060524
0.0062448
0.004999
0.005666
0.0060524
0.0062448
0.004999
0.005666
0.0060524
0.0062448
0.004999
0.005666
0.0060524
0.0062448
0.004999
0.005666
0.0060524
0.0062448
0.004999
0.005666
0.0060524
0.0062448
0.004999
0.005666
0.0060524
0.0062448
0.004999
0.005666
0.0060524
0.0062448
0.004999
0.005666
0.0060524
0.0062448
0.004999
0.005666
0.0060524
0.0062448
0.004999
0.005666
0.0060524
0.0062448
0.004999
0.005666
0.0060524
0.0062448
0.004999
0.005666
0.0060524
0.0062448
0.004999
0.005666
0.0060524
0.0062448
0.004999
0.005666
0.0060524
0.0062448
0.004999
0.005666
0.0060524
0.0062448
0.004999
0.005666
0.0060524
0.0062448
0.004999
0.005666
0.0060524
0.0062448
0.004999
0.005666
0.0060524
0.0062448
0.004999
0.005666
0.0060524
0.0062448
0.004999
0.005666
0.0060524
0.0062448
0.004999
0.005666
0.0060524
0.0062448
