1,1,1,-0.0049872,0,0,0,-0.0049872,-0.0049872,-0.0049872
1,1,-0.5025,2.0252e-05,0,0,0,-1.005,2.0252e-05,0.0030557
1,1,1e-05,1.1604e-05,0,0,0,-0.25124,1.1604e-05,0.00076345
1,1,1.0662e-06,5.8026e-06,0,0,0,-0.12563,5.8026e-06,0.00038174
1,1,5.9169e-07,2.9011e-06,0,0,0,-0.062814,2.9011e-06,0.00019086
1,1,-1.424e-06,1.4505e-06,0,0,0,-0.031407,1.4505e-06,9.5433e-05
1,1,-9.7111e-07,7.2527e-07,0,0,0,-0.015703,7.2527e-07,4.7715e-05
1,1,-8.379e-07,7.252e-07,0,0,0,-0.0078508,3.626e-07,2.3854e-05
1,1,-1.1202e-06,3.6265e-07,0,0,0,-0.003925,5.4367e-11,1.1932e-05
1,1,-1.1312e-06,1.814e-07,0,0,0,-0.0019619,-9.0597e-08,5.967e-06
1,1,0.0009804,1.8135e-07,0,0,0,-0.0009804,-9.0655e-08,2.9831e-06
1,1,-0.00098061,9.0686e-08,0,0,0,-0.0019608,-1.8131e-07,5.9661e-06
1,1,0.00024398,2.1535e-07,0,0,0,-0.00024502,-5.6652e-08,7.466e-07
1,1,-0.00024465,2.2708e-08,0,0,0,-0.000489,-2.4929e-07,1.4941e-06
1,1,0.00018231,2.0685e-07,0,0,0,-0.49615,0.079487,0.97982
1,1,0.49907,-0.0497,0,0,0,-0.24667,0.054637,0.97982
1,1,0.49907,-0.0497,0,0,0,-0.12196,0.042212,0.97982
1,1,0.24965,-0.024851,0,0,0,-0.18432,0.048424,0.97982
1,1,0.12494,-0.012425,0,0,0,-0.27785,0.057743,0.97982
1,1,0.19508,-0.019414,0,0,0,-0.28564,0.05852,0.97982
1,1,0.28082,-0.027957,0,0,0,-0.24666,0.054637,0.97982
1,1,0.28861,-0.028734,0,0,0,-0.22327,0.052307,0.97982
1,1,0.24963,-0.02485,0,0,0,-0.85624,0.04626,0.9923
1,1,0.85145,-0.015349,0,0,0,-0.55923,0.051399,0.99124
1,1,0.85927,-0.01611,0,0,0,-0.40682,0.053588,0.99071
1,1,0.56224,-0.021258,0,0,0,-0.47913,0.052108,0.99097
1,1,0.40983,-0.023458,0,0,0,-0.59149,0.050268,0.99137
1,1,0.48215,-0.02198,0,0,0,-0.92214,0.043688,0.99231
1,1,0.90513,-0.013727,0,0,0,-0.72066,0.047724,0.99157
1,1,0.92519,-0.013535,0,0,0,-0.60991,0.049838,0.99117
1,1,0.72367,-0.017575,0,0,0,-0.65529,0.048875,0.99134
1,1,0.61292,-0.019697,0,0,0,-0.73336,0.047333,0.99162
1,1,0.65831,-0.018737,0,0,0,-0.7497,0.047042,0.99168
1,1,0.73638,-0.017192,0,0,0,-0.71884,0.047669,0.99157
1,1,0.75274,-0.016897,0,0,0,-0.69524,0.04813,0.99148
1,1,0.72186,-0.017525,0,0,0,-0.69888,0.048046,0.99149
1,1,0.69825,-0.017987,0,0,0,-0.71251,0.047773,0.99154
1,1,0.7019,-0.017904,0,0,0,-0.7175,0.047678,0.99156
1,1,0.71553,-0.017631,0,0,0,-0.71318,0.047767,0.99154
1,1,0.72516,-0.017443,0,0,0,-0.70388,0.047952,0.99151
1,1,0.71611,-0.017625,0,0,0,-0.7038,0.047953,0.99151
1,1,0.7069,-0.01781,0,0,0,-0.70836,0.047861,0.99153
1,1,0.70681,-0.01781,0,0,0,-0.9873,0.036473,0.99654
1,1,0.98798,-0.0062419,0,0,0,-0.84786,0.042234,0.99594
1,1,0.99031,-0.0090955,0,0,0,-0.91641,0.039381,0.99624
1,1,0.99031,-0.0090939,0,0,0,-0.95185,0.039382,0.99634
1,1,0.99033,-0.0090927,0,0,0,-0.96957,0.039383,0.9964
1,1,0.99032,-0.0090919,0,0,0,-0.97843,0.039384,0.99642
1,1,0.99032,-0.0090924,0,0,0,-0.98286,0.039384,0.99644
1,1,0.99034,-0.0090924,0,0,0,-0.98508,0.039384,0.99644
1,1,0.99036,-0.0090923,0,0,0,-0.98619,0.039384,0.99645
1,1,0.99038,-0.0090921,0,0,0,-0.98676,0.039384,0.99645
1,1,0.99038,-0.006181,0,0,0,-0.98706,0.039384,0.99645
1,1,0.99039,-0.0076358,0,0,0,-0.98696,0.04084,0.99641
1,1,0.99014,-0.0090919,0,0,0,-0.98711,0.039384,0.99645
1,1,0.9901,-0.0090918,0,0,0,-0.98716,0.039384,0.99645
1,1,0.99014,-0.0090919,0,0,0,-0.96205,0.032894,0.99872
1,1,0.96504,-0.0058134,0,0,0,-0.97458,0.036173,0.99866
1,1,0.96504,-0.0058139,0,0,0,-0.96829,0.036172,0.99864
1,1,0.96503,-0.0058138,0,0,0,-0.96515,0.036172,0.99863
1,1,0.96504,-0.0058138,0,0,0,-0.96357,0.036172,0.99863
1,1,0.96503,-0.0058138,0,0,0,-0.96279,0.036172,0.99862
1,1,0.96504,-0.0058139,0,0,0,-0.96239,0.036172,0.99862
1,1,0.96482,-0.0025355,0,0,0,-0.9624,0.03945,0.99852
1,1,0.96503,-0.0058139,0,0,0,-0.96209,0.036172,0.99862
1,1,0.96498,-0.0025359,0,0,0,-0.9621,0.03945,0.99852
1,1,0.96504,-0.0058139,0,0,0,-0.96202,0.036172,0.99862
1,1,0.965,-0.0025341,0,0,0,-0.96203,0.039452,0.99852
1,1,0.96501,-0.0025368,0,0,0,-0.962,0.036171,0.99862
1,1,0.96502,-0.0041746,0,0,0,-0.96199,0.034533,0.99867
1,1,0.96508,-0.00090237,0,0,0,-0.96198,0.036166,0.99862
1,1,0.96503,-0.0029403,0,0,0,-0.962,0.033308,0.99871
1,1,0.96505,-0.0025349,0,0,0,-0.962,0.033713,0.9987
1,1,0.96502,-0.0031481,0,0,0,-0.962,0.0331,0.99871
1,1,0.96502,-0.0029437,0,0,0,-0.96199,0.033304,0.99871
1,1,0.96505,-0.0025344,0,0,0,-0.96199,0.033714,0.9987
1,1,0.96503,-0.0031482,0,0,0,-0.962,0.0331,0.99871
1,1,0.96502,-0.0029438,0,0,0,-0.96199,0.033304,0.99871
1,1,0.96505,-0.0025344,0,0,0,-0.96199,0.033714,0.9987
1,1,0.96503,-0.0031482,0,0,0,-0.962,0.0331,0.99871
1,1,0.96502,-0.0029438,0,0,0,-0.96199,0.033304,0.99871
1,1,0.96505,-0.0025344,0,0,0,-0.96199,0.033714,0.9987
1,1,0.96503,-0.0031482,0,0,0,-0.962,0.0331,0.99871
1,1,0.96502,-0.0029438,0,0,0,-0.96199,0.033304,0.99871
1,1,0.96505,-0.0025344,0,0,0,-0.96199,0.033714,0.9987
1,1,0.96503,-0.0031482,0,0,0,-0.962,0.0331,0.99871
1,1,0.96502,-0.0029438,0,0,0,-0.96199,0.033304,0.99871
1,1,0.96505,-0.0025344,0,0,0,-0.96199,0.033714,0.9987
1,1,0.96503,-0.0031482,0,0,0,-0.962,0.0331,0.99871
1,1,0.96502,-0.0029438,0,0,0,-0.99762,0.033271,0.99979
1,1,0.99999,-0.0029113,0,0,0,-0.97979,0.033304,0.99973
1,1,0.99999,-0.0029114,0,0,0,-0.98838,0.033304,0.99976
1,1,0.99999,-0.00291,0,0,0,-0.99265,0.033305,0.99977
1,1,0.99999,-0.0029114,0,0,0,-0.98984,0.033748,0.99975
1,1,0.99605,-0.003244,0,0,0,-0.99303,0.033415,0.99977
1,1,0.9957,-0.002912,0,0,0,-0.99339,0.033747,0.99976
1,1,0.99606,-0.0031331,0,0,0,-0.99339,0.033747,0.99976
1,1,0.99642,-0.0032436,0,0,0,-0.99321,0.033636,0.99976
1,1,0.99643,-0.0032435,0,0,0,-0.99329,0.033637,0.99976
1,1,0.99643,-0.0032439,0,0,0,-0.99334,0.033636,0.99976
1,1,0.99642,-0.0032436,0,0,0,-0.99337,0.033636,0.99976
1,1,0.99644,-0.0033539,0,0,0,-0.99336,0.033526,0.99977
1,1,0.99643,-0.0032434,0,0,0,-0.99338,0.033637,0.99976
1,1,0.99643,-0.0032439,0,0,0,-0.99338,0.033636,0.99976
1,1,0.99642,-0.0032436,0,0,0,-0.99339,0.033636,0.99976
1,1,0.99643,-0.0032434,0,0,0,-0.99338,0.033637,0.99976
1,1,0.99642,-0.0032439,0,0,0,-0.99339,0.033636,0.99976
1,1,0.99643,-0.0032436,0,0,0,-0.99338,0.033636,0.99976
1,1,0.99642,-0.0032434,0,0,0,-0.99339,0.033637,0.99976
1,1,0.99643,-0.0032439,0,0,0,-0.99338,0.033636,0.99976
1,1,0.99642,-0.0032436,0,0,0,-0.99339,0.033636,0.99976
1,1,0.99642,-0.0032434,0,0,0,-0.99339,0.033637,0.99976
1,1,0.99643,-0.0032439,0,0,0,-0.99338,0.033636,0.99976
1,1,0.99642,-0.0032436,0,0,0,-0.99339,0.033636,0.99976
1,1,0.99643,-0.0032434,0,0,0,-0.99338,0.033637,0.99976
1,1,0.99642,-0.0032439,0,0,0,-0.99339,0.033636,0.99976
1,1,0.99643,-0.0032436,0,0,0,-0.99338,0.033636,0.99976
1,1,0.99642,-0.0032434,0,0,0,-0.99339,0.033637,0.99976
1,1,0.99643,-0.0032438,0,0,0,-0.96322,0.050909,1.0026
1,1,0.96628,-0.020531,0,0,0,-0.99337,0.033622,1.0032
1,1,0.98135,-0.011833,0,0,0,-0.9783,0.04232,1.0029
1,1,0.98135,-0.011832,0,0,0,-0.9783,0.042321,1.0029
1,1,0.98135,-0.011832,0,0,0,-0.9783,0.042321,1.0029
1,1,0.98135,-0.011833,0,0,0,-0.9783,0.04232,1.0029
1,1,0.98135,-0.011832,0,0,0,-0.9783,0.042321,1.0029
1,1,0.98135,-0.011832,0,0,0,-0.9783,0.042321,1.0029
1,1,0.98135,-0.011833,0,0,0,-0.97831,0.04232,1.0029
1,1,0.98135,-0.011832,0,0,0,-0.97831,0.042321,1.0029
1,1,0.98136,-0.011833,0,0,0,-0.97831,0.04232,1.0029
1,1,0.98137,-0.011832,0,0,0,-0.97831,0.042321,1.0029
1,1,0.98136,-0.011833,0,0,0,-0.97832,0.04232,1.0029
1,1,0.98136,-0.011832,0,0,0,-0.97832,0.042321,1.0029
1,1,0.98137,-0.011832,0,0,0,-0.97831,0.042321,1.0029
1,1,0.98136,-0.011833,0,0,0,-0.97832,0.04232,1.0029
1,1,0.98137,-0.011832,0,0,0,-0.97832,0.042321,1.0029
1,1,0.98138,-0.011833,0,0,0,-0.97832,0.04232,1.0029
1,1,0.98137,-0.011832,0,0,0,-0.97833,0.042321,1.0029
1,1,0.98138,-0.011832,0,0,0,-0.97833,0.042321,1.0029
1,1,0.98139,-0.011833,0,0,0,-0.97833,0.04232,1.0029
1,1,0.98138,-0.011832,0,0,0,-0.97834,0.042321,1.0029
1,1,0.98138,-0.011833,0,0,0,-0.97834,0.04232,1.0029
1,1,0.98139,-0.011832,0,0,0,-0.97833,0.042321,1.0029
1,1,0.98138,-0.011833,0,0,0,-0.97834,0.04232,1.0029
1,1,0.98139,-0.011832,0,0,0,-0.97834,0.042321,1.0029
1,1,0.9814,-0.011832,0,0,0,-0.97168,0.057,1.0031
1,1,0.97474,-0.026499,0,0,0,-0.97834,0.042333,1.0035
1,1,0.97803,-0.019167,0,0,0,-0.97502,0.049665,1.0033
1,1,0.97804,-0.019165,0,0,0,-0.97498,0.049667,1.0033
1,1,0.97802,-0.019166,0,0,0,-0.97497,0.049666,1.0033
1,1,0.97804,-0.019166,0,0,0,-1.0248,0.0572,1.0031
1,1,1,-0.026704,0,0,0,-0.97497,0.049662,1.0031
1,1,1,-0.02294,0,0,0,-0.97202,0.053426,1.003
1,1,0.9883,-0.022937,0,0,0,-0.98375,0.053429,1.003
1,1,0.98757,-0.022937,0,0,0,-0.98451,0.053429,1.003
1,1,0.98757,-0.022937,0,0,0,-0.98453,0.053429,1.003
1,1,0.98758,-0.022938,0,0,0,-1.0049,0.05758,1.0033
1,1,1,-0.027079,0,0,0,-0.98453,0.053439,1.0033
1,1,0.99776,-0.025012,0,0,0,-0.98677,0.055506,1.0033
1,1,0.99379,-0.025008,0,0,0,-0.99074,0.05551,1.0033
1,1,0.99379,-0.025009,0,0,0,-0.99074,0.055509,1.0033
1,1,0.99379,-0.025009,0,0,0,-0.99074,0.055509,1.0033
1,1,0.99379,-0.025009,0,0,0,-0.99074,0.055509,1.0033
1,1,0.99379,-0.025009,0,0,0,-0.99074,0.055509,1.0033
1,1,0.99379,-0.025008,0,0,0,-0.99074,0.05551,1.0033
1,1,0.99379,-0.025009,0,0,0,-0.99074,0.055509,1.0033
1,1,0.99379,-0.025009,0,0,0,-0.99074,0.055509,1.0033
1,1,0.99379,-0.025009,0,0,0,-0.99074,0.055509,1.0033
1,1,0.99379,-0.025009,0,0,0,-0.99074,0.055509,1.0033
1,1,0.99379,-0.025009,0,0,0,-0.99074,0.055509,1.0033
1,1,0.99379,-0.025008,0,0,0,-1.0094,0.059268,1.0034
1,1,1,-0.028764,0,0,0,-0.99077,0.055512,1.0034
1,1,1,-0.026887,0,0,0,-0.98761,0.057389,1.0034
1,1,0.9969,-0.026885,0,0,0,-0.9907,0.057391,1.0034
1,1,0.99534,-0.026886,0,0,0,-0.99227,0.05739,1.0034
1,1,0.99533,-0.026887,0,0,0,-0.99229,0.057389,1.0034
1,1,0.99534,-0.026886,0,0,0,-0.99229,0.05739,1.0034
1,1,0.99533,-0.026887,0,0,0,-0.9923,0.057389,1.0034
1,1,0.99534,-0.026886,0,0,0,-0.99229,0.05739,1.0034
1,1,0.99534,-0.026886,0,0,0,-0.99229,0.05739,1.0034
1,1,0.99534,-0.026887,0,0,0,-0.99229,0.057389,1.0034
1,1,0.99534,-0.026886,0,0,0,-0.99229,0.05739,1.0034
1,1,0.99534,-0.026886,0,0,0,-0.99229,0.05739,1.0034
1,1,0.99534,-0.026887,0,0,0,-0.99229,0.057389,1.0034
1,1,0.99534,-0.026886,0,0,0,-0.99229,0.05739,1.0034
1,1,0.99534,-0.026886,0,0,0,-0.99229,0.05739,1.0034
1,1,0.99534,-0.026887,0,0,0,-0.99229,0.057389,1.0034
1,1,0.99534,-0.026886,0,0,0,-0.99229,0.05739,1.0034
1,1,0.99534,-0.026886,0,0,0,-0.99229,0.05739,1.0034
1,1,0.99534,-0.026886,0,0,0,-0.99229,0.05739,1.0034
1,1,0.99534,-0.026887,0,0,0,-0.99229,0.057389,1.0034
1,1,0.99534,-0.026886,0,0,0,-0.99229,0.05739,1.0034
1,1,0.99534,-0.026886,0,0,0,-0.99229,0.05739,1.0034
1,1,0.99534,-0.026887,0,0,0,-0.99229,0.057389,1.0034
1,1,0.99534,-0.026886,0,0,0,-0.99229,0.05739,1.0034
1,1,0.99534,-0.026886,0,0,0,-1.0105,0.062838,1.0038
1,1,1,-0.032323,0,0,0,-0.99229,0.057401,1.004
1,1,1,-0.029599,0,0,0,-0.98782,0.060125,1.0039
1,1,0.99765,-0.029604,0,0,0,-0.99017,0.06012,1.0039
1,1,0.99544,-0.029603,0,0,0,-0.99238,0.060121,1.0039
1,1,0.99544,-0.029602,0,0,0,-0.99239,0.060122,1.0039
1,1,0.99543,-0.029603,0,0,0,-0.9924,0.060121,1.0039
1,1,0.99544,-0.029603,0,0,0,-0.99239,0.060121,1.0039
1,1,0.99544,-0.029603,0,0,0,-0.99239,0.060121,1.0039
1,1,0.99544,-0.029602,0,0,0,-1.0047,0.06341,1.004
1,1,1,-0.032886,0,0,0,-0.99238,0.060126,1.004
1,1,1,-0.031248,0,0,0,-0.99079,0.061764,1.004
1,1,0.99772,-0.031244,0,0,0,-0.99307,0.061768,1.004
1,1,0.99693,-0.031245,0,0,0,-0.99387,0.061767,1.004
1,1,0.99692,-0.031245,0,0,0,-0.99388,0.061767,1.004
1,1,0.99693,-0.031246,0,0,0,-0.99387,0.061766,1.004
1,1,0.99692,-0.031245,0,0,0,-0.99388,0.061767,1.004
1,1,0.99693,-0.031245,0,0,0,-0.99387,0.061767,1.004
1,1,0.99692,-0.031245,0,0,0,-0.99388,0.061767,1.004
1,1,0.99693,-0.031245,0,0,0,-0.99387,0.061767,1.004
1,1,0.99693,-0.031246,0,0,0,-0.99603,0.064219,1.0041
1,1,0.99908,-0.033694,0,0,0,-0.99388,0.061771,1.0041
1,1,0.99801,-0.032472,0,0,0,-1.0016,0.06451,1.0041
1,1,1,-0.033985,0,0,0,-0.9852,0.063757,1.0042
1,1,0.99158,-0.033986,0,0,0,-0.99362,0.063756,1.0042
1,1,0.99412,-0.033607,0,0,0,-0.99107,0.064135,1.0042
1,1,0.99413,-0.033608,0,0,0,-0.99107,0.064134,1.0042
1,1,0.99411,-0.033607,0,0,0,-0.99108,0.064135,1.0042
1,1,0.99411,-0.033607,0,0,0,-0.99107,0.064135,1.0042
1,1,0.99412,-0.033607,0,0,0,-0.99106,0.064135,1.0042
1,1,0.99412,-0.033607,0,0,0,-0.99106,0.064135,1.0042
1,1,0.99411,-0.033608,0,0,0,-0.99106,0.064134,1.0042
1,1,0.99412,-0.033607,0,0,0,-0.99107,0.064135,1.0042
1,1,0.99412,-0.033606,0,0,0,-0.99108,0.064136,1.0042
1,1,0.99414,-0.033608,0,0,0,-0.99107,0.064134,1.0042
1,1,0.99413,-0.033607,0,0,0,-0.99109,0.064135,1.0042
1,1,0.99415,-0.033607,0,0,0,-0.99108,0.064135,1.0042
1,1,0.99414,-0.033607,0,0,0,-0.9911,0.064135,1.0042
1,1,0.99415,-0.033607,0,0,0,-0.9911,0.064135,1.0042
1,1,0.99415,-0.033607,0,0,0,-0.9911,0.064135,1.0042
1,1,0.99416,-0.033608,0,0,0,-0.9911,0.064134,1.0042
1,1,0.99416,-0.033607,0,0,0,-0.99111,0.064135,1.0042
1,1,0.99416,-0.033607,0,0,0,-0.99112,0.064135,1.0042
1,1,0.99418,-0.033607,0,0,0,-0.99111,0.064135,1.0042
1,1,0.99417,-0.033607,0,0,0,-0.99113,0.064135,1.0042
1,1,0.99419,-0.033607,0,0,0,-0.99112,0.064135,1.0042
1,1,0.99418,-0.033608,0,0,0,-0.99114,0.064134,1.0042
1,1,0.9942,-0.033607,0,0,0,-0.99113,0.064135,1.0042
1,1,0.99419,-0.033607,0,0,0,-0.99115,0.064135,1.0042
1,1,0.9942,-0.033607,0,0,0,-0.99115,0.064135,1.0042
1,1,0.9942,-0.033607,0,0,0,-0.99115,0.064135,1.0042
1,1,0.99421,-0.033607,0,0,0,-0.99115,0.064135,1.0042
1,1,0.99421,-0.033608,0,0,0,-0.99116,0.064134,1.0042
1,1,0.99421,-0.033607,0,0,0,-0.99116,0.064135,1.0042
1,1,0.99421,-0.033607,0,0,0,-0.99116,0.064135,1.0042
1,1,0.99422,-0.033607,0,0,0,-0.99116,0.064135,1.0042
1,1,0.99422,-0.033607,0,0,0,-0.99117,0.064135,1.0042
1,1,0.99422,-0.033607,0,0,0,-0.99117,0.064135,1.0042
1,1,0.99422,-0.033607,0,0,0,-0.99117,0.064135,1.0042
1,1,0.99423,-0.033608,0,0,0,-0.99117,0.064134,1.0042
1,1,0.99423,-0.033607,0,0,0,-0.99118,0.064135,1.0042
1,1,0.99423,-0.033607,0,0,0,-0.99118,0.064135,1.0042
1,1,0.99424,-0.033607,0,0,0,-0.99118,0.064135,1.0042
1,1,0.99424,-0.033607,0,0,0,-0.99119,0.064135,1.0042
1,1,0.99424,-0.033607,0,0,0,-0.99119,0.064135,1.0042
1,1,0.99424,-0.033608,0,0,0,-0.99119,0.064134,1.0042
1,1,0.99425,-0.033607,0,0,0,-0.99119,0.064135,1.0042
1,1,0.99425,-0.033607,0,0,0,-0.9912,0.064135,1.0042
1,1,0.99425,-0.033607,0,0,0,-0.9912,0.064135,1.0042
1,1,0.99425,-0.033607,0,0,0,-0.9912,0.064135,1.0042
1,1,0.99426,-0.033607,0,0,0,-0.99562,0.066547,1.0044
1,1,0.99868,-0.036013,0,0,0,-0.9912,0.064141,1.0044
1,1,0.99646,-0.034811,0,0,0,-0.99088,0.066546,1.0043
1,1,0.99394,-0.036015,0,0,0,-0.99341,0.065342,1.0043
1,1,0.9952,-0.035413,0,0,0,-0.99215,0.065944,1.0043
1,1,0.9952,-0.035413,0,0,0,-0.99215,0.065944,1.0043
1,1,0.9952,-0.035414,0,0,0,-0.99215,0.065943,1.0043
1,1,0.9952,-0.035413,0,0,0,-0.99215,0.065944,1.0043
1,1,0.9952,-0.035413,0,0,0,-0.99215,0.065944,1.0043
1,1,0.9952,-0.035413,0,0,0,-0.99215,0.065944,1.0043
1,1,0.99521,-0.035413,0,0,0,-0.99214,0.065944,1.0043
1,1,0.9952,-0.035413,0,0,0,-0.99215,0.065944,1.0043
1,1,0.9952,-0.035413,0,0,0,-0.99215,0.065944,1.0043
1,1,0.9952,-0.035414,0,0,0,-0.99215,0.065943,1.0043
1,1,0.9952,-0.035413,0,0,0,-0.99215,0.065944,1.0043
1,1,0.9952,-0.035413,0,0,0,-0.99215,0.065944,1.0043
1,1,0.9952,-0.035413,0,0,0,-0.99214,0.065944,1.0043
1,1,0.9952,-0.035413,0,0,0,-0.99214,0.065944,1.0043
1,1,0.9952,-0.035413,0,0,0,-1.005,0.066413,1.0043
1,1,1,-0.035883,0,0,0,-0.99215,0.065943,1.0043
1,1,1,-0.035648,0,0,0,-0.9906,0.066178,1.0043
1,1,0.99769,-0.035646,0,0,0,-0.99292,0.06618,1.0043
1,1,0.99683,-0.035648,0,0,0,-0.99378,0.066178,1.0043
1,1,0.99684,-0.035648,0,0,0,-0.99378,0.066178,1.0043
1,1,0.99683,-0.035647,0,0,0,-0.99379,0.066179,1.0043
1,1,0.99684,-0.035648,0,0,0,-0.99378,0.066178,1.0043
1,1,0.99683,-0.035648,0,0,0,-0.99379,0.066178,1.0043
1,1,0.99684,-0.035647,0,0,0,-0.99378,0.066179,1.0043
1,1,0.99684,-0.035648,0,0,0,-0.98085,0.066194,1.0044
1,1,0.9839,-0.03566,0,0,0,-0.99379,0.066182,1.0044
1,1,0.99037,-0.035654,0,0,0,-0.98732,0.066188,1.0044
1,1,0.99037,-0.035654,0,0,0,-0.98732,0.066188,1.0044
1,1,0.99037,-0.035654,0,0,0,-0.98732,0.066188,1.0044
1,1,0.99037,-0.035654,0,0,0,-0.98731,0.066188,1.0044
1,1,0.99037,-0.035655,0,0,0,-0.98731,0.066187,1.0044
1,1,0.99037,-0.035654,0,0,0,-0.98731,0.066188,1.0044
1,1,0.99037,-0.035654,0,0,0,-0.98731,0.066188,1.0044
1,1,0.99036,-0.035655,0,0,0,-0.98732,0.066187,1.0044
1,1,0.99037,-0.035654,0,0,0,-0.98731,0.066188,1.0044
1,1,0.99037,-0.035654,0,0,0,-0.98731,0.066188,1.0044
1,1,0.99036,-0.035654,0,0,0,-0.98732,0.066188,1.0044
1,1,0.99037,-0.035654,0,0,0,-0.98731,0.066188,1.0044
1,1,0.99037,-0.035654,0,0,0,-0.98731,0.066188,1.0044
1,1,0.99036,-0.035654,0,0,0,-0.98732,0.066188,1.0044
1,1,0.99037,-0.035654,0,0,0,-0.98731,0.066188,1.0044
1,1,0.99037,-0.035654,0,0,0,-0.98731,0.066188,1.0044
1,1,0.99036,-0.035655,0,0,0,-0.98732,0.066187,1.0044
1,1,0.99037,-0.035654,0,0,0,-0.98731,0.066188,1.0044
1,1,0.99037,-0.035654,0,0,0,-0.98731,0.066188,1.0044
1,1,0.99036,-0.035654,0,0,0,-0.98732,0.066188,1.0044
1,1,0.99037,-0.035654,0,0,0,-0.98731,0.066188,1.0044
1,1,0.99037,-0.035654,0,0,0,-0.98731,0.066188,1.0044
1,1,0.99036,-0.035654,0,0,0,-0.98732,0.066188,1.0044
1,1,0.99037,-0.035654,0,0,0,-0.98731,0.066188,1.0044
1,1,0.99037,-0.035655,0,0,0,-0.98731,0.066187,1.0044
1,1,0.99036,-0.035654,0,0,0,-0.98732,0.066188,1.0044
1,1,0.99037,-0.035654,0,0,0,-0.98731,0.066188,1.0044
1,1,0.99037,-0.035654,0,0,0,-0.98731,0.066188,1.0044
1,1,0.99036,-0.035654,0,0,0,-0.98732,0.066188,1.0044
1,1,0.99037,-0.035654,0,0,0,-0.98731,0.066188,1.0044
1,1,0.99037,-0.035654,0,0,0,-0.98731,0.066188,1.0044
1,1,0.99036,-0.035654,0,0,0,-0.98732,0.066188,1.0044
1,1,0.99037,-0.035655,0,0,0,-0.98731,0.066187,1.0044
1,1,0.99037,-0.035654,0,0,0,-0.98731,0.066188,1.0044
1,1,0.99036,-0.035654,0,0,0,-0.98732,0.066188,1.0044
1,1,0.99037,-0.035654,0,0,0,-0.98731,0.066188,1.0044
1,1,0.99037,-0.035654,0,0,0,-0.98731,0.066188,1.0044
1,1,0.99036,-0.035654,0,0,0,-0.98732,0.066188,1.0044
1,1,0.99037,-0.035654,0,0,0,-0.98731,0.066188,1.0044
1,1,0.99037,-0.035654,0,0,0,-0.98731,0.066188,1.0044
1,1,0.99036,-0.035654,0,0,0,-0.98732,0.066188,1.0044
1,1,0.99037,-0.035655,0,0,0,-0.98731,0.066187,1.0044
1,1,0.99037,-0.035654,0,0,0,-0.98731,0.066188,1.0044
1,1,0.99036,-0.035654,0,0,0,-0.98732,0.066188,1.0044
1,1,0.99037,-0.035654,0,0,0,-0.98731,0.066188,1.0044
1,1,0.99037,-0.035654,0,0,0,-0.98731,0.066188,1.0044
1,1,0.99036,-0.035654,0,0,0,-0.98732,0.066188,1.0044
1,1,0.99037,-0.035654,0,0,0,-1.0196,0.06563,1.0042
1,1,1,-0.035104,0,0,0,-0.98736,0.06618,1.004
1,1,1,-0.035383,0,0,0,-0.9808,0.065901,1.004
1,1,0.9952,-0.035381,0,0,0,-0.9856,0.065903,1.004
1,1,0.99193,-0.035381,0,0,0,-0.98887,0.065903,1.004
1,1,0.99193,-0.035381,0,0,0,-0.99022,0.065594,1.0042
1,1,0.99328,-0.035067,0,0,0,-0.98888,0.065908,1.0042
1,1,0.9926,-0.035224,0,0,0,-0.98955,0.065751,1.0042
1,1,0.9926,-0.035223,0,0,0,-0.98955,0.065752,1.0042
1,1,0.9926,-0.035224,0,0,0,-0.98955,0.065751,1.0042
1,1,0.99261,-0.035223,0,0,0,-0.98955,0.065752,1.0042
1,1,0.9926,-0.035224,0,0,0,-0.98956,0.065751,1.0042
1,1,0.99261,-0.035223,0,0,0,-0.98955,0.065752,1.0042
1,1,0.99261,-0.035224,0,0,0,-0.98955,0.065751,1.0042
1,1,0.9926,-0.035224,0,0,0,-0.98956,0.065751,1.0042
1,1,0.99261,-0.035223,0,0,0,-0.98955,0.065752,1.0042
1,1,0.9926,-0.035224,0,0,0,-0.98956,0.065751,1.0042
1,1,0.99261,-0.035224,0,0,0,-0.98955,0.065751,1.0042
1,1,0.99261,-0.035223,0,0,0,-0.98955,0.065752,1.0042
1,1,0.9926,-0.035224,0,0,0,-0.98956,0.065751,1.0042
1,1,0.99261,-0.035224,0,0,0,-0.98955,0.065751,1.0042
1,1,0.99261,-0.035223,0,0,0,-0.98955,0.065752,1.0042
1,1,0.9926,-0.035224,0,0,0,-0.98956,0.065751,1.0042
1,1,0.99261,-0.035224,0,0,0,-0.98955,0.065751,1.0042
1,1,0.99261,-0.035223,0,0,0,-0.98955,0.065752,1.0042
1,1,0.9926,-0.035224,0,0,0,-0.98956,0.065751,1.0042
1,1,0.99261,-0.035224,0,0,0,-0.98955,0.065751,1.0042
1,1,0.99261,-0.035223,0,0,0,-0.98956,0.065752,1.0042
1,1,0.9926,-0.035224,0,0,0,-0.98957,0.065751,1.0042
1,1,0.99261,-0.035223,0,0,0,-0.98956,0.065752,1.0042
1,1,0.99261,-0.035224,0,0,0,-0.98955,0.065751,1.0042
1,1,0.99261,-0.035224,0,0,0,-0.98955,0.065751,1.0042
1,1,0.99261,-0.035223,0,0,0,-0.98955,0.065752,1.0042
1,1,0.9926,-0.035224,0,0,0,-0.98956,0.065751,1.0042
1,1,0.99261,-0.035224,0,0,0,-0.98955,0.065751,1.0042
1,1,0.99261,-0.035223,0,0,0,-0.98955,0.065752,1.0042
1,1,0.9926,-0.035224,0,0,0,-0.98956,0.065751,1.0042
1,1,0.99261,-0.035224,0,0,0,-0.98955,0.065751,1.0042
1,1,0.99261,-0.035223,0,0,0,-0.98955,0.065752,1.0042
1,1,0.9926,-0.035224,0,0,0,-0.98956,0.065751,1.0042
1,1,0.99261,-0.035224,0,0,0,-0.98955,0.065751,1.0042
1,1,0.99261,-0.035223,0,0,0,-0.98955,0.065752,1.0042
1,1,0.9926,-0.035224,0,0,0,-0.98956,0.065751,1.0042
1,1,0.99261,-0.035224,0,0,0,-0.98955,0.065751,1.0042
1,1,0.9926,-0.035223,0,0,0,-0.98956,0.065752,1.0042
1,1,0.99261,-0.035224,0,0,0,-0.98955,0.065751,1.0042
1,1,0.99261,-0.035224,0,0,0,-0.98955,0.065751,1.0042
1,1,0.9926,-0.035223,0,0,0,-0.98956,0.065752,1.0042
1,1,0.99261,-0.035224,0,0,0,-0.98955,0.065751,1.0042
1,1,0.99261,-0.035224,0,0,0,-0.98955,0.065751,1.0042
1,1,0.9926,-0.035223,0,0,0,-0.98956,0.065752,1.0042
1,1,0.99261,-0.035224,0,0,0,-0.98955,0.065751,1.0042
1,1,0.99261,-0.035224,0,0,0,-0.98955,0.065751,1.0042
1,1,0.9926,-0.035223,0,0,0,-0.98956,0.065752,1.0042
1,1,0.99261,-0.035224,0,0,0,-0.98955,0.065751,1.0042
1,1,0.9926,-0.035224,0,0,0,-0.98956,0.065751,1.0042
1,1,0.99261,-0.035223,0,0,0,-0.98955,0.065752,1.0042
1,1,0.99261,-0.035224,0,0,0,-0.98955,0.065751,1.0042
1,1,0.9926,-0.035224,0,0,0,-0.98956,0.065751,1.0042
1,1,0.99261,-0.035223,0,0,0,-0.98955,0.065752,1.0042
1,1,0.99261,-0.035224,0,0,0,-0.98955,0.065751,1.0042
1,1,0.9926,-0.035224,0,0,0,-0.98956,0.065751,1.0042
1,1,0.99261,-0.035223,0,0,0,-1.0046,0.064834,1.004
1,1,1,-0.034313,0,0,0,-0.98956,0.065744,1.004
1,1,0.99995,-0.034766,0,0,0,-0.98942,0.065291,1.004
1,1,0.99625,-0.034768,0,0,0,-0.99312,0.065289,1.004
1,1,0.99621,-0.034768,0,0,0,-0.99315,0.065289,1.004
1,1,0.99621,-0.034768,0,0,0,-0.99315,0.065289,1.004
1,1,0.99621,-0.034767,0,0,0,-0.99315,0.06529,1.004
1,1,0.9962,-0.034768,0,0,0,-0.99316,0.065289,1.004
1,1,0.99621,-0.034768,0,0,0,-0.99315,0.065289,1.004
1,1,0.9962,-0.034767,0,0,0,-0.99315,0.06529,1.004
1,1,0.99619,-0.034768,0,0,0,-0.99316,0.065289,1.004
1,1,0.9962,-0.034768,0,0,0,-0.99315,0.065289,1.004
1,1,0.9962,-0.034768,0,0,0,-0.99314,0.065289,1.004
1,1,0.9962,-0.034767,0,0,0,-0.99314,0.06529,1.004
1,1,0.9962,-0.034768,0,0,0,-0.99314,0.065289,1.004
1,1,0.99619,-0.034768,0,0,0,-0.99315,0.065289,1.004
1,1,0.9962,-0.034767,0,0,0,-0.99314,0.06529,1.004
1,1,0.9962,-0.034768,0,0,0,-1.0212,0.064506,1.004
1,1,1,-0.033986,0,0,0,-0.99318,0.065288,1.0038
1,1,1,-0.034383,0,0,0,-0.97079,0.064891,1.0037
1,1,0.9981,-0.034381,0,0,0,-0.97267,0.064893,1.0037
1,1,0.98693,-0.03438,0,0,0,-0.98386,0.064894,1.0037
1,1,0.98693,-0.034382,0,0,0,-0.98388,0.064892,1.0037
1,1,0.98695,-0.034381,0,0,0,-0.98389,0.064893,1.0037
1,1,0.98697,-0.03438,0,0,0,-0.98391,0.064894,1.0037
1,1,0.98698,-0.034381,0,0,0,-0.98393,0.064893,1.0037
1,1,0.98698,-0.034381,0,0,0,-0.98397,0.064893,1.0037
1,1,0.98703,-0.03438,0,0,0,-0.98397,0.064894,1.0037
1,1,0.98705,-0.034381,0,0,0,-0.98399,0.064893,1.0037
1,1,0.98707,-0.034381,0,0,0,-0.98402,0.064893,1.0037
1,1,0.98703,-0.03438,0,0,0,-0.98407,0.064894,1.0037
1,1,0.98712,-0.034381,0,0,0,-0.98402,0.064893,1.0037
1,1,0.98712,-0.034381,0,0,0,-0.98407,0.064893,1.0037
1,1,0.98708,-0.03438,0,0,0,-0.98412,0.064894,1.0037
1,1,0.98717,-0.034381,0,0,0,-0.98407,0.064893,1.0037
1,1,0.98717,-0.034381,0,0,0,-0.98412,0.064893,1.0037
1,1,0.98712,-0.03438,0,0,0,-0.98418,0.064894,1.0037
1,1,0.98722,-0.034381,0,0,0,-0.98412,0.064893,1.0037
1,1,0.98722,-0.034381,0,0,0,-0.98416,0.064893,1.0037
1,1,0.98724,-0.03438,0,0,0,-0.98419,0.064894,1.0037
1,1,0.98719,-0.034381,0,0,0,-0.98425,0.064893,1.0037
1,1,0.98729,-0.034381,0,0,0,-0.98419,0.064893,1.0037
1,1,0.98729,-0.034381,0,0,0,-0.98423,0.064893,1.0037
1,1,0.9873,-0.034381,0,0,0,-0.98426,0.064893,1.0037
1,1,0.98733,-0.03438,0,0,0,-0.98427,0.064894,1.0037
1,1,0.98734,-0.034381,0,0,0,-0.9843,0.064893,1.0037
1,1,0.98737,-0.034381,0,0,0,-0.99941,0.064198,1.0041
1,1,1,-0.033675,0,0,0,-0.98434,0.064904,1.0041
1,1,0.99432,-0.034026,0,0,0,-0.99003,0.064553,1.0041
1,1,0.9937,-0.034027,0,0,0,-0.99065,0.064552,1.0041
1,1,0.9937,-0.034027,0,0,0,-0.99065,0.064552,1.0041
1,1,0.9937,-0.034028,0,0,0,-0.99065,0.064551,1.0041
1,1,0.99371,-0.034027,0,0,0,-0.99065,0.064552,1.0041
1,1,0.99371,-0.034027,0,0,0,-0.99065,0.064552,1.0041
1,1,0.99371,-0.034027,0,0,0,-0.99066,0.064552,1.0041
1,1,0.99371,-0.034027,0,0,0,-0.99067,0.064552,1.0041
1,1,0.99372,-0.034028,0,0,0,-0.99067,0.064551,1.0041
1,1,0.99373,-0.034027,0,0,0,-0.99068,0.064552,1.0041
1,1,0.99374,-0.034027,0,0,0,-0.99069,0.064552,1.0041
1,1,0.99375,-0.034027,0,0,0,-0.99069,0.064552,1.0041
1,1,0.99375,-0.034027,0,0,0,-0.9907,0.064552,1.0041
1,1,0.99376,-0.034028,0,0,0,-0.99071,0.064551,1.0041
1,1,0.99377,-0.034027,0,0,0,-0.99072,0.064552,1.0041
1,1,0.99378,-0.034027,0,0,0,-0.99072,0.064552,1.0041
1,1,0.99378,-0.034027,0,0,0,-0.99073,0.064552,1.0041
1,1,0.99379,-0.034027,0,0,0,-0.99074,0.064552,1.0041
1,1,0.9938,-0.034027,0,0,0,-0.99075,0.064552,1.0041
1,1,0.99381,-0.034028,0,0,0,-0.99075,0.064551,1.0041
1,1,0.99381,-0.034027,0,0,0,-0.99076,0.064552,1.0041
1,1,0.99381,-0.034027,0,0,0,-0.99077,0.064552,1.0041
1,1,0.99383,-0.034027,0,0,0,-0.99076,0.064552,1.0041
1,1,0.99382,-0.034027,0,0,0,-0.99078,0.064552,1.0041
1,1,0.99384,-0.034028,0,0,0,-0.99077,0.064551,1.0041
1,1,0.99383,-0.034027,0,0,0,-0.99079,0.064552,1.0041
1,1,0.99385,-0.034027,0,0,0,-1.0052,0.063991,1.0042
1,1,1,-0.033464,0,0,0,-0.9908,0.064554,1.0042
1,1,1,-0.033744,0,0,0,-0.98975,0.064274,1.0042
1,1,0.99693,-0.033745,0,0,0,-0.99283,0.064273,1.0042
1,1,0.99641,-0.033745,0,0,0,-0.99335,0.064273,1.0042
1,1,0.9964,-0.033745,0,0,0,-0.99335,0.064273,1.0042
1,1,0.9964,-0.033746,0,0,0,-0.99335,0.064272,1.0042
1,1,0.9964,-0.033745,0,0,0,-0.99335,0.064273,1.0042
1,1,0.9964,-0.033745,0,0,0,-0.99335,0.064273,1.0042
1,1,0.9964,-0.033745,0,0,0,-0.99335,0.064273,1.0042
1,1,0.9964,-0.033745,0,0,0,-0.99335,0.064273,1.0042
1,1,0.9964,-0.033745,0,0,0,-0.99335,0.064273,1.0042
1,1,0.9964,-0.033746,0,0,0,-0.99334,0.064272,1.0042
1,1,0.9964,-0.033745,0,0,0,-0.99334,0.064273,1.0042
1,1,0.9964,-0.033745,0,0,0,-0.98838,0.063892,1.0042
1,1,0.99143,-0.033364,0,0,0,-0.99334,0.064273,1.0042
1,1,0.99391,-0.033555,0,0,0,-1.0119,0.063866,1.0042
1,1,1,-0.033339,0,0,0,-0.99087,0.064082,1.0042
1,1,1,-0.033446,0,0,0,-0.98639,0.063975,1.0042
1,1,0.99692,-0.033446,0,0,0,-0.98946,0.063975,1.0042
1,1,0.99474,-0.033447,0,0,0,-0.99166,0.063974,1.0042
1,1,0.99473,-0.033447,0,0,0,-0.99168,0.063974,1.0042
1,1,0.9947,-0.033446,0,0,0,-0.99171,0.063975,1.0042
