1.005,1,0.5025,2.3426e-05,0.0050011,0.0050011,0.0050011,-0.50249,2.3426e-05,0.0015412
1,1,0.25125,1.1604e-05,-1.1007e-06,-1.1007e-06,-1.1007e-06,-0.25125,1.1604e-05,0.00076344
1,1,0.12563,5.8023e-06,-1.9763e-09,-1.9763e-09,-1.9763e-09,-0.12562,5.8023e-06,0.00038173
1,1,0.062816,2.9012e-06,-8.4971e-13,-8.4971e-13,-8.4971e-13,-0.062815,2.9012e-06,0.00019087
1,1,0.031407,1.4505e-06,-2.5674e-16,-2.5674e-16,-2.5674e-16,-0.031407,1.4505e-06,9.5429e-05
1,1,0.015703,7.2525e-07,-6.6552e-20,-6.6552e-20,-6.6552e-20,-0.015703,7.2525e-07,4.7714e-05
1,1,0.0078511,3.626e-07,-1.6541e-23,-1.6541e-23,-1.6541e-23,-0.007851,3.626e-07,2.3855e-05
1,1,0.003925,3.6266e-07,-4.0524e-27,-4.0524e-27,-4.0524e-27,-0.003925,5.8109e-11,1.1931e-05
1,1,0.0019619,2.72e-07,-9.8892e-31,-9.8892e-31,-9.8892e-31,-0.0019619,-9.0596e-08,5.9672e-06
1,1,0.00098039,1.8134e-07,-2.4107e-34,-2.4107e-34,-2.4107e-34,-0.00098038,-9.0654e-08,2.9832e-06
1,1,0.0009804,1.8135e-07,-5.875e-38,-5.875e-38,-5.875e-38,-0.0009804,-9.0659e-08,2.9832e-06
1,1,0.0004901,1.5869e-07,-2.8637e-41,-2.8637e-41,-2.8637e-41,-0.00049009,-1.133e-07,1.4932e-06
1,1,0.0002445,1.4736e-07,-1.6606e-45,-1.6606e-45,-1.6606e-45,-0.0002445,-1.2465e-07,7.4706e-07
1,1,0.00012218,1.417e-07,-8.0945e-49,-8.0945e-49,-8.0945e-49,-0.00012217,-1.3029e-07,3.7535e-07
1,1,0.24966,-0.02485,-4.6805e-53,-4.6805e-53,-4.6805e-53,-0.24668,0.054637,0.97982
1,1,0.37436,-0.037275,-3.0831e-56,-3.0831e-56,-3.0831e-56,-0.37138,0.067062,0.97982
1,1,0.312,-0.031063,-1.3237e-59,-1.3237e-59,-1.3237e-59,-0.30903,0.060849,0.97982
1,1,0.21847,-0.021744,-6.9718e-63,-6.9718e-63,-6.9718e-63,-0.2155,0.051531,0.97982
1,1,0.20288,-0.020191,-1.8067e-66,-1.8067e-66,-1.8067e-66,-0.19991,0.049977,0.97982
1,1,0.24185,-0.024074,-3.069e-70,-3.069e-70,-3.069e-70,-0.23887,0.05386,0.97982
1,1,0.26523,-0.026404,3.0667e-74,3.0667e-74,3.0667e-74,-0.26225,0.05619,0.97982
1,1,0.25743,-0.025627,-3.0563e-78,-3.0563e-78,-3.0563e-78,-0.25445,0.055414,0.97982
1,1,0.55444,-0.020488,3.0492e-82,3.0492e-82,3.0492e-82,-0.55143,0.050622,0.99124
1,1,0.70685,-0.018299,-3.1561e-86,-3.1561e-86,-3.1561e-86,-0.70383,0.048449,0.99177
1,1,0.63455,-0.019778,3.2082e-90,3.2082e-90,3.2082e-90,-0.63154,0.04992,0.9915
1,1,0.52219,-0.021618,-3.2891e-94,-3.2891e-94,-3.2891e-94,-0.51918,0.051748,0.9911
1,1,0.50217,-0.021799,3.284e-98,3.284e-98,3.284e-98,-0.49915,0.051927,0.99104
1,1,0.70365,-0.017763,-3.3024e-102,-3.3024e-102,-3.3024e-102,-0.70064,0.047905,0.99151
1,1,0.8144,-0.015649,3.3807e-106,3.3807e-106,3.3807e-106,-0.81139,0.045802,0.9919
1,1,0.76906,-0.016612,-3.4043e-110,-3.4043e-110,-3.4043e-110,-0.76604,0.046761,0.99174
1,1,0.69099,-0.018155,3.4532e-114,3.4532e-114,3.4532e-114,-0.68797,0.048295,0.99146
1,1,0.67465,-0.018446,-3.4454e-118,-3.4454e-118,-3.4454e-118,-0.67163,0.048584,0.99139
1,1,0.70551,-0.017819,3.4501e-122,3.4501e-122,3.4501e-122,-0.7025,0.04796,0.99151
1,1,0.72912,-0.017358,-3.4476e-126,-3.4476e-126,-3.4476e-126,-0.7261,0.047503,0.9916
1,1,0.7255,-0.017441,3.4352e-130,3.4352e-130,3.4352e-130,-0.72248,0.047586,0.99158
1,1,0.71188,-0.017714,-3.426e-134,-3.426e-134,-3.426e-134,-0.70886,0.047857,0.99153
1,1,0.70689,-0.017809,3.4139e-138,3.4139e-138,3.4139e-138,-0.70387,0.047951,0.99151
1,1,0.71121,-0.01772,-3.4017e-142,-3.4017e-142,-3.4017e-142,-0.70819,0.047862,0.99153
1,1,0.71586,-0.017628,3.3896e-146,3.3896e-146,3.3896e-146,-0.71285,0.04777,0.99154
1,1,0.71603,-0.017626,-6.7521e-150,-6.7521e-150,-6.7521e-150,-0.71301,0.047769,0.99154
1,1,0.71146,-0.017718,-8.2889e-154,-8.2889e-154,-8.2889e-154,-0.70845,0.04786,0.99153
1,1,0.70914,-0.017764,8.2588e-158,8.2588e-158,8.2588e-158,-0.70612,0.047907,0.99152
1,1,0.84857,-0.012003,-8.2286e-162,-8.2286e-162,-8.2286e-162,-0.84554,0.04228,0.99593
1,1,0.91943,-0.0090952,8.324e-166,8.324e-166,8.324e-166,-0.91641,0.039381,0.99624
1,1,0.95487,-0.0090938,-8.345e-170,-8.345e-170,-8.345e-170,-0.95185,0.039383,0.99635
1,1,0.97259,-0.0090928,8.3283e-174,8.3283e-174,8.3283e-174,-0.96957,0.039383,0.99639
1,1,0.98146,-0.0090922,-8.3011e-178,-8.3011e-178,-8.3011e-178,-0.97844,0.039384,0.99643
1,1,0.98589,-0.0090922,8.2715e-182,8.2715e-182,8.2715e-182,-0.98286,0.039384,0.99643
1,1,0.9881,-0.0090922,-8.2414e-186,-8.2414e-186,-8.2414e-186,-0.98508,0.039384,0.99645
1,1,0.98922,-0.0090923,8.2113e-190,8.2113e-190,8.2113e-190,-0.9862,0.039384,0.99644
1,1,0.98979,-0.0090921,-8.1812e-194,-8.1812e-194,-8.1812e-194,-0.98676,0.039384,0.99645
1,1,0.99008,-0.009092,8.1512e-198,8.1512e-198,8.1512e-198,-0.98706,0.039384,0.99645
1,1,0.99023,-0.0076358,-8.1213e-202,-8.1213e-202,-8.1213e-202,-0.98721,0.037929,0.99649
1,1,0.99019,-0.0090918,8.0916e-206,8.0916e-206,8.0916e-206,-0.98716,0.039384,0.99645
1,1,0.99014,-0.0090919,-4.0366e-210,-4.0366e-210,-4.0366e-210,-0.98711,0.039384,0.99645
1,1,0.99014,-0.0090919,1.1987e-212,1.1987e-212,1.1987e-212,-0.98712,0.039384,0.99645
1,1,0.97761,-0.0058133,-1.1941e-216,-1.1941e-216,-1.1941e-216,-0.97458,0.036173,0.99866
1,1,0.97133,-0.0058139,1.1897e-220,1.1897e-220,1.1897e-220,-0.96829,0.036173,0.99864
1,1,0.96818,-0.0058138,-1.1852e-224,-1.1852e-224,-1.1852e-224,-0.96515,0.036172,0.99863
1,1,0.96661,-0.0058138,1.1806e-228,1.1806e-228,1.1806e-228,-0.96357,0.036172,0.99863
1,1,0.96582,-0.0058138,-1.176e-232,-1.176e-232,-1.176e-232,-0.96279,0.036172,0.99863
1,1,0.96543,-0.0058139,1.1715e-236,1.1715e-236,1.1715e-236,-0.96239,0.036172,0.99862
1,1,0.96523,-0.0058139,-1.167e-240,-1.167e-240,-1.167e-240,-0.9622,0.036172,0.99862
1,1,0.96513,-0.0058137,2.3243e-244,2.3243e-244,2.3243e-244,-0.96209,0.036172,0.99862
1,1,0.96508,-0.0058139,5.6696e-248,5.6696e-248,5.6696e-248,-0.96204,0.036172,0.99862
1,1,0.96506,-0.0058139,2.7635e-251,2.7635e-251,2.7635e-251,-0.96202,0.036172,0.99862
1,1,0.96505,-0.0058139,3.2375e-255,3.2375e-255,3.2375e-255,-0.96201,0.036172,0.99862
1,1,0.96503,-0.005814,7.4916e-259,7.4916e-259,7.4916e-259,-0.962,0.036172,0.99862
1,1,0.96502,-0.0041741,1.5842e-263,1.5842e-263,1.5842e-263,-0.96199,0.034534,0.99867
1,1,0.96502,-0.004174,3.1387e-268,3.1387e-268,3.1387e-268,-0.96199,0.034534,0.99867
1,1,0.96505,-0.003354,1.2145e-272,1.2145e-272,1.2145e-272,-0.96201,0.033714,0.99869
1,1,0.96503,-0.0029438,-7.1635e-277,-7.1635e-277,-7.1635e-277,-0.962,0.033305,0.99871
1,1,0.96504,-0.0029435,-2.7717e-281,-2.7717e-281,-2.7717e-281,-0.96201,0.033304,0.99871
1,1,0.96503,-0.0029438,1.6119e-285,1.6119e-285,1.6119e-285,-0.96199,0.033304,0.9987
1,1,0.96502,-0.0029435,3.1191e-290,3.1191e-290,3.1191e-290,-0.96199,0.033304,0.99871
1,1,0.96504,-0.0029438,1.2069e-294,1.2069e-294,1.2069e-294,-0.962,0.033305,0.99871
1,1,0.96503,-0.0029438,-7.0186e-299,-7.0186e-299,-7.0186e-299,-0.962,0.033304,0.9987
1,1,0.96502,-0.0029435,-1.3582e-303,-1.3582e-303,-1.3582e-303,-0.96199,0.033304,0.99871
1,1,0.96504,-0.0029438,-5.2553e-308,-5.2553e-308,-5.2553e-308,-0.962,0.033305,0.99871
1,1,0.96503,-0.0029438,3.0561e-312,3.0561e-312,3.0561e-312,-0.962,0.033304,0.9987
1,1,0.96502,-0.0029435,5.9096e-317,5.9096e-317,5.9096e-317,-0.96199,0.033304,0.99871
1,1,0.96504,-0.0029438,2.4456e-321,2.4456e-321,2.4456e-321,-0.962,0.033305,0.99871
1,1,0.96503,-0.0029438,0,0,0,-0.962,0.033304,0.9987
1,1,0.96502,-0.0029435,0,0,0,-0.96199,0.033304,0.99871
1,1,0.96504,-0.0029438,0,0,0,-0.962,0.033305,0.99871
1,1,0.96503,-0.0029438,0,0,0,-0.962,0.033304,0.9987
1,1,0.96502,-0.0029435,0,0,0,-0.96199,0.033304,0.99871
1,1,0.96504,-0.0029438,0,0,0,-0.962,0.033305,0.99871
1,1,0.96503,-0.0029438,0,0,0,-0.962,0.033304,0.9987
1,1,0.98284,-0.0029114,0,0,0,-0.9798,0.033303,0.99973
1,1,0.99141,-0.0029114,0,0,0,-0.98837,0.033304,0.99976
1,1,0.9957,-0.0029112,0,0,0,-0.99267,0.033304,0.99977
1,1,0.99784,-0.0029109,0,0,0,-0.9948,0.033304,0.99978
1,1,0.99643,-0.0031332,0,0,0,-0.9934,0.033526,0.99977
1,1,0.99606,-0.003133,0,0,0,-0.99302,0.033526,0.99977
1,1,0.99606,-0.0031331,0,0,0,-0.99303,0.033526,0.99977
1,1,0.99624,-0.0032437,0,0,0,-0.99321,0.033636,0.99976
1,1,0.99633,-0.0032434,0,0,0,-0.9933,0.033636,0.99976
1,1,0.99638,-0.0032439,0,0,0,-0.99334,0.033637,0.99976
1,1,0.9964,-0.0032436,0,0,0,-0.99337,0.033636,0.99976
1,1,0.99641,-0.0032434,0,0,0,-0.99338,0.033636,0.99976
1,1,0.99642,-0.0032435,0,0,0,-0.99338,0.033636,0.99977
1,1,0.99642,-0.0032438,0,0,0,-0.99339,0.033637,0.99976
1,1,0.99642,-0.0032436,0,0,0,-0.99339,0.033636,0.99976
1,1,0.99642,-0.0032434,0,0,0,-0.99339,0.033636,0.99976
1,1,0.99642,-0.0032438,0,0,0,-0.99339,0.033637,0.99976
1,1,0.99642,-0.0032436,0,0,0,-0.99339,0.033636,0.99976
1,1,0.99642,-0.0032434,0,0,0,-0.99339,0.033636,0.99976
1,1,0.99642,-0.0032438,0,0,0,-0.99339,0.033637,0.99976
1,1,0.99642,-0.0032436,0,0,0,-0.99339,0.033636,0.99976
1,1,0.99642,-0.0032434,0,0,0,-0.99339,0.033636,0.99976
1,1,0.99642,-0.0032438,0,0,0,-0.99339,0.033637,0.99976
1,1,0.99642,-0.0032436,0,0,0,-0.99339,0.033636,0.99976
1,1,0.99642,-0.0032434,0,0,0,-0.99339,0.033636,0.99976
1,1,0.99642,-0.0032438,0,0,0,-0.99339,0.033637,0.99976
1,1,0.99642,-0.0032436,0,0,0,-0.99339,0.033636,0.99976
1,1,0.99642,-0.0032434,0,0,0,-0.99339,0.033636,0.99976
1,1,0.99642,-0.0032438,0,0,0,-0.99339,0.033637,0.99976
1,1,0.98135,-0.011832,0,0,0,-0.9783,0.042321,1.0029
1,1,0.98135,-0.011833,0,0,0,-0.9783,0.04232,1.0029
1,1,0.98135,-0.011832,0,0,0,-0.9783,0.042321,1.0029
1,1,0.98135,-0.011832,0,0,0,-0.9783,0.042321,1.0029
1,1,0.98135,-0.011832,0,0,0,-0.9783,0.042321,1.0029
1,1,0.98135,-0.011832,0,0,0,-0.9783,0.042321,1.0029
1,1,0.98135,-0.011832,0,0,0,-0.9783,0.042321,1.0029
1,1,0.98135,-0.011832,0,0,0,-0.9783,0.042321,1.0029
1,1,0.98135,-0.011832,0,0,0,-0.97831,0.042321,1.0029
1,1,0.98135,-0.011832,0,0,0,-0.97831,0.042321,1.0029
1,1,0.98136,-0.011832,0,0,0,-0.97831,0.042321,1.0029
1,1,0.98136,-0.011832,0,0,0,-0.97832,0.042321,1.0029
1,1,0.98136,-0.011832,0,0,0,-0.97832,0.042321,1.0029
1,1,0.98136,-0.011832,0,0,0,-0.97832,0.042321,1.0029
1,1,0.98136,-0.011832,0,0,0,-0.97832,0.042321,1.0029
1,1,0.98136,-0.011832,0,0,0,-0.97832,0.042321,1.0029
1,1,0.98137,-0.011832,0,0,0,-0.97832,0.042321,1.0029
1,1,0.98137,-0.011832,0,0,0,-0.97833,0.042321,1.0029
1,1,0.98137,-0.011832,0,0,0,-0.97833,0.042321,1.0029
1,1,0.98138,-0.011832,0,0,0,-0.97833,0.042321,1.0029
1,1,0.98138,-0.011832,0,0,0,-0.97834,0.042321,1.0029
1,1,0.98138,-0.011832,0,0,0,-0.97834,0.042321,1.0029
1,1,0.98138,-0.011832,0,0,0,-0.97834,0.042321,1.0029
1,1,0.98138,-0.011832,0,0,0,-0.97834,0.042321,1.0029
1,1,0.98138,-0.011832,0,0,0,-0.97834,0.042321,1.0029
1,1,0.98139,-0.011832,0,0,0,-0.97834,0.042321,1.0029
1,1,0.97807,-0.019165,0,0,0,-0.97501,0.049667,1.0033
1,1,0.97806,-0.019166,0,0,0,-0.97502,0.049666,1.0033
1,1,0.97805,-0.019166,0,0,0,-0.975,0.049666,1.0033
1,1,0.97804,-0.019166,0,0,0,-0.97498,0.049666,1.0033
1,1,0.97802,-0.019166,0,0,0,-0.97497,0.049666,1.0033
1,1,1.0029,-0.022935,0,0,0,-0.9999,0.053431,1.0031
1,1,0.98901,-0.022937,0,0,0,-0.98596,0.053429,1.003
1,1,0.98753,-0.022937,0,0,0,-0.98449,0.053429,1.003
1,1,0.98755,-0.022937,0,0,0,-0.9845,0.053429,1.003
1,1,0.98756,-0.022937,0,0,0,-0.98452,0.053429,1.003
1,1,0.98757,-0.022937,0,0,0,-0.98453,0.053429,1.003
1,1,0.99777,-0.025008,0,0,0,-0.99471,0.05551,1.0033
1,1,0.99379,-0.02501,0,0,0,-0.99074,0.055508,1.0033
1,1,0.99379,-0.025009,0,0,0,-0.99074,0.055509,1.0033
1,1,0.99379,-0.025009,0,0,0,-0.99074,0.055509,1.0033
1,1,0.99379,-0.025009,0,0,0,-0.99074,0.055509,1.0033
1,1,0.99379,-0.025009,0,0,0,-0.99074,0.055509,1.0033
1,1,0.99379,-0.025009,0,0,0,-0.99074,0.055509,1.0033
1,1,0.99379,-0.025009,0,0,0,-0.99074,0.055509,1.0033
1,1,0.99379,-0.025009,0,0,0,-0.99074,0.055509,1.0033
1,1,0.99379,-0.025009,0,0,0,-0.99074,0.055509,1.0033
1,1,0.99379,-0.025009,0,0,0,-0.99074,0.055509,1.0033
1,1,0.99379,-0.025009,0,0,0,-0.99074,0.055509,1.0033
1,1,0.99379,-0.025009,0,0,0,-0.99074,0.055509,1.0033
1,1,0.99379,-0.025009,0,0,0,-0.99074,0.055509,1.0033
1,1,1.0031,-0.026886,0,0,0,-1.0001,0.05739,1.0034
1,1,0.99691,-0.026887,0,0,0,-0.99386,0.057389,1.0034
1,1,0.99533,-0.026886,0,0,0,-0.99228,0.05739,1.0034
1,1,0.99533,-0.026886,0,0,0,-0.99227,0.05739,1.0034
1,1,0.99533,-0.026886,0,0,0,-0.99228,0.05739,1.0034
1,1,0.99534,-0.026886,0,0,0,-0.99228,0.05739,1.0034
1,1,0.99534,-0.026886,0,0,0,-0.99229,0.05739,1.0034
1,1,0.99534,-0.026886,0,0,0,-0.99229,0.05739,1.0034
1,1,0.99534,-0.026886,0,0,0,-0.99229,0.05739,1.0034
1,1,0.99534,-0.026886,0,0,0,-0.99229,0.05739,1.0034
1,1,0.99534,-0.026886,0,0,0,-0.99229,0.05739,1.0034
1,1,0.99534,-0.026886,0,0,0,-0.99229,0.05739,1.0034
1,1,0.99534,-0.026886,0,0,0,-0.99229,0.05739,1.0034
1,1,0.99534,-0.026886,0,0,0,-0.99229,0.05739,1.0034
1,1,0.99534,-0.026886,0,0,0,-0.99229,0.05739,1.0034
1,1,0.99534,-0.026886,0,0,0,-0.99229,0.05739,1.0034
1,1,0.99534,-0.026886,0,0,0,-0.99229,0.05739,1.0034
1,1,0.99534,-0.026886,0,0,0,-0.99229,0.05739,1.0034
1,1,0.99534,-0.026886,0,0,0,-0.99229,0.05739,1.0034
1,1,0.99534,-0.026886,0,0,0,-0.99229,0.05739,1.0034
1,1,0.99534,-0.026886,0,0,0,-0.99229,0.05739,1.0034
1,1,0.99534,-0.026886,0,0,0,-0.99229,0.05739,1.0034
1,1,0.99534,-0.026886,0,0,0,-0.99229,0.05739,1.0034
1,1,0.99534,-0.026886,0,0,0,-0.99229,0.05739,1.0034
1,1,0.99534,-0.026886,0,0,0,-0.99229,0.05739,1.0034
1,1,1.0044,-0.029603,0,0,0,-1.0014,0.060121,1.0039
1,1,0.99767,-0.029602,0,0,0,-0.99462,0.060122,1.0039
1,1,0.99544,-0.029603,0,0,0,-0.99238,0.060121,1.0039
1,1,0.99544,-0.029603,0,0,0,-0.99238,0.060121,1.0039
1,1,0.99544,-0.029603,0,0,0,-0.99238,0.060121,1.0039
1,1,0.99544,-0.029603,0,0,0,-0.99239,0.060121,1.0039
1,1,0.99544,-0.029603,0,0,0,-0.99239,0.060121,1.0039
1,1,0.99544,-0.029603,0,0,0,-0.99239,0.060121,1.0039
1,1,0.99544,-0.029603,0,0,0,-0.99239,0.060121,1.0039
1,1,1.0016,-0.031245,0,0,0,-0.99854,0.061767,1.004
1,1,0.99772,-0.031246,0,0,0,-0.99466,0.061766,1.004
1,1,0.99692,-0.031245,0,0,0,-0.99387,0.061767,1.004
1,1,0.99692,-0.031245,0,0,0,-0.99387,0.061767,1.004
1,1,0.99693,-0.031245,0,0,0,-0.99387,0.061767,1.004
1,1,0.99693,-0.031245,0,0,0,-0.99387,0.061767,1.004
1,1,0.99693,-0.031245,0,0,0,-0.99387,0.061767,1.004
1,1,0.99693,-0.031245,0,0,0,-0.99387,0.061767,1.004
1,1,0.99693,-0.031245,0,0,0,-0.99387,0.061767,1.004
1,1,0.99693,-0.031245,0,0,0,-0.99387,0.061767,1.004
1,1,0.99693,-0.031245,0,0,0,-0.99387,0.061767,1.004
1,1,0.99801,-0.03247,0,0,0,-0.99495,0.062995,1.0041
1,1,0.99801,-0.032471,0,0,0,-0.99495,0.062994,1.0041
1,1,1.0013,-0.033228,0,0,0,-0.99828,0.063754,1.0041
1,1,0.99413,-0.033607,0,0,0,-0.99107,0.064135,1.0042
1,1,0.99413,-0.033607,0,0,0,-0.99107,0.064135,1.0042
1,1,0.99412,-0.033607,0,0,0,-0.99107,0.064135,1.0042
1,1,0.99413,-0.033607,0,0,0,-0.99107,0.064135,1.0042
1,1,0.99412,-0.033607,0,0,0,-0.99107,0.064135,1.0042
1,1,0.99412,-0.033607,0,0,0,-0.99106,0.064135,1.0042
1,1,0.99412,-0.033607,0,0,0,-0.99106,0.064135,1.0042
1,1,0.99412,-0.033607,0,0,0,-0.99106,0.064135,1.0042
1,1,0.99411,-0.033607,0,0,0,-0.99106,0.064135,1.0042
1,1,0.99412,-0.033607,0,0,0,-0.99107,0.064135,1.0042
1,1,0.99413,-0.033607,0,0,0,-0.99107,0.064135,1.0042
1,1,0.99413,-0.033607,0,0,0,-0.99108,0.064135,1.0042
1,1,0.99414,-0.033607,0,0,0,-0.99108,0.064135,1.0042
1,1,0.99414,-0.033607,0,0,0,-0.99109,0.064135,1.0042
1,1,0.99415,-0.033607,0,0,0,-0.99109,0.064135,1.0042
1,1,0.99415,-0.033607,0,0,0,-0.9911,0.064135,1.0042
1,1,0.99415,-0.033607,0,0,0,-0.9911,0.064135,1.0042
1,1,0.99416,-0.033607,0,0,0,-0.9911,0.064135,1.0042
1,1,0.99416,-0.033607,0,0,0,-0.99111,0.064135,1.0042
1,1,0.99417,-0.033607,0,0,0,-0.99111,0.064135,1.0042
1,1,0.99417,-0.033607,0,0,0,-0.99112,0.064135,1.0042
1,1,0.99418,-0.033607,0,0,0,-0.99112,0.064135,1.0042
1,1,0.99418,-0.033607,0,0,0,-0.99113,0.064135,1.0042
1,1,0.99419,-0.033607,0,0,0,-0.99113,0.064135,1.0042
1,1,0.99419,-0.033607,0,0,0,-0.99114,0.064135,1.0042
1,1,0.9942,-0.033607,0,0,0,-0.99114,0.064135,1.0042
1,1,0.9942,-0.033607,0,0,0,-0.99115,0.064135,1.0042
1,1,0.9942,-0.033607,0,0,0,-0.99115,0.064135,1.0042
1,1,0.99421,-0.033607,0,0,0,-0.99115,0.064135,1.0042
1,1,0.99421,-0.033607,0,0,0,-0.99116,0.064135,1.0042
1,1,0.99421,-0.033607,0,0,0,-0.99116,0.064135,1.0042
1,1,0.99421,-0.033607,0,0,0,-0.99116,0.064135,1.0042
1,1,0.99422,-0.033607,0,0,0,-0.99116,0.064135,1.0042
1,1,0.99422,-0.033607,0,0,0,-0.99117,0.064135,1.0042
1,1,0.99422,-0.033607,0,0,0,-0.99117,0.064135,1.0042
1,1,0.99422,-0.033607,0,0,0,-0.99117,0.064135,1.0042
1,1,0.99423,-0.033607,0,0,0,-0.99117,0.064135,1.0042
1,1,0.99423,-0.033607,0,0,0,-0.99118,0.064135,1.0042
1,1,0.99423,-0.033607,0,0,0,-0.99118,0.064135,1.0042
1,1,0.99424,-0.033607,0,0,0,-0.99118,0.064135,1.0042
1,1,0.99424,-0.033607,0,0,0,-0.99119,0.064135,1.0042
1,1,0.99424,-0.033607,0,0,0,-0.99119,0.064135,1.0042
1,1,0.99424,-0.033607,0,0,0,-0.99119,0.064135,1.0042
1,1,0.99425,-0.033607,0,0,0,-0.99119,0.064135,1.0042
1,1,0.99425,-0.033607,0,0,0,-0.9912,0.064135,1.0042
1,1,0.99425,-0.033607,0,0,0,-0.9912,0.064135,1.0042
1,1,0.99425,-0.033607,0,0,0,-0.9912,0.064135,1.0042
1,1,0.99647,-0.03481,0,0,0,-0.99341,0.065344,1.0044
1,1,0.99647,-0.034811,0,0,0,-0.99341,0.065343,1.0044
1,1,0.9952,-0.035413,0,0,0,-0.99214,0.065944,1.0043
1,1,0.9952,-0.035413,0,0,0,-0.99215,0.065944,1.0043
1,1,0.9952,-0.035413,0,0,0,-0.99215,0.065944,1.0043
1,1,0.9952,-0.035413,0,0,0,-0.99215,0.065944,1.0043
1,1,0.9952,-0.035413,0,0,0,-0.99215,0.065944,1.0043
1,1,0.9952,-0.035413,0,0,0,-0.99215,0.065944,1.0043
1,1,0.9952,-0.035413,0,0,0,-0.99215,0.065944,1.0043
1,1,0.9952,-0.035413,0,0,0,-0.99215,0.065944,1.0043
1,1,0.9952,-0.035413,0,0,0,-0.99215,0.065944,1.0043
1,1,0.9952,-0.035413,0,0,0,-0.99215,0.065944,1.0043
1,1,0.9952,-0.035413,0,0,0,-0.99215,0.065944,1.0043
1,1,0.9952,-0.035413,0,0,0,-0.99215,0.065944,1.0043
1,1,0.9952,-0.035413,0,0,0,-0.99215,0.065944,1.0043
1,1,0.9952,-0.035413,0,0,0,-0.99215,0.065944,1.0043
1,1,0.9952,-0.035413,0,0,0,-0.99214,0.065944,1.0043
1,1,0.9952,-0.035413,0,0,0,-0.99214,0.065944,1.0043
1,1,1.0016,-0.035648,0,0,0,-0.99857,0.066178,1.0043
1,1,0.9976,-0.035648,0,0,0,-0.99455,0.066178,1.0043
1,1,0.99683,-0.035647,0,0,0,-0.99377,0.066179,1.0043
1,1,0.99683,-0.035648,0,0,0,-0.99378,0.066178,1.0043
1,1,0.99683,-0.035648,0,0,0,-0.99378,0.066178,1.0043
1,1,0.99684,-0.035648,0,0,0,-0.99378,0.066178,1.0043
1,1,0.99684,-0.035648,0,0,0,-0.99378,0.066178,1.0043
1,1,0.99684,-0.035648,0,0,0,-0.99378,0.066178,1.0043
1,1,0.99684,-0.035648,0,0,0,-0.99378,0.066178,1.0043
1,1,0.99684,-0.035648,0,0,0,-0.99378,0.066178,1.0043
1,1,0.99037,-0.035654,0,0,0,-0.98732,0.066188,1.0044
1,1,0.99037,-0.035654,0,0,0,-0.98732,0.066188,1.0044
1,1,0.99037,-0.035654,0,0,0,-0.98732,0.066188,1.0044
1,1,0.99037,-0.035654,0,0,0,-0.98732,0.066188,1.0044
1,1,0.99037,-0.035654,0,0,0,-0.98732,0.066188,1.0044
1,1,0.99037,-0.035654,0,0,0,-0.98731,0.066188,1.0044
1,1,0.99037,-0.035654,0,0,0,-0.98731,0.066188,1.0044
1,1,0.99037,-0.035654,0,0,0,-0.98731,0.066188,1.0044
1,1,0.99037,-0.035654,0,0,0,-0.98731,0.066188,1.0044
1,1,0.99037,-0.035654,0,0,0,-0.98731,0.066188,1.0044
1,1,0.99037,-0.035654,0,0,0,-0.98731,0.066188,1.0044
1,1,0.99037,-0.035654,0,0,0,-0.98731,0.066188,1.0044
1,1,0.99037,-0.035654,0,0,0,-0.98731,0.066188,1.0044
1,1,0.99037,-0.035654,0,0,0,-0.98731,0.066188,1.0044
1,1,0.99037,-0.035654,0,0,0,-0.98731,0.066188,1.0044
1,1,0.99037,-0.035654,0,0,0,-0.98731,0.066188,1.0044
1,1,0.99037,-0.035654,0,0,0,-0.98731,0.066188,1.0044
1,1,0.99037,-0.035654,0,0,0,-0.98731,0.066188,1.0044
1,1,0.99037,-0.035654,0,0,0,-0.98731,0.066188,1.0044
1,1,0.99037,-0.035654,0,0,0,-0.98731,0.066188,1.0044
1,1,0.99037,-0.035654,0,0,0,-0.98731,0.066188,1.0044
1,1,0.99037,-0.035654,0,0,0,-0.98731,0.066188,1.0044
1,1,0.99037,-0.035654,0,0,0,-0.98731,0.066188,1.0044
1,1,0.99037,-0.035654,0,0,0,-0.98731,0.066188,1.0044
1,1,0.99037,-0.035654,0,0,0,-0.98731,0.066188,1.0044
1,1,0.99037,-0.035654,0,0,0,-0.98731,0.066188,1.0044
1,1,0.99037,-0.035654,0,0,0,-0.98731,0.066188,1.0044
1,1,0.99037,-0.035654,0,0,0,-0.98731,0.066188,1.0044
1,1,0.99037,-0.035654,0,0,0,-0.98731,0.066188,1.0044
1,1,0.99037,-0.035654,0,0,0,-0.98731,0.066188,1.0044
1,1,0.99037,-0.035654,0,0,0,-0.98731,0.066188,1.0044
1,1,0.99037,-0.035654,0,0,0,-0.98731,0.066188,1.0044
1,1,0.99037,-0.035654,0,0,0,-0.98731,0.066188,1.0044
1,1,0.99037,-0.035654,0,0,0,-0.98731,0.066188,1.0044
1,1,0.99037,-0.035654,0,0,0,-0.98731,0.066188,1.0044
1,1,0.99037,-0.035654,0,0,0,-0.98731,0.066188,1.0044
1,1,0.99037,-0.035654,0,0,0,-0.98731,0.066188,1.0044
1,1,0.99037,-0.035654,0,0,0,-0.98731,0.066188,1.0044
1,1,0.99037,-0.035654,0,0,0,-0.98731,0.066188,1.0044
1,1,0.99037,-0.035654,0,0,0,-0.98731,0.066188,1.0044
1,1,0.99037,-0.035654,0,0,0,-0.98731,0.066188,1.0044
1,1,0.99037,-0.035654,0,0,0,-0.98731,0.066188,1.0044
1,1,0.99037,-0.035654,0,0,0,-0.98731,0.066188,1.0044
1,1,0.99037,-0.035654,0,0,0,-0.98731,0.066188,1.0044
1,1,0.99037,-0.035654,0,0,0,-0.98731,0.066188,1.0044
1,1,0.99037,-0.035654,0,0,0,-0.98731,0.066188,1.0044
1,1,0.99037,-0.035654,0,0,0,-0.98731,0.066188,1.0044
1,1,0.99037,-0.035654,0,0,0,-0.98731,0.066188,1.0044
1,1,0.99037,-0.035654,0,0,0,-0.98731,0.066188,1.0044
1,1,1.0065,-0.035379,0,0,0,-1.0035,0.065905,1.0041
1,1,0.99521,-0.035381,0,0,0,-0.99215,0.065903,1.004
1,1,0.99193,-0.035381,0,0,0,-0.98887,0.065903,1.004
1,1,0.99193,-0.035381,0,0,0,-0.98887,0.065903,1.004
1,1,0.99193,-0.035381,0,0,0,-0.98887,0.065903,1.004
1,1,0.9926,-0.035224,0,0,0,-0.98955,0.065751,1.0042
1,1,0.99261,-0.035224,0,0,0,-0.98955,0.065751,1.0042
1,1,0.9926,-0.035224,0,0,0,-0.98955,0.065751,1.0042
1,1,0.9926,-0.035224,0,0,0,-0.98955,0.065751,1.0042
1,1,0.9926,-0.035224,0,0,0,-0.98955,0.065751,1.0042
1,1,0.99261,-0.035224,0,0,0,-0.98955,0.065751,1.0042
1,1,0.99261,-0.035224,0,0,0,-0.98955,0.065751,1.0042
1,1,0.99261,-0.035224,0,0,0,-0.98955,0.065751,1.0042
1,1,0.99261,-0.035224,0,0,0,-0.98955,0.065751,1.0042
1,1,0.99261,-0.035224,0,0,0,-0.98955,0.065751,1.0042
1,1,0.99261,-0.035224,0,0,0,-0.98955,0.065751,1.0042
1,1,0.99261,-0.035224,0,0,0,-0.98955,0.065751,1.0042
1,1,0.99261,-0.035224,0,0,0,-0.98955,0.065751,1.0042
1,1,0.99261,-0.035224,0,0,0,-0.98955,0.065751,1.0042
1,1,0.99261,-0.035224,0,0,0,-0.98955,0.065751,1.0042
1,1,0.99261,-0.035224,0,0,0,-0.98955,0.065751,1.0042
1,1,0.99261,-0.035224,0,0,0,-0.98955,0.065751,1.0042
1,1,0.99261,-0.035224,0,0,0,-0.98955,0.065751,1.0042
1,1,0.99261,-0.035224,0,0,0,-0.98955,0.065751,1.0042
1,1,0.99261,-0.035224,0,0,0,-0.98955,0.065751,1.0042
1,1,0.99261,-0.035224,0,0,0,-0.98955,0.065751,1.0042
1,1,0.99261,-0.035224,0,0,0,-0.98955,0.065751,1.0042
1,1,0.99261,-0.035224,0,0,0,-0.98956,0.065751,1.0042
1,1,0.99261,-0.035224,0,0,0,-0.98956,0.065751,1.0042
1,1,0.99261,-0.035224,0,0,0,-0.98956,0.065751,1.0042
1,1,0.99261,-0.035224,0,0,0,-0.98955,0.065751,1.0042
1,1,0.99261,-0.035224,0,0,0,-0.98955,0.065751,1.0042
1,1,0.99261,-0.035224,0,0,0,-0.98955,0.065751,1.0042
1,1,0.99261,-0.035224,0,0,0,-0.98955,0.065751,1.0042
1,1,0.99261,-0.035224,0,0,0,-0.98955,0.065751,1.0042
1,1,0.99261,-0.035224,0,0,0,-0.98955,0.065751,1.0042
1,1,0.99261,-0.035224,0,0,0,-0.98955,0.065751,1.0042
1,1,0.99261,-0.035224,0,0,0,-0.98955,0.065751,1.0042
1,1,0.99261,-0.035224,0,0,0,-0.98955,0.065751,1.0042
1,1,0.99261,-0.035224,0,0,0,-0.98955,0.065751,1.0042
1,1,0.99261,-0.035224,0,0,0,-0.98955,0.065751,1.0042
1,1,0.99261,-0.035224,0,0,0,-0.98955,0.065751,1.0042
1,1,0.99261,-0.035224,0,0,0,-0.98955,0.065751,1.0042
1,1,0.99261,-0.035224,0,0,0,-0.98955,0.065751,1.0042
1,1,0.99261,-0.035224,0,0,0,-0.98955,0.065751,1.0042
1,1,0.99261,-0.035224,0,0,0,-0.98955,0.065751,1.0042
1,1,0.99261,-0.035224,0,0,0,-0.98955,0.065751,1.0042
1,1,0.99261,-0.035224,0,0,0,-0.98955,0.065751,1.0042
1,1,0.99261,-0.035224,0,0,0,-0.98955,0.065751,1.0042
1,1,0.99261,-0.035224,0,0,0,-0.98955,0.065751,1.0042
1,1,0.99261,-0.035224,0,0,0,-0.98955,0.065751,1.0042
1,1,0.99261,-0.035224,0,0,0,-0.98955,0.065751,1.0042
1,1,0.99261,-0.035224,0,0,0,-0.98955,0.065751,1.0042
1,1,0.99261,-0.035224,0,0,0,-0.98955,0.065751,1.0042
1,1,0.99261,-0.035224,0,0,0,-0.98955,0.065751,1.0042
1,1,0.99261,-0.035224,0,0,0,-0.98955,0.065751,1.0042
1,1,0.99261,-0.035224,0,0,0,-0.98955,0.065751,1.0042
1,1,0.99261,-0.035224,0,0,0,-0.98955,0.065751,1.0042
1,1,0.99261,-0.035224,0,0,0,-0.98955,0.065751,1.0042
1,1,0.99261,-0.035224,0,0,0,-0.98955,0.065751,1.0042
1,1,0.99261,-0.035224,0,0,0,-0.98955,0.065751,1.0042
1,1,0.99261,-0.035224,0,0,0,-0.98955,0.065751,1.0042
1,1,1.0001,-0.034768,0,0,0,-0.99708,0.065289,1.004
1,1,0.99631,-0.034767,0,0,0,-0.99325,0.06529,1.004
1,1,0.99621,-0.034768,0,0,0,-0.99316,0.065289,1.004
1,1,0.99621,-0.034768,0,0,0,-0.99316,0.065289,1.004
1,1,0.99621,-0.034768,0,0,0,-0.99315,0.065289,1.004
1,1,0.99621,-0.034768,0,0,0,-0.99315,0.065289,1.004
1,1,0.99621,-0.034768,0,0,0,-0.99315,0.065289,1.004
1,1,0.99621,-0.034768,0,0,0,-0.99315,0.065289,1.004
1,1,0.99621,-0.034768,0,0,0,-0.99315,0.065289,1.004
1,1,0.9962,-0.034768,0,0,0,-0.99315,0.065289,1.004
1,1,0.9962,-0.034768,0,0,0,-0.99315,0.065289,1.004
1,1,0.9962,-0.034768,0,0,0,-0.99315,0.065289,1.004
1,1,0.9962,-0.034768,0,0,0,-0.99314,0.065289,1.004
1,1,0.9962,-0.034768,0,0,0,-0.99314,0.065289,1.004
1,1,0.9962,-0.034768,0,0,0,-0.99314,0.065289,1.004
1,1,0.9962,-0.034768,0,0,0,-0.99314,0.065289,1.004
1,1,0.9962,-0.034768,0,0,0,-0.99314,0.065289,1.004
1,1,1.0102,-0.034377,0,0,0,-1.0072,0.064897,1.0039
1,1,0.99812,-0.034379,0,0,0,-0.99506,0.064895,1.0038
1,1,0.98692,-0.03438,0,0,0,-0.98387,0.064894,1.0037
1,1,0.98691,-0.03438,0,0,0,-0.98386,0.064894,1.0037
1,1,0.98692,-0.034381,0,0,0,-0.98387,0.064893,1.0037
1,1,0.98693,-0.034381,0,0,0,-0.98388,0.064893,1.0037
1,1,0.98695,-0.034381,0,0,0,-0.98389,0.064893,1.0037
1,1,0.98697,-0.034381,0,0,0,-0.98391,0.064893,1.0037
1,1,0.98698,-0.034381,0,0,0,-0.98393,0.064893,1.0037
1,1,0.987,-0.034381,0,0,0,-0.98395,0.064893,1.0037
1,1,0.98703,-0.034381,0,0,0,-0.98397,0.064893,1.0037
1,1,0.98705,-0.034381,0,0,0,-0.98399,0.064893,1.0037
1,1,0.98707,-0.034381,0,0,0,-0.98402,0.064893,1.0037
1,1,0.98708,-0.034381,0,0,0,-0.98402,0.064893,1.0037
1,1,0.9871,-0.034381,0,0,0,-0.98404,0.064893,1.0037
1,1,0.98712,-0.034381,0,0,0,-0.98407,0.064893,1.0037
1,1,0.98713,-0.034381,0,0,0,-0.98407,0.064893,1.0037
1,1,0.98715,-0.034381,0,0,0,-0.98409,0.064893,1.0037
1,1,0.98717,-0.034381,0,0,0,-0.98412,0.064893,1.0037
1,1,0.98718,-0.034381,0,0,0,-0.98412,0.064893,1.0037
1,1,0.9872,-0.034381,0,0,0,-0.98414,0.064893,1.0037
1,1,0.98722,-0.034381,0,0,0,-0.98416,0.064893,1.0037
1,1,0.98724,-0.034381,0,0,0,-0.98419,0.064893,1.0037
1,1,0.98725,-0.034381,0,0,0,-0.98419,0.064893,1.0037
1,1,0.98727,-0.034381,0,0,0,-0.98421,0.064893,1.0037
1,1,0.98729,-0.034381,0,0,0,-0.98423,0.064893,1.0037
1,1,0.98731,-0.034381,0,0,0,-0.98425,0.064893,1.0037
1,1,0.98733,-0.034381,0,0,0,-0.98427,0.064893,1.0037
1,1,0.98735,-0.034381,0,0,0,-0.98429,0.064893,1.0037
1,1,0.99492,-0.034028,0,0,0,-0.99186,0.064551,1.0041
1,1,0.9937,-0.034027,0,0,0,-0.99064,0.064552,1.0041
1,1,0.9937,-0.034027,0,0,0,-0.99065,0.064552,1.0041
1,1,0.9937,-0.034027,0,0,0,-0.99065,0.064552,1.0041
1,1,0.9937,-0.034027,0,0,0,-0.99065,0.064552,1.0041
1,1,0.9937,-0.034027,0,0,0,-0.99065,0.064552,1.0041
1,1,0.99371,-0.034027,0,0,0,-0.99065,0.064552,1.0041
1,1,0.99371,-0.034027,0,0,0,-0.99065,0.064552,1.0041
1,1,0.99371,-0.034027,0,0,0,-0.99066,0.064552,1.0041
1,1,0.99372,-0.034027,0,0,0,-0.99066,0.064552,1.0041
1,1,0.99372,-0.034027,0,0,0,-0.99067,0.064552,1.0041
1,1,0.99373,-0.034027,0,0,0,-0.99068,0.064552,1.0041
1,1,0.99374,-0.034027,0,0,0,-0.99069,0.064552,1.0041
1,1,0.99375,-0.034027,0,0,0,-0.99069,0.064552,1.0041
1,1,0.99375,-0.034027,0,0,0,-0.9907,0.064552,1.0041
1,1,0.99376,-0.034027,0,0,0,-0.99071,0.064552,1.0041
1,1,0.99377,-0.034027,0,0,0,-0.99072,0.064552,1.0041
1,1,0.99378,-0.034027,0,0,0,-0.99072,0.064552,1.0041
1,1,0.99378,-0.034027,0,0,0,-0.99073,0.064552,1.0041
1,1,0.99379,-0.034027,0,0,0,-0.99074,0.064552,1.0041
1,1,0.9938,-0.034027,0,0,0,-0.99075,0.064552,1.0041
1,1,0.99381,-0.034027,0,0,0,-0.99075,0.064552,1.0041
1,1,0.99381,-0.034027,0,0,0,-0.99076,0.064552,1.0041
1,1,0.99382,-0.034027,0,0,0,-0.99076,0.064552,1.0041
1,1,0.99382,-0.034027,0,0,0,-0.99077,0.064552,1.0041
1,1,0.99383,-0.034027,0,0,0,-0.99077,0.064552,1.0041
1,1,0.99383,-0.034027,0,0,0,-0.99078,0.064552,1.0041
1,1,0.99384,-0.034027,0,0,0,-0.99078,0.064552,1.0041
1,1,1.0011,-0.033746,0,0,0,-0.998,0.064272,1.0042
1,1,0.99693,-0.033745,0,0,0,-0.99387,0.064273,1.0042
1,1,0.9964,-0.033745,0,0,0,-0.99335,0.064273,1.0042
1,1,0.99641,-0.033745,0,0,0,-0.99335,0.064273,1.0042
1,1,0.99641,-0.033745,0,0,0,-0.99335,0.064273,1.0042
1,1,0.9964,-0.033745,0,0,0,-0.99335,0.064273,1.0042
1,1,0.9964,-0.033745,0,0,0,-0.99335,0.064273,1.0042
1,1,0.9964,-0.033745,0,0,0,-0.99335,0.064273,1.0042
1,1,0.9964,-0.033745,0,0,0,-0.99335,0.064273,1.0042
1,1,0.9964,-0.033745,0,0,0,-0.99335,0.064273,1.0042
1,1,0.9964,-0.033745,0,0,0,-0.99335,0.064273,1.0042
1,1,0.9964,-0.033745,0,0,0,-0.99335,0.064273,1.0042
1,1,0.9964,-0.033745,0,0,0,-0.99334,0.064273,1.0042
1,1,0.9964,-0.033745,0,0,0,-0.99334,0.064273,1.0042
1,1,0.99392,-0.033555,0,0,0,-0.99086,0.064082,1.0042
1,1,0.99391,-0.033555,0,0,0,-0.99086,0.064082,1.0042
1,1,1.0044,-0.033447,0,0,0,-1.0014,0.063974,1.0042
1,1,0.99696,-0.033446,0,0,0,-0.99391,0.063975,1.0042
1,1,0.99472,-0.033446,0,0,0,-0.99167,0.063975,1.0042
1,1,0.99472,-0.033447,0,0,0,-0.99166,0.063974,1.0042
1,1,0.99473,-0.033447,0,0,0,-0.99167,0.063974,1.0042
1,1,0.99473,-0.033447,0,0,0,-0.99168,0.063974,1.0042
1,1,0.99473,-0.033447,0,0,0,-0.99168,0.063974,1.0042
