97.09
42.067
33.151
10.365
3.2484
2.3146
1.6267
0.7382
0.10594
0.058536
0.21251
0.078729
0.044746
0.05484
0.022633
0.0023114
0.0018711
0.12474
0.040468
0.020084
0.012067
0.0088526
0.0078499
0.011894
0.0064367
0.14901
0.12477
0.063783
0.051238
0.042843
0.037049
0.033141
0.030202
0.027636
0.025251
0.023099
0.02102
0.019634
0.017694
0.016234
0.014677
0.013298
0.012055
0.0087781
0.0076762
0.0068739
0.010929
0.0060672
0.0057819
0.0054261
0.0048839
0.0048438
0.0043482
0.0042965
0.003882
0.0038008
0.0037376
0.0033627
0.0060248
0.0044916
0.0047494
0.0045124
0.0045531
0.0045893
0.0043965
0.0084195
0.0078035
0.0078257
0.0078056
0.0078389
0.0079229
0.0078414
0.0079115
0.0079226
0.0078518
0.0078922
0.0079244
0.0080003
0.0079097
0.0079558
0.0080185
0.007921
0.0079388
0.0079958
0.0079005
0.0079474
0.0079901
0.0078892
0.0079371
0.0079806
0.0078806
0.0079292
0.0079735
0.0078742
0.0079231
0.0079665
0.0078661
0.0079145
0.007959
0.0078593
0.0079084
0.0079536
0.0078543
0.0079028
0.0079473
0.0078475
0.0078959
0.0079393
0.0078388
0.0078869
0.0079317
0.0078336
0.0078839
0.0079291
0.0078296
0.0078779
0.0079225
0.0078222
0.05594
0.085529
0.042679
0.0052732
0.0032058
0.0021114
0.0019557
0.0018912
0.0018609
0.001856
0.0018584
0.0037168
0.0037126
0.0037094
0.0074162
0.014824
0.029612
0.059082
0.058894
0.058737
0.058627
0.058556
0.058521
0.05852
0.058534
0.058599
0.0586
0.0586
0.058593
0.058662
0.058672
0.058697
