0.00051714
0.00042294
0.00021103
9.6054e-05
6.3558e-05
4.3457e-05
5.1536e-05
5.8715e-05
6.0854e-05
6.1233e-05
6.6126e-05
3.3328e-05
1.2016e-05
6.629e-06
4.5685e-06
6.4928e-06
4.2512e-06
3.0819e-06
2.5515e-06
2.2726e-06
1.7055e-05
1.651e-05
2.004e-05
1.8886e-05
2.6015e-05
2.5437e-05
2.6428e-05
2.716e-05
2.752e-05
2.819e-05
3.7356e-05
3.1366e-05
2.9445e-05
2.8686e-05
2.8534e-05
3.7802e-05
3.1624e-05
2.9507e-05
4.1287e-05
5.1443e-05
6.8103e-05
8.7556e-05
9.516e-05
9.3415e-05
9.2866e-05
9.4448e-05
9.7331e-05
9.9462e-05
0.00010136
0.0001006
0.00010427
0.00010355
0.00013215
0.00011283
0.00010468
0.00010423
0.00013778
9.54e-05
0.00010175
0.00010399
0.00010434
0.00010444
0.00010455
0.00013515
9.4249e-05
0.00010081
0.0001028
0.00010404
0.00014492
0.00011948
0.00011633
0.00011474
0.00011497
0.00011436
0.00011554
0.00011645
0.00011692
0.00011735
0.00011732
0.00011788
0.00011779
0.00012581
0.0001204
0.00011942
0.00011931
0.00011934
0.00011955
0.00011955
0.00011954
0.00011957
0.00012026
0.00011998
0.00011993
0.00011992
0.00011993
0.00011993
0.00011993
0.00011993
0.00012016
0.00012013
0.00012013
0.00012012
0.00012015
0.00012014
0.00012015
0.00012015
0.00012015
0.00012015
0.00012011
0.0001201
0.00012013
0.00012014
0.00012015
0.00012015
0.00012015
0.00012015
0.00012015
0.00012015
0.00012015
0.00012015
0.00012015
0.00012015
0.00012015
0.00012015
0.00012015
0.00012015
0.00012015
0.00012015
0.00012016
0.00012016
0.00012016
0.00012015
0.00012015
0.00012015
0.00012015
0.00012015
0.00012015
0.00012014
0.00012014
0.00012013
0.00012014
0.0001203
0.00012029
0.0001203
0.00012029
0.00012029
0.00012029
0.0001203
0.0001203
0.0001203
