141.03
0.98841
0.12602
0.19363
0.15608
0.077827
0.021695
0.020412
0.020821
0.020806
0.029616
0.02215
0.051585
0.078678
0.073239
0.050878
0.018767
0.010184
0.007652
0.0057664
0.0082038
0.041289
0.023052
0.013716
0.0099335
0.012046
0.0099361
0.0095394
0.0094543
0.0095404
0.013447
0.010603
0.0098926
0.0096295
0.0095598
0.013426
0.010678
0.0099149
0.018447
0.036272
0.037423
0.041487
0.042405
0.048846
0.038398
0.038705
0.037568
0.036811
0.036323
0.036279
0.037624
0.037609
0.051584
0.040627
0.038519
0.037502
0.052837
0.034554
0.036672
0.037307
0.037364
0.037069
0.03702
0.05032
0.033916
0.036271
0.036884
0.03689
0.02029
0.0062036
0.0073476
0.0081253
0.0082705
0.0086532
0.0059623
0.0050275
0.0048737
0.0048405
0.0047575
0.0049277
0.0048765
0.0050628
0.00094773
0.0012577
0.00085247
0.00067578
0.00067025
0.00063726
0.0006288
0.00063307
0.00033942
0.00019149
0.00015103
0.0001402
0.00013601
0.00013397
0.00013366
0.00013037
9.2212e-05
7.2607e-05
7.0269e-05
7.0238e-05
7.9646e-05
0.00010075
8.6396e-05
8.3048e-05
8.1506e-05
9.3561e-05
0.00020189
0.0002715
0.00015271
0.0001063
9.5191e-05
8.706e-05
8.3442e-05
8.1547e-05
8.2698e-05
8.1562e-05
8.1697e-05
8.1707e-05
8.0264e-05
8.0312e-05
8.0105e-05
7.9899e-05
7.9632e-05
7.8771e-05
7.9775e-05
8.1051e-05
8.1988e-05
8.1687e-05
8.15e-05
8.1318e-05
8.1197e-05
8.0929e-05
8.0643e-05
8.0433e-05
8.0209e-05
0.00012502
9.8054e-05
0.00014829
0.00010267
9.5792e-05
0.00012735
7.7159e-05
0.00015752
0.00011917
7.9568e-05
6.6042e-05
6.3417e-05
8.6405e-05
