5.4584
1.4015
1.404
1.4023
1.4005
1.4004
1.4051
1.4267
1.4629
1.4895
1.5007
1.5399
1.6289
1.6398
1.6272
1.6122
1.6018
1.5903
1.5935
1.5931
1.5927
1.5923
1.5919
1.5915
1.5912
1.5908
1.5905
1.5901
1.5898
1.5895
1.589
1.5882
1.587
1.5858
1.5848
1.5841
1.5835
1.5831
1.5828
1.5826
1.5824
1.5823
1.5822
1.5822
1.5821
1.5821
1.5821
1.582
1.6263
1.5447
1.5462
1.5685
1.5859
1.5849
1.585
1.5845
1.5839
1.5835
1.5831
1.5828
1.5826
1.5825
1.5824
1.5823
1.5822
1.5822
1.5822
1.5821
1.5821
1.5821
1.5821
1.5821
1.5821
1.5821
1.5821
1.5821
1.5821
1.5821
1.5821
1.5821
1.5821
1.5821
1.5822
1.5824
1.5825
1.5825
1.5826
1.5825
1.5825
1.5825
1.5825
1.5825
1.5825
1.6309
1.5917
1.5842
1.5838
1.5836
1.6243
1.5985
1.5484
1.5603
1.5775
1.5782
1.5867
1.5868
1.5867
1.5866
1.5865
1.5865
1.5864
1.5863
1.5862
1.5861
1.586
1.586
1.5859
1.5858
1.5857
1.5857
1.5856
1.5855
1.5855
1.5854
1.5853
1.5853
1.5852
1.5851
1.5851
1.5851
1.585
1.585
1.585
1.585
1.5849
1.5849
1.5848
1.5848
1.5848
1.5847
1.5845
1.5842
1.5838
1.5834
1.583
1.5828
1.5826
1.5824
1.5823
1.5822
1.5822
1.5821
1.5821
1.5821
1.5821
1.582
1.582
1.582
1.5821
1.5821
1.5821
1.5821
1.5821
1.5821
1.5821
1.5821
1.5821
1.5821
1.5821
1.5821
1.5821
1.5821
1.5821
1.5821
1.5821
1.5821
1.5821
1.5821
1.5821
1.5821
1.5821
1.5821
1.5821
1.5821
1.5821
1.5821
1.5823
1.5824
1.5826
1.5827
1.5826
1.5825
1.5824
1.5824
1.5824
1.5824
1.5825
1.5825
1.5825
1.5825
