139.8
4.4891
0.27677
0.27417
0.2593
0.26332
0.27071
0.23254
0.18395
0.15839
0.14589
0.15996
0.14006
0.0934
0.10418
0.11881
0.12937
0.15974
0.15876
0.15864
0.15859
0.15855
0.15851
0.15847
0.15844
0.15841
0.15838
0.15835
0.15833
0.0095331
0.0089202
0.0079583
0.0066405
0.0052304
0.0039553
0.0029353
0.0021715
0.0016231
0.0012312
0.00097245
0.00080098
0.00069781
0.00063737
0.00060384
0.00058406
0.0005733
0.00056855
0.00056618
0.066995
0.13011
0.071617
0.038743
0.040519
0.0092304
0.003852
0.0032138
0.0025656
0.0019659
0.0014847
0.001119
0.00086208
0.00069004
0.00057533
0.00050637
0.00046789
0.00044621
0.00043409
0.00042828
0.00042552
0.00042506
0.00042493
0.00042494
0.00042501
0.00042483
0.00042534
0.00042534
0.00042525
0.00042514
0.00042445
0.00042535
0.00042457
0.00038851
0.00033649
0.00025337
0.00025383
0.00020037
0.00011201
0.00011552
6.3211e-05
3.411e-05
3.6843e-05
7.4692e-05
5.8442e-05
0.072472
0.084067
0.013411
0.0026905
0.0021176
0.07841
0.079459
0.16307
0.14643
0.13022
0.16547
0.16417
0.16374
0.16373
0.16373
0.16372
0.16372
0.16371
0.16371
0.16371
0.1637
0.1637
0.1637
0.16369
0.1637
0.1637
0.1637
0.16369
0.16369
0.16369
0.16369
0.16368
0.16368
0.16369
0.16369
0.16369
0.16369
0.16369
0.16369
0.16368
0.16368
0.16368
0.0037252
0.16369
0.0035971
0.0035596
0.0034302
0.0032145
0.0028764
0.0024182
0.0019194
0.0014942
0.0011673
0.00093075
0.00077764
0.00068378
0.00062778
0.00059935
0.00058143
0.00057157
0.00056758
0.00056602
0.00056643
0.00056681
0.00056721
0.00056762
0.00056804
0.00056845
0.00056868
0.00056892
0.00056918
0.00056938
0.00056955
0.00056971
0.00056983
0.00056992
0.00056997
0.00057004
0.00057003
0.00057002
0.00057004
0.00056989
0.0005702
0.00057021
0.00057014
0.00057002
0.00042997
0.0004297
0.00043014
0.00043008
0.00042979
0.00042986
0.0003927
0.00034452
0.00032276
0.0004994
0.00034494
0.00031682
0.00024003
0.00023714
0.00016919
0.00011171
1.7708e-05
3.4674e-05
5.487e-05
2.9361e-05
1.1217e-05
