69.888
1.1139
0.028441
0.049449
0.044341
0.11522
0.4671
0.4838
0.51299
0.57158
0.61565
0.59829
0.26746
0.21863
0.24996
0.26561
0.27123
0.15438
0.15768
0.078802
0.078804
0.078802
0.078799
0.078797
0.078797
0.078797
0.078798
0.078799
0.0788
0.00024209
0.00080639
0.0026562
0.007624
0.007682
0.006388
0.0049083
0.0036199
0.0026959
0.0019164
0.0014189
0.001015
0.00073311
0.00050557
0.00088014
0.00080185
0.00065272
0.00050503
0.00057352
2.0065
0.73625
0.22332
0.26757
0.16001
0.016894
0.0010807
0.003188
0.0036021
0.0030789
0.0024422
0.0018157
0.0013292
0.0010095
0.0007544
0.00056765
0.00044544
0.00075321
0.00067914
0.00062197
0.0005501
0.00054267
0.0005198
0.00052977
0.00052337
0.0005156
0.00050923
0.00051085
0.00049946
0.00049048
0.00048514
0.00047973
0.00047894
0.0007586
0.0014927
0.0019907
0.00079817
0.00037601
0.00031502
0.00040196
0.0001689
9.0174e-05
8.431e-05
0.00016472
9.5522e-05
0.2613
0.16682
0.012963
0.0012583
0.001365
0.52292
0.38007
0.24547
0.2397
0.24741
0.15799
0.081846
0.040808
0.040805
0.040803
0.040802
0.040802
0.040803
0.040803
0.040804
0.040804
0.040804
0.040804
0.040804
0.040806
0.040806
0.040806
0.040806
0.040807
0.040807
0.040807
0.040807
0.040807
0.040809
0.040809
0.020405
0.020405
0.020405
0.020405
0.020405
0.020405
0.020405
7.5569e-05
0.040812
4.9357e-05
5.5151e-05
0.00011208
0.00032164
0.00096476
0.0027882
0.0027026
0.0022393
0.0017665
0.0012933
0.00094736
0.00072773
0.00047378
0.00085419
0.00074063
0.0006141
0.00044131
0.00057158
0.00070901
0.00082465
0.00093546
0.0010282
0.001111
0.0012069
0.0012528
0.0013045
0.0013566
0.0014029
0.0014414
0.0014696
0.0015062
0.0015323
0.0015629
0.00159
0.0016128
0.0016453
0.0016686
0.0016987
0.0017054
0.0017395
0.0017519
0.0017783
0.001724
0.0016813
0.0016543
0.0016337
0.001607
0.0015837
0.0019524
0.0042445
0.0023931
0.0014998
0.00046136
0.00066568
0.00096407
0.00035894
8.7746e-05
0.00035203
0.00015986
0.00016846
0.00032497
0.0001712
0.00012873
