141.07
0.90796
0.069547
0.05768
0.1074
0.079257
0.084314
0.035225
0.033832
0.060418
0.12002
0.02256
0.03409
0.02559
0.019207
0.014435
0.010858
0.0081877
0.0062071
0.0012024
0.0020201
0.0017652
0.0015636
0.00091589
0.00082968
0.00075731
0.00079618
0.0012393
0.0010213
0.00089136
0.00076445
0.00051547
0.00049253
0.00049962
0.0004743
0.00046662
0.00073485
0.0005081
0.0010643
0.00065124
0.00049505
0.00043832
0.00043945
0.00043399
0.00062427
0.00049565
0.00045705
0.00044246
0.00043221
0.00043493
0.00043751
0.00045176
0.00044566
0.00043796
0.00043936
0.00043413
0.00043655
0.00043204
0.00043412
0.00043035
0.00044438
0.00044295
0.00043625
0.00043983
0.00043835
0.00043705
0.0006276
0.00049516
0.00045811
0.00045108
0.00044428
0.00062857
0.00040372
0.00043126
0.00044354
0.00062646
0.00040318
0.00043057
0.00044279
0.00062431
0.00040264
0.00042989
0.00044206
0.00062222
0.00040212
0.00042922
0.00044134
0.00062016
0.0004016
0.00042856
0.00044063
0.00044038
0.00044667
0.00063539
0.0004186
0.00046016
0.00046119
0.0004545
0.00044919
0.00044602
0.00044531
0.00044428
0.00062864
0.00040309
0.00043113
0.00044329
0.00062614
0.00040278
0.00043065
0.00044292
0.00044274
0.00062443
0.00040239
0.00043012
0.00044234
0.00062326
0.0004021
0.00042974
0.00044193
0.00062208
0.0004018
0.00042936
0.00044152
0.00062091
0.00040151
0.00042899
0.00044111
0.00044744
0.00063781
0.00040343
0.00043145
0.00044376
0.00062736
0.00040312
0.00043902
0.00044813
0.00044639
0.00044567
0.0004447
0.00062997
0.00040319
0.0004317
0.0004439
0.00062802
0.00040303
0.00043139
0.00044372
0.00044359
0.00062701
0.00040282
