19.992
3.5287
1.2814
0.31474
0.2821
0.33501
0.38672
0.431
0.47794
0.48885
0.48284
0.46521
0.43966
0.40842
0.37359
0.33693
0.29989
0.26341
0.22824
0.19488
0.16372
0.13498
0.10886
0.085387
0.06457
0.046376
0.030746
0.017513
0.0055521
-0.0022879
-0.0052499
-0.005034
-0.0037053
-0.0022963
-0.00026991
0.0025548
0.0061395
0.010356
0.0097919
0.009431
0.016367
0.023546
0.030692
0.037002
0.042353
0.04708
0.051381
0.055389
0.059228
0.062952
0.067766
0.073492
0.07949
0.085414
0.091118
0.096528
0.10165
0.10648
0.11104
0.11537
0.11946
0.12336
0.12709
0.13065
0.13403
0.13725
0.1403
0.1432
0.14592
0.14848
0.15088
0.15312
0.15521
0.15713
0.15891
0.16053
0.16199
0.1633
0.16447
0.16549
0.16639
0.16716
0.16782
0.16836
0.16877
0.16909
0.16914
0.16896
0.1686
0.16809
0.16748
0.16671
0.16501
0.16297
0.16092
0.15901
0.15729
0.15574
0.15434
0.15307
0.1519
0.15083
0.1498
0.14882
0.14783
0.14683
0.14581
0.14477
0.14369
0.14256
0.14139
0.14017
0.13889
0.13756
0.13615
0.13471
0.13322
0.13168
0.13009
0.12845
0.12677
0.12503
0.12325
0.12143
0.11959
0.1177
0.11577
0.11384
0.11188
0.10988
0.10787
0.10585
0.10379
0.10173
0.099664
0.097597
0.095539
0.093484
0.091421
0.089363
0.087312
0.085281
0.083263
0.081263
0.079276
0.077324
0.075379
0.073461
0.071601
0.06974
0.06792
0.066144
0.06441
0.062691
0.061023
0.059384
0.057781
0.05623
0.054724
0.053253
0.051834
0.050464
0.049137
0.047852
0.046598
0.0454
0.044276
0.043197
0.042169
0.041186
0.040256
0.039354
0.038509
0.037698
0.036914
0.036163
0.035453
0.03477
0.034224
0.033661
0.03309
0.032516
0.031946
