115.82
27.176
7.1486
4.7267
5.4497
5.1366
4.6077
4.4858
3.9691
3.0685
2.5255
2.1867
2.0016
1.9136
1.8792
1.8649
1.8497
1.8227
1.7797
1.7201
1.6456
1.5585
1.4615
1.3577
1.2494
1.1393
1.0294
0.95574
0.8569
0.73344
0.62786
0.55742
0.51113
0.46368
0.4212
0.38737
0.36462
0.3539
0.38113
0.41435
0.41084
0.42201
0.44838
0.48305
0.52064
0.55983
0.60003
0.64145
0.68351
0.71455
0.74655
0.78479
0.82684
0.87114
0.91688
0.9633
1.0101
1.0564
1.1021
1.147
1.1909
1.2337
1.2753
1.315
1.353
1.3894
1.4244
1.4573
1.4887
1.5183
1.5461
1.5725
1.5968
1.6197
1.6408
1.6603
1.678
1.6941
1.7089
1.7221
1.7338
1.7445
1.753
1.7607
1.7672
1.7672
1.7668
1.7658
1.7641
1.7617
1.7559
1.726
1.7108
1.7007
1.6918
1.6825
1.6721
1.6612
1.6496
1.6379
1.6259
1.6141
1.6019
1.5896
1.577
1.5644
1.5517
1.5389
1.5255
1.5121
1.4981
1.4839
1.4692
1.4542
1.4391
1.4233
1.4073
1.3908
1.374
1.3566
1.3388
1.3208
1.3023
1.2836
1.2645
1.245
1.2255
1.2056
1.1854
1.165
1.1444
1.1236
1.1028
1.0819
1.0609
1.04
1.0189
0.99768
0.9765
0.95554
0.935
0.91413
0.89337
0.8729
0.85256
0.83227
0.81226
0.79285
0.7733
0.75426
0.73535
0.71689
0.69828
0.68053
0.66284
0.64586
0.62901
0.61252
0.59627
0.58092
0.56569
0.55086
0.5365
0.52243
0.50923
0.49624
0.48386
0.47181
0.46002
0.44894
0.43812
0.42801
0.41811
0.40868
0.3995
0.39084
0.38236
0.37677
0.3682
0.36031
0.35299
0.34623
0.33996
