35.158
0.87105
0.77823
0.83268
0.94551
1.1588
1.256
1.1903
0.94456
1.1674
1.1454
1.0053
0.75811
0.74248
0.76765
1.8558
1.829
1.4012
1.4814
1.6521
1.4495
1.2124
1.0859
1.019
0.99452
0.99566
0.8798
0.74469
1.0088
0.86461
0.74741
1.3353
1.8003
2.2255
1.7193
0.77753
1.0669
1.0939
0.86612
3.7606
3.1546
3.2038
2.417
0.93205
2.8941
1.8547
0.88822
1.9646
1.5204
1.0471
0.7234
1.7746
1.3729
1.1004
1.0318
0.92855
0.80123
1.3597
1.1792
1.2052
1.1767
1.1267
1.1551
1.1349
1.065
1.0247
1.0009
0.8434
0.81757
1.1702
1.2391
1.1524
1.1871
0.94898
1.286
1.233
1.0884
1.266
1.2288
1.1642
1.0463
0.98844
0.98169
0.87599
0.75989
1.1831
1.2577
1.2295
1.1035
1.0493
1.0279
1.1019
1.349
1.3653
1.05
0.72051
0.80625
1.4754
1.372
1.1897
0.74686
0.75908
0.76775
2.1641
2.1789
2.0132
1.6959
1.3558
1.1525
0.83581
1.2386
0.96285
1.0908
1.105
0.95236
1.2496
1.3259
1.3366
1.1083
0.97936
1.0972
1.1124
1.086
1.0676
1.0472
0.86822
1.1531
1.112
0.95159
1.0261
1.2806
1.1519
0.8135
1.4807
1.3652
1.291
1.1889
0.91422
0.78455
1.5922
1.4549
1.3518
1.139
1.1658
1.4106
1.1971
0.99505
0.80364
0.73661
0.74795
0.79099
0.79517
1.8509
1.9659
1.7533
1.2083
1.6402
1.4327
1.0991
1.2762
1.2081
1.038
0.7859
1.1406
0.91123
0.78008
0.72672
0.76594
0.74569
0.71986
2.1513
2.2662
2.2927
1.7107
0.9389
3.5171
2.5845
1.9473
1.3547
1.2725
1.0875
0.8776
0.71837
1.3458
1.0917
1.3411
1.3776
1.1108
0.76681
1.5671
1.3553
1.5351
1.5092
1.1172
0.9515
2.6366
1.5423
1.0184
0.72662
2.3547
1.9979
1.1072
2.0593
1.6686
1.7433
1.3967
1.1719
1.756
1.6442
1.1733
0.71685
2.2715
1.4437
1.0975
0.81964
1.2232
1.7812
1.7532
1.3101
0.94851
0.78762
1.162
1.1723
1.2046
1.1763
1.1442
1.1057
1.0757
1.0575
0.96921
0.79405
0.73882
0.75069
0.75751
0.80044
0.7816
0.73995
0.71889
2.3403
2.3162
2.0924
2.0795
1.6058
1.0654
1.1383
0.93596
0.84113
0.75498
0.73593
