1.1,1.1,0,-0.0051201,2.6829,-0.00013726,6.5437,-0.0051201,-0.0051201,-0.0051201,-0.0051201,-0.0051201,-0.0051201
1.1,1.1,0,0.0035054,0.67586,0.00092773,1.355,1.2209,0.0021269,-0.0062071,2.0121,0.0035054,-0.0062071
1.1,0.97077,0,0.001494,0.61296,0.0021109,0.36081,0.66368,5.9692e-05,-0.0063479,2.0749,0.001494,-0.0063479
1.1,0.93862,0,-0.00043109,0.58422,-0.0013552,0.25416,0.21748,-0.0018655,-0.004933,1.6287,-0.00043109,-0.004933
1.1,0.97092,0,-0.0021957,0.61014,-0.0050264,0.29501,-0.2133,-0.0036301,-0.0035698,1.1979,-0.0021957,-0.0035698
1.1,1.0576,0,-0.0035966,0.58416,-0.0098648,0.29522,-0.5159,-0.005031,-0.0026073,0.89532,-0.0035966,-0.0026073
1.0831,1.1,0,-0.0042724,0.53366,-0.015199,0.26956,-0.53386,-0.0048943,-0.0022627,0.78873,-0.0042724,-0.0022627
1.0596,1.1,0,-0.0058802,0.47029,-0.01857,0.22534,-0.47062,-0.0055417,-0.0021581,0.77041,-0.0058802,-0.0021581
1.0449,1.1,0,-0.0072358,0.41338,-0.020542,0.18729,-0.41385,-0.0060303,-0.0021086,0.76768,-0.0072358,-0.0021086
1.0523,1.1,0,-0.0078012,0.38093,-0.021459,0.15913,-0.38149,-0.00586,-0.0020442,0.75215,-0.0078012,-0.0020442
1.0698,1.0962,0,-0.0080841,0.3659,-0.021758,0.13726,-0.3665,-0.0055351,-0.0019588,0.72689,-0.0080841,-0.0019588
1.0836,1.0941,0,-0.0083901,0.35526,-0.022077,0.12161,-0.35591,-0.0053091,-0.0018733,0.70182,-0.0083901,-0.0018733
1.0913,1.0968,0,-0.0087493,0.34413,-0.022586,0.11146,-0.34484,-0.0051752,-0.0017962,0.68004,-0.0087493,-0.0017962
1.0956,1.1,0,-0.0094702,0.32734,-0.023829,0.10031,-0.32817,-0.0050077,-0.001648,0.63849,-0.0094702,-0.001648
1.0933,1.1,0,-0.010153,0.31098,-0.0251,0.092136,-0.31196,-0.0048848,-0.00152,0.60323,-0.010153,-0.00152
1.0886,1.1,0,-0.010775,0.29468,-0.026239,0.085709,-0.29581,-0.0047677,-0.001411,0.57357,-0.010775,-0.001411
1.0852,1.1,0,-0.011277,0.28,-0.027143,0.07983,-0.28127,-0.0046042,-0.0013163,0.54746,-0.011277,-0.0013163
1.0843,1.1,0,-0.01167,0.26736,-0.027802,0.074017,-0.26877,-0.0044081,-0.0012331,0.52403,-0.01167,-0.0012331
1.0853,1.1,0,-0.011984,0.25638,-0.02827,0.068262,-0.2579,-0.0042051,-0.0011603,0.50321,-0.011984,-0.0011603
1.0872,1.1,0,-0.012243,0.24662,-0.028615,0.06275,-0.24825,-0.0040122,-0.0010968,0.48491,-0.012243,-0.0010968
1.0894,1.1,0,-0.012467,0.2378,-0.028882,0.057745,-0.23952,-0.0038379,-0.0010411,0.46883,-0.012467,-0.0010411
1.0914,1.1,0,-0.012664,0.22987,-0.029113,0.053302,-0.23168,-0.0036827,-0.00099159,0.45451,-0.012664,-0.00099159
1.093,1.1,0,-0.012845,0.22271,-0.029317,0.049498,-0.2246,-0.0035481,-0.0009468,0.44159,-0.012845,-0.0009468
1.0943,1.1,0,-0.013009,0.21624,-0.029505,0.04626,-0.21822,-0.0034262,-0.00090589,0.42977,-0.013009,-0.00090589
1.0953,1.1,0,-0.013159,0.21036,-0.029683,0.043473,-0.21242,-0.0033157,-0.00086819,0.41887,-0.013159,-0.00086819
1.096,1.1,0,-0.013299,0.20498,-0.02985,0.041076,-0.20712,-0.0032158,-0.0008332,0.40875,-0.013299,-0.0008332
1.0966,1.1,0,-0.013427,0.20002,-0.030009,0.038968,-0.20223,-0.0031224,-0.0008007,0.39933,-0.013427,-0.0008007
1.097,1.1,0,-0.013547,0.1954,-0.030157,0.037103,-0.19769,-0.0030375,-0.00077032,0.39054,-0.013547,-0.00077032
1.0973,1.1,0,-0.013657,0.1911,-0.030293,0.03543,-0.19346,-0.0029575,-0.00074189,0.38229,-0.013657,-0.00074189
1.0976,1.1,0,-0.013759,0.18708,-0.030417,0.033893,-0.18951,-0.0028817,-0.00071524,0.37454,-0.013759,-0.00071524
1.0979,1.1,0,-0.013853,0.18331,-0.030531,0.032474,-0.18581,-0.0028095,-0.00069022,0.36725,-0.013853,-0.00069022
1.0981,1.1,0,-0.013941,0.17974,-0.030636,0.031189,-0.18231,-0.0027414,-0.00066668,0.36039,-0.013941,-0.00066668
1.0983,1.1,0,-0.014022,0.17638,-0.030731,0.029996,-0.17902,-0.0026758,-0.00064445,0.35389,-0.014022,-0.00064445
1.0986,1.1,0,-0.014096,0.17322,-0.03082,0.028859,-0.17592,-0.0026131,-0.00062344,0.34773,-0.014096,-0.00062344
1.0988,1.1,0,-0.01417,0.1702,-0.030903,0.027832,-0.17297,-0.002557,-0.00060346,0.34189,-0.01417,-0.00060346
1.0989,1.1,0,-0.014238,0.16734,-0.030982,0.026879,-0.17016,-0.0025018,-0.00058455,0.33634,-0.014238,-0.00058455
1.0991,1.1,0,-0.0143,0.16462,-0.031055,0.025979,-0.1675,-0.0024479,-0.00056659,0.33105,-0.0143,-0.00056659
1.0992,1.1,0,-0.014361,0.16202,-0.031122,0.025139,-0.16497,-0.0023985,-0.00054943,0.32601,-0.014361,-0.00054943
1.0994,1.1,0,-0.014417,0.15955,-0.031188,0.024346,-0.16255,-0.0023493,-0.00053311,0.3212,-0.014417,-0.00053311
1.0995,1.1,0,-0.014472,0.15719,-0.03125,0.02361,-0.16025,-0.0023046,-0.00051743,0.31659,-0.014472,-0.00051743
1.0995,1.1,0,-0.014523,0.15491,-0.031308,0.022946,-0.15803,-0.002261,-0.00050247,0.31218,-0.014523,-0.00050247
1.0996,1.1,0,-0.014571,0.15274,-0.03136,0.022302,-0.15591,-0.002218,-0.00048813,0.30794,-0.014571,-0.00048813
1.0997,1.1,0,-0.014616,0.15067,-0.031409,0.021667,-0.1539,-0.0021764,-0.00047438,0.30386,-0.014616,-0.00047438
1.0999,1.1,0,-0.014658,0.14867,-0.031456,0.021063,-0.15195,-0.0021367,-0.00046123,0.29996,-0.014658,-0.00046123
1.0999,1.1,0,-0.014701,0.14674,-0.031501,0.02051,-0.15007,-0.0021016,-0.00044851,0.29622,-0.014701,-0.00044851
1.1,1.1,0,-0.014741,0.14488,-0.031542,0.020006,-0.14826,-0.0020654,-0.00043631,0.29261,-0.014741,-0.00043631
1.1,1.1,0,-0.014777,0.14309,-0.031582,0.019533,-0.14652,-0.0020293,-0.00042457,0.28911,-0.014777,-0.00042457
1.1,1.1,0,-0.014812,0.14136,-0.031614,0.019081,-0.14484,-0.0019948,-0.00041322,0.28573,-0.014812,-0.00041322
1.1,1.1,0,-0.014843,0.1397,-0.03164,0.018653,-0.14322,-0.0019589,-0.00040233,0.28246,-0.014843,-0.00040233
1.1,1.1,0,-0.014871,0.13808,-0.031659,0.018243,-0.14165,-0.0019221,-0.0003919,0.27931,-0.014871,-0.0003919
