0.24833
0.0015016
0.00059342
0.0082452
0.025152
0.019978
0.10073
0.11397
0.079652
0.056221
0.0061418
0.037996
0.032357
0.025976
0.02283
-0.003124
0.022629
0.027294
0.030457
0.029815
0.012092
0.013578
0.016711
0.017512
-0.000217
0.018099
0.018248
0.015202
0.017446
0.017729
-0.00020396
0.01823
0.018374
0.01536
0.017524
0.01779
-0.00021066
0.018258
0.018391
0.015388
0.017538
0.017798
-0.0002146
0.018257
0.018385
0.015388
0.017529
0.017788
-0.00020951
0.018253
0.018379
0.015392
0.017528
0.017786
-0.00020595
0.018247
0.018372
0.015389
0.01752
0.017779
-0.00020476
0.01824
0.018365
0.015389
0.017517
0.017774
-0.00020034
0.018242
0.018357
0.015385
0.017511
0.01777
-0.00019803
0.018237
0.018352
0.015391
0.01751
0.017762
-0.00019027
0.018233
0.018347
0.015394
0.017509
0.017759
-0.00018912
0.018232
0.018345
0.015395
0.01751
0.017758
-0.00018478
0.01824
0.01835
0.015383
0.017509
0.01776
-0.00019724
0.018235
0.01835
0.015384
0.017521
0.017771
-0.00020582
0.018239
0.018357
0.015382
0.017519
0.017768
-0.00020256
0.018241
0.018357
0.015383
0.017518
0.01777
-0.00020072
0.018246
0.018364
0.015388
0.017521
0.017771
-0.00020293
0.018245
0.018363
0.015387
0.017524
0.017782
-0.00020238
0.018257
0.018374
0.015393
0.017532
0.017781
-0.00021338
0.018245
0.018365
0.015376
0.017527
0.017779
-0.00021123
0.018255
0.018377
0.015382
0.017535
0.017787
-0.00021367
0.018257
0.018374
0.015387
0.017535
0.017791
-0.00020646
0.018264
0.01838
0.015385
0.017524
0.017778
-0.00020541
0.018252
0.018368
0.015386
0.01753
0.017779
-0.00020675
0.018254
0.01837
0.015388
0.017532
0.017781
-0.00020723
0.018255
0.018373
0.015388
0.017534
0.017783
-0.00020787
0.018256
0.018374
0.015389
0.017534
0.017784
-0.00020679
0.018259
0.018377
0.015391
0.017537
0.018007
0.015902
0.015253
0.016024
0.014129
0.013662
0.014449
0.013472
0.013618
0.014346
0.01342
0.013485
0.014204
0.01329
0.013354
