0.9959
0.012077
0.090044
0.060214
0.092185
0.42132
0.62031
0.50156
0.3742
0.28628
0.4465
0.35187
0.35013
0.34493
0.18698
0.2681
0.19564
0.17485
0.17718
0.12208
0.10517
0.097262
0.099403
0.070234
0.10895
0.097558
0.10069
0.096626
0.10049
0.071093
0.10997
0.098405
0.10157
0.097359
0.10106
0.071409
0.11039
0.098669
0.10183
0.097541
0.10119
0.071469
0.11046
0.0987
0.10185
0.09753
0.10117
0.071446
0.11042
0.098678
0.10184
0.097527
0.10116
0.071438
0.1104
0.098657
0.10181
0.097496
0.10113
0.071413
0.11036
0.098619
0.10178
0.097473
0.1011
0.071397
0.11034
0.098607
0.10175
0.097449
0.10107
0.07138
0.11031
0.098584
0.10174
0.097443
0.10105
0.071357
0.11028
0.098565
0.10172
0.097437
0.10105
0.071352
0.11027
0.098554
0.10172
0.097438
0.10104
0.071348
0.11028
0.098579
0.10173
0.09743
0.10104
0.071348
0.11028
0.098564
0.10172
0.097448
0.10108
0.07138
0.11033
0.09859
0.10174
0.097454
0.10107
0.071372
0.11033
0.098593
0.10174
0.097456
0.10108
0.071381
0.11034
0.098623
0.10177
0.097477
0.1011
0.071387
0.11035
0.09862
0.10177
0.097482
0.10113
0.07142
0.1104
0.098671
0.10182
0.097526
0.10115
0.071421
0.1104
0.098635
0.10178
0.097484
0.10112
0.071408
0.1104
0.098665
0.10181
0.097518
0.10116
0.071436
0.11043
0.098682
0.10182
0.097527
0.10117
0.071452
0.11046
0.098707
0.10185
0.097516
0.10113
0.071413
0.1104
0.09865
0.10179
0.097507
0.10113
0.071415
0.1104
0.098656
0.1018
0.097518
0.10114
0.071422
0.11042
0.098664
0.10181
0.097527
0.10115
0.071428
0.11042
0.098672
0.10182
0.097532
0.10116
0.071433
0.11043
0.098685
0.10183
0.097545
0.10117
0.095643
0.089419
0.091645
0.086555
0.080762
0.082667
0.083295
0.079224
0.081544
0.082401
0.078402
0.080708
0.081576
0.077624
0.079917
