99.885
0.66364
0.082866
1.1551
0.52679
0.26114
0.72946
0.9838
0.75157
0.58221
0.24934
0.32933
0.27523
0.2736
0.53896
0.15268
0.19645
0.1531
0.13689
0.27673
0.18668
0.16295
0.15058
0.31058
0.12366
0.14116
0.1525
0.15669
0.15073
0.31408
0.12469
0.14272
0.15381
0.15807
0.15189
0.31586
0.12528
0.14331
0.15423
0.15847
0.15218
0.31626
0.12539
0.14342
0.15427
0.15851
0.15217
0.31619
0.12535
0.14339
0.15423
0.15849
0.15216
0.31616
0.12533
0.14338
0.1542
0.15846
0.15212
0.31606
0.12528
0.14333
0.15414
0.15841
0.15208
0.31598
0.12525
0.14331
0.15412
0.15837
0.15204
0.3159
0.12521
0.14328
0.15409
0.15835
0.15204
0.31584
0.12517
0.14326
0.15406
0.15833
0.15203
0.31581
0.12515
0.14325
0.15404
0.15832
0.15203
0.31579
0.12514
0.14327
0.15408
0.15833
0.15201
0.3158
0.12516
0.14324
0.15405
0.15832
0.15204
0.31592
0.12523
0.14327
0.1541
0.15835
0.15205
0.3159
0.12521
0.14328
0.1541
0.15835
0.15205
0.31592
0.12522
0.14331
0.15415
0.15839
0.15209
0.31597
0.12524
0.14331
0.15414
0.15839
0.15209
0.31607
0.12529
0.14338
0.15422
0.15847
0.15216
0.31614
0.12532
0.14334
0.15417
0.15841
0.15209
0.31604
0.12528
0.14335
0.15422
0.15845
0.15215
0.31618
0.12534
0.14339
0.15424
0.15846
0.15216
0.31621
0.12535
0.14344
0.15428
0.1585
0.15215
0.31609
0.12529
0.14337
0.15419
0.15843
0.15213
0.31608
0.12529
0.14337
0.1542
0.15844
0.15215
0.31612
0.12531
0.14338
0.15421
0.15846
0.15216
0.31614
0.12532
0.14339
0.15423
0.15847
0.15217
0.31616
0.12532
0.14341
0.15425
0.15849
0.15219
0.17568
0.16499
0.15517
0.17683
0.166
0.15574
0.16107
0.16196
0.15438
0.16052
0.16182
0.15431
0.16049
0.16182
0.15432
