4.9505
0.086728
0.0036036
0.042453
0.15506
0.098468
0.046802
0.017302
0.0047784
0.002091
0.0043638
0.0073028
0.0087536
0.0086489
0.0082857
0.0078796
0.0074985
0.0072207
0.0070532
0.0069531
0.0068771
0.0068006
0.0067153
0.0066269
0.0065401
0.006455
0.0063736
0.0062918
0.0062071
0.006119
0.0060264
0.0059269
0.0058184
0.0056984
0.005564
0.0054098
0.0052277
0.005004
0.0047469
0.0045933
0.0044516
0.0043288
0.0039066
0.0023464
0.0020913
0.0017982
0.0018235
0.001828
0.001831
0.0023731
0.0022256
0.0021821
0.0021822
0.0020767
0.0020724
0.0020761
0.0020807
0.0020851
0.00209
0.0020949
0.0021002
0.0021058
0.0021117
0.0021235
0.0020164
0.0020144
0.0020208
0.0020285
0.0019479
0.0019494
0.0019575
0.0019666
0.0019762
0.0019864
0.0019973
0.0020088
0.0020211
0.0020344
0.0020484
0.0020635
0.0020799
0.0020976
0.0021167
0.0021377
0.0021604
0.0021855
0.0022131
0.0022692
0.0021568
0.0021841
0.0022385
0.0021496
0.0021988
0.0021269
0.0021213
0.0021209
0.0021209
0.0021209
0.0020744
0.0020129
0.0020181
0.0020218
0.0020237
0.002113
0.0021356
0.0021477
0.0021524
0.0021115
0.0021112
0.0021124
0.002113
0.0021069
0.0021062
0.002106
0.0021038
0.0021044
0.0021045
0.0021045
0.0021045
0.0021045
0.0021045
0.0021045
0.0021045
0.0021045
0.0021045
0.0021045
0.0021045
0.0021045
0.0021045
0.0021045
0.0021038
0.0021037
0.0021037
0.0021037
0.0021037
0.0021037
0.0021038
0.0021037
0.0021037
0.0021037
0.0021037
0.0021037
0.0021025
0.0021023
0.0021023
0.0021007
0.0021005
0.0021004
0.0020987
0.0020984
0.0020983
0.0020984
0.0020983
0.0020985
0.0020966
0.0020963
0.0020962
0.0020962
0.0020962
0.0020962
0.0020962
0.0020962
0.0020962
0.0020961
0.0020942
0.0020939
0.0020939
0.0020938
0.0020939
0.0020938
0.0020939
0.0020938
0.0020939
0.0020938
0.0020939
0.0020939
0.002092
0.0020916
0.0020915
0.0020915
0.0020915
0.0020915
0.0020875
0.0020869
0.0020868
0.0020868
0.0020832
0.0020826
0.0020824
0.0020823
0.002081
0.0020808
0.0020806
0.0020792
0.0020771
0.0020755
0.0020752
0.0020752
0.0020751
0.0020751
