138.67
6.832
4.218
10.487
8.8919
6.6002
4.6026
2.9653
1.7362
0.98506
0.66068
0.60121
0.62297
0.63595
0.62642
0.60918
0.59184
0.57849
0.56975
0.56399
0.55946
0.55502
0.55013
0.54504
0.53988
0.53462
0.52938
0.524
0.51836
0.51244
0.50619
0.49948
0.49226
0.48443
0.47594
0.46673
0.45694
0.41147
0.32527
0.3111
0.29846
0.2886
0.28031
0.22169
0.19046
0.18209
0.18935
0.18957
0.18971
0.18953
0.18283
0.18081
0.18074
0.17491
0.17459
0.17473
0.1749
0.17508
0.17527
0.17547
0.17568
0.17591
0.17614
0.17639
0.17019
0.16995
0.17019
0.17048
0.16526
0.16518
0.16548
0.16584
0.16621
0.16661
0.16704
0.16749
0.16799
0.16852
0.16909
0.16971
0.17038
0.17112
0.17193
0.17282
0.1738
0.17489
0.17611
0.17749
0.17244
0.17342
0.17527
0.17105
0.17284
0.16903
0.1687
0.16867
0.16867
0.16867
0.16741
0.16329
0.16332
0.16345
0.16359
0.16257
0.16311
0.1637
0.16393
0.16392
0.16376
0.16382
0.16385
0.16359
0.16354
0.16354
0.16352
0.16336
0.16336
0.16336
0.16336
0.16336
0.16336
0.16336
0.16336
0.16336
0.16336
0.16336
0.16336
0.16336
0.16336
0.16336
0.1632
0.1632
0.1632
0.1632
0.1632
0.1632
0.1632
0.1632
0.1632
0.1632
0.1632
0.16319
0.16306
0.16305
0.16305
0.16292
0.16291
0.16291
0.16279
0.16278
0.16278
0.16278
0.16277
0.16277
0.16267
0.16265
0.16265
0.16265
0.16265
0.16265
0.16265
0.16265
0.16264
0.16264
0.16255
0.16253
0.16253
0.16253
0.16253
0.16253
0.16253
0.16253
0.16253
0.16253
0.16253
0.16253
0.16244
0.16242
0.16242
0.16241
0.16241
0.16242
0.16218
0.16215
0.16215
0.16214
0.16196
0.16193
0.16192
0.16192
0.16184
0.16182
0.16182
0.16174
0.16169
0.16161
0.1616
0.16159
0.16159
0.16159
