2.0041
0.03706
0.0029235
-0.024431
0.0029058
0.00031137
9.4692e-05
-0.00063917
-0.00033549
-0.00021396
-0.00010699
-0.0021898
-0.0015391
-0.00063013
0.00037211
0.00072923
0.00091239
9.8868e-05
0.00012427
8.8491e-05
-2.8336e-05
1.7141e-05
1.3849e-05
1.1229e-05
8.8078e-06
-1.759e-05
2.4567e-05
1.6168e-05
2.2416e-06
-4.9049e-06
-1.3159e-05
-7.1625e-06
-3.8294e-07
2.1565e-06
1.7933e-05
3.013e-06
-4.2282e-06
-3.4737e-06
-1.3794e-06
1.8745e-07
4.5722e-07
4.1267e-07
1.0979e-07
7.8547e-08
5.5322e-08
2.4077e-08
8.4851e-10
-2.2389e-08
-5.365e-08
-7.6899e-08
7.3746e-06
1.4903e-06
-1.206e-06
-1.4971e-06
-4.9115e-07
3.0084e-08
2.7165e-07
-4.0824e-08
-6.562e-08
-9.8441e-08
-1.2325e-07
-1.5608e-07
-1.8089e-07
-2.1373e-07
-2.3855e-07
2.1591e-08
1.2994e-07
2.3829e-07
3.386e-07
-9.9083e-08
-2.6512e-07
-4.2314e-07
-4.3178e-08
6.5134e-08
1.6543e-07
2.7374e-07
3.8204e-07
-6.369e-08
-2.2174e-07
-3.8782e-07
1.3006e-10
1.0039e-07
2.0867e-07
3.1695e-07
1.2421e-07
9.9297e-08
6.6359e-08
4.1431e-08
5.6016e-06
2.7798e-06
8.9563e-07
1.9124e-07
1.2578e-06
2.648e-07
-1.6166e-07
-5.0935e-08
5.8648e-07
2.6959e-07
5.3299e-07
5.8824e-07
4.3826e-07
1.4735e-07
-5.6148e-07
-4.5233e-07
-6.8665e-08
-2.7354e-07
2.4359e-07
-7.2897e-08
-1.0159e-07
-1.382e-07
-1.6663e-07
-2.0292e-07
-2.3105e-07
-2.6712e-07
2.5102e-07
-6.4372e-08
-9.9943e-08
-1.2734e-07
-1.6261e-07
3.5054e-07
1.1442e-06
6.0721e-07
-4.4628e-07
-1.2807e-06
-1.7065e-06
-9.029e-07
9.8781e-09
-2.4612e-08
7.7441e-07
4.8679e-07
3.5377e-07
2.9297e-07
1.9418e-08
1.6774e-07
1.4812e-07
-1.568e-07
-3.1029e-07
-4.6414e-07
-3.18e-07
-8.6661e-08
-2.6783e-07
2.652e-07
2.5794e-07
6.3265e-07
8.0341e-08
-5.7883e-07
-4.8458e-07
-9.2412e-08
-2.7391e-07
5.4121e-09
-1.7575e-07
-1.4878e-07
8.3659e-08
4.5037e-07
-9.393e-08
-2.4704e-07
-4.0052e-07
-3.3929e-10
-4.3485e-07
-3.5685e-08
-2.1685e-07
-2.3785e-07
4.2563e-08
4.0927e-07
4.0297e-07
-2.7482e-07
-5.5412e-08
-2.8115e-08
-3.4278e-07
-4.9763e-07
-9.8138e-08
2.6707e-07
2.5981e-07
6.3453e-07
8.2223e-08
-5.6893e-07
-4.827e-07
-9.053e-08
-2.2405e-07
7.3048e-09
-1.259e-07
-1.8685e-07
8.5542e-08
4.6026e-07
-9.2048e-08
-2.4516e-07
-3.9062e-07
1.5435e-09
-4.2496e-07
-3.3812e-08
-2.1498e-07
-1.88e-07
4.4454e-08
4.1117e-07
4.1289e-07
-2.729e-07
-5.5215e-09
-6.6135e-08
-3.4083e-07
-4.8766e-07
