0.0031001,-0.0030979,-2.596,-0.0014612,2.5961,0.0016517,-1.8305e-06,-2.596,-0.0014612,0.0079375
-0.060475,0.060475,-1.4431,-0.0015447,1.4428,-0.0021322,5.6447e-05,-1.4431,-0.0015447,0.0044341
0.037353,-0.037353,-0.14791,0.00094778,0.14813,0.0013233,-3.4865e-05,-0.14791,0.00094778,0.00042082
0.096985,-0.096985,-0.24379,0.00085311,0.24438,0.0050436,-9.0526e-05,-0.24379,0.00085311,0.00071518
0.023928,-0.023928,-0.13744,-0.00021283,0.13759,0.0016676,-2.2334e-05,-0.13744,-0.00021283,0.0004243
0.035478,-0.035478,-0.073448,-0.0016195,0.073664,0.0037766,-3.3115e-05,-0.073448,-0.0016195,0.00027252
3.3813e-06,-3.3813e-06,-0.027639,-0.0018,0.027639,0.0018002,-3.1561e-09,-0.027639,-0.0018,0.00013874
0.032458,-0.032458,0.0029428,-0.0017447,-0.0027455,0.0037181,-3.0296e-05,0.0029428,-0.0017447,4.4092e-05
0.00020745,-0.00020745,0.012164,-0.0018169,-0.012163,0.0018296,-1.9364e-07,0.012164,-0.0018169,1.8256e-05
9.6646e-06,-9.6646e-06,0.011186,-0.0012156,-0.011186,0.0012162,-9.021e-09,0.011186,-0.0012156,2.9489e-06
0.00032377,-0.00032377,0.11515,-0.001807,-0.11514,0.0018267,-3.022e-07,0.11515,-0.001807,-0.00029511
0.00032069,-0.00032069,0.13451,-0.0042458,-0.13451,0.0042653,-2.9933e-07,0.13451,-0.0042458,-0.00027984
0.00033003,-0.00033003,0.098734,-0.0038617,-0.098732,0.0038818,-3.0805e-07,0.098734,-0.0038617,-0.00018275
0.00024701,-0.00024701,0.053384,-0.0024025,-0.053382,0.0024175,-2.3056e-07,0.053384,-0.0024025,-8.9252e-05
0.00020784,-0.00020784,0.017643,-0.0024627,-0.017642,0.0024753,-1.94e-07,0.017643,-0.0024627,2.123e-05
-6.544e-05,6.544e-05,-0.00068791,-0.0017794,0.00068752,0.0017754,6.1081e-08,-0.00068791,-0.0017794,5.6185e-05
-0.00015696,0.00015696,-0.0068005,-0.0017802,0.0067996,0.0017706,1.465e-07,-0.0068005,-0.0017802,7.4791e-05
-1.1599e-05,1.1599e-05,-0.009616,-0.00020519,0.0096159,0.00020449,1.0826e-08,-0.009616,-0.00020519,3.5471e-05
6.6058e-06,-6.6058e-06,-0.0091069,1.4745e-05,0.0091069,-1.4343e-05,-6.1658e-09,-0.0091069,1.4745e-05,2.7237e-05
9.7506e-07,-9.7506e-07,-0.0051255,2.505e-05,0.0051255,-2.499e-05,-9.1012e-10,-0.0051255,2.505e-05,1.482e-05
-1.9488e-05,1.9488e-05,-0.0034207,3.9835e-05,0.0034206,-4.102e-05,1.819e-08,-0.0034207,3.9835e-05,9.188e-06
-4.6417e-05,4.6417e-05,-0.0024029,2.4748e-05,0.0024026,-2.757e-05,4.3326e-08,-0.0024029,2.4748e-05,6.5525e-06
-7.813e-05,7.813e-05,-0.0017634,1.3262e-05,0.0017629,-1.8012e-05,7.2927e-08,-0.0017634,1.3262e-05,4.9575e-06
-1.3595e-05,1.3595e-05,-0.0013225,7.4242e-06,0.0013224,-8.2507e-06,1.269e-08,-0.0013225,7.4242e-06,3.7946e-06
-4.9866e-05,4.9866e-05,-0.00029478,-6.1024e-07,0.00029448,-2.4216e-06,4.6545e-08,-0.00029478,-6.1024e-07,9.1469e-07
-0.00012628,0.00012628,-0.0013771,3.4237e-06,0.0013763,-1.1101e-05,1.1787e-07,-0.0013771,3.4237e-06,4.0822e-06
-7.3851e-06,7.3851e-06,-0.0015374,-1.5652e-06,0.0015374,1.1162e-06,6.8932e-09,-0.0015374,-1.5652e-06,4.7213e-06
-5.069e-05,5.069e-05,-0.00088049,-5.866e-06,0.00088018,2.7841e-06,4.7314e-08,-0.00088049,-5.866e-06,2.855e-06
4.5999e-06,-4.5999e-06,-0.00042352,-3.8506e-06,0.00042355,4.1302e-06,-4.2936e-09,-0.00042352,-3.8506e-06,1.4046e-06
-8.4203e-05,8.4203e-05,0.00015669,-1.583e-06,-0.0001572,-3.5365e-06,7.8595e-08,0.00015669,-1.583e-06,-4.282e-07
-0.00026019,0.00026019,0.00043711,-5.9591e-06,-0.00043869,-9.8605e-06,2.4286e-07,0.00043711,-5.9591e-06,-1.1476e-06
-3.5453e-05,3.5453e-05,0.00023834,-2.3349e-06,-0.00023855,1.7932e-07,3.3092e-08,0.00023834,-2.3349e-06,-6.5357e-07
-0.00021038,0.00021038,1.2091e-05,-3.4749e-06,-1.337e-05,-9.3162e-06,1.9637e-07,1.2091e-05,-3.4749e-06,6.8881e-08
8.7256e-06,-8.7256e-06,-0.00089144,-0.00010375,0.0008915,0.00010428,-8.1445e-09,-0.00089144,-0.00010375,5.8641e-06
-0.00017375,0.00017375,-0.00059446,-3.518e-06,0.0005934,-7.0463e-06,1.6218e-07,-0.00059446,-3.518e-06,1.9141e-06
-0.0003561,0.0003561,-8.5477e-05,-6.7654e-06,8.3312e-05,-1.4886e-05,3.3239e-07,-8.5477e-05,-6.7654e-06,4.6552e-07
-0.0001378,0.0001378,0.00013098,-1.4864e-06,-0.00013182,-6.892e-06,1.2863e-07,0.00013098,-1.4864e-06,-3.53e-07
-0.00031879,0.00031879,0.0001333,-6.5566e-06,-0.00013524,-1.2826e-05,2.9756e-07,0.0001333,-6.5566e-06,-2.0591e-07
-9.9529e-05,9.9529e-05,5.6431e-05,-1.7824e-06,-5.7036e-05,-4.269e-06,9.29e-08,5.6431e-05,-1.7824e-06,-1.1737e-07
-0.00027997,0.00027997,5.4185e-06,-6.4401e-06,-7.1207e-06,-1.0582e-05,2.6133e-07,5.4185e-06,-6.4401e-06,1.7931e-07
-6.0369e-05,6.0369e-05,-1.8117e-05,-5.9435e-07,1.775e-05,-3.0761e-06,5.6348e-08,-1.8117e-05,-5.9435e-07,7.3144e-08
-0.00024048,0.00024048,-1.5796e-05,-4.0473e-06,1.4334e-05,-1.0574e-05,2.2447e-07,-1.5796e-05,-4.0473e-06,1.7106e-07
-2.0563e-05,2.0563e-05,-1.2664e-05,-6.1999e-08,1.2539e-05,-1.1882e-06,1.9194e-08,-1.2664e-05,-6.1999e-08,4.0384e-08
-0.00020039,0.00020039,-1.0342e-05,-4.1757e-06,9.1237e-06,-8.0081e-06,1.8705e-07,-1.0342e-05,-4.1757e-06,1.5838e-07
1.9746e-05,-1.9746e-05,-7.2097e-06,2.139e-07,7.3298e-06,9.8664e-07,-1.8431e-08,-7.2097e-06,2.139e-07,1.5415e-08
-0.0001599,0.0001599,-4.8874e-06,-2.963e-06,3.9152e-06,-6.7587e-06,1.4925e-07,-4.8874e-06,-2.963e-06,1.0493e-07
-0.00033909,0.00033909,-2.5642e-06,-5.5976e-06,5.0253e-07,-1.5019e-05,3.1651e-07,-2.5642e-06,-5.5976e-06,1.7796e-07
-0.00011814,0.00011814,5.6979e-07,-2.6577e-06,-1.2881e-06,-4.525e-06,1.1027e-07,5.6979e-07,-2.6577e-06,7.9062e-08
-0.00029681,0.00029681,2.8941e-06,-5.815e-06,-4.6987e-06,-1.2231e-05,2.7704e-07,2.8941e-06,-5.815e-06,1.6798e-07
-7.848e-05,7.848e-05,-0.00036715,-6.6024e-05,0.00036668,6.1252e-05,7.3253e-08,-0.00036715,-6.6024e-05,3.1233e-06
-0.00026052,0.00026052,-0.00025801,-4.0514e-06,0.00025642,-1.1788e-05,2.4317e-07,-0.00025801,-4.0514e-06,9.0751e-07
-4.2595e-05,4.2595e-05,-6.8056e-05,4.0165e-07,6.7797e-05,-2.9914e-06,3.9758e-08,-6.8056e-05,4.0165e-07,1.9468e-07
-0.00022425,0.00022425,4.1087e-05,-3.9049e-06,-4.245e-05,-9.7297e-06,2.0932e-07,4.1087e-05,-3.9049e-06,-6.1935e-09
-5.7499e-06,5.7499e-06,4.4374e-05,-2.3406e-07,-4.4409e-05,-1.1553e-07,5.367e-09,4.4374e-05,-2.3406e-07,-1.2778e-07
-0.00018699,0.00018699,2.0185e-05,-4.1281e-06,-2.1321e-05,-7.2407e-06,1.7453e-07,2.0185e-05,-4.1281e-06,6.4134e-08
-0.00036777,0.00036777,-4.0038e-06,-7.4799e-06,1.7677e-06,-1.4881e-05,3.4328e-07,-4.0038e-06,-7.4799e-06,2.3956e-07
-0.0001484,0.0001484,-7.1498e-07,-2.1917e-06,-1.8726e-07,-6.8307e-06,1.3851e-07,-7.1498e-07,-2.1917e-06,6.8803e-08
-0.00032855,0.00032855,1.7643e-06,-4.5985e-06,-3.7619e-06,-1.5377e-05,3.0667e-07,1.7643e-06,-4.5985e-06,1.3443e-07
-0.00010856,0.00010856,5.0544e-06,-1.4308e-06,-5.7145e-06,-5.1696e-06,1.0133e-07,5.0544e-06,-1.4308e-06,2.8132e-08
-0.00028826,0.00028826,7.5348e-06,-7.2939e-06,-9.2874e-06,-1.0232e-05,2.6906e-07,7.5348e-06,-7.2939e-06,1.9883e-07
-6.7898e-05,6.7898e-05,1.0826e-05,-2.2526e-06,-1.1238e-05,-1.8756e-06,6.3376e-08,1.0826e-05,-2.2526e-06,3.5569e-08
-0.00024717,0.00024717,1.3307e-05,-3.1752e-06,-1.481e-05,-1.1853e-05,2.3071e-07,1.3307e-05,-3.1752e-06,5.6073e-08
-2.6411e-05,2.6411e-05,1.6599e-05,-6.5821e-07,-1.6759e-05,-9.4758e-07,2.4652e-08,1.6599e-05,-6.5821e-07,-3.0451e-08
-0.00020544,0.00020544,1.908e-05,-5.5746e-06,-2.033e-05,-6.916e-06,1.9176e-07,1.908e-05,-5.5746e-06,1.1146e-07
1.5538e-05,-1.5538e-05,9.0391e-06,-1.3201e-06,-8.9446e-06,2.2648e-06,-1.4503e-08,9.0391e-06,-1.3201e-06,1.2652e-08
-0.0001633,0.0001633,-1.8122e-06,-3.9664e-06,8.1933e-07,-5.9624e-06,1.5243e-07,-1.8122e-06,-3.9664e-06,1.2609e-07
-0.00034169,0.00034169,-1.2663e-05,-6.0703e-06,1.0585e-05,-1.4704e-05,3.1893e-07,-1.2663e-05,-6.0703e-06,2.2303e-07
-0.00011985,0.00011985,-2.2702e-05,6.7579e-08,2.1974e-05,-7.3547e-06,1.1187e-07,-2.2702e-05,6.7579e-08,6.6961e-08
-0.00029772,0.00029772,-6.8848e-06,-7.225e-06,5.0747e-06,-1.0876e-05,2.7789e-07,-6.8848e-06,-7.225e-06,2.4057e-07
-7.5471e-05,7.5471e-05,9.7431e-06,-5.4638e-07,-1.0202e-05,-4.0423e-06,7.0445e-08,9.7431e-06,-5.4638e-07,-1.3009e-08
-0.00025294,0.00025294,2.5561e-05,-6.3648e-06,-2.7099e-05,-9.0142e-06,2.361e-07,2.5561e-05,-6.3648e-06,1.1578e-07
-3.0343e-05,3.0343e-05,1.5523e-05,-7.4444e-07,-1.5708e-05,-1.1004e-06,2.8322e-08,1.5523e-05,-7.4444e-07,-2.4559e-08
-0.00020747,0.00020747,4.6754e-06,-3.6225e-06,-5.9368e-06,-8.9915e-06,1.9365e-07,4.6754e-06,-3.6225e-06,9.5912e-08
1.541e-05,-1.541e-05,-5.362e-06,1.337e-06,5.4557e-06,-4.0004e-07,-1.4384e-08,-5.362e-06,1.337e-06,-2.4344e-08
-0.00016146,0.00016146,-1.6209e-05,-1.8024e-06,1.5228e-05,-8.014e-06,1.507e-07,-1.6209e-05,-1.8024e-06,1.0407e-07
-0.00033793,0.00033793,-2.7056e-05,-7.4665e-06,2.5001e-05,-1.308e-05,3.1542e-07,-2.7056e-05,-7.4665e-06,3.0923e-07
-0.00011432,0.00011432,-1.0425e-05,-3.1593e-06,9.7301e-06,-3.7914e-06,1.0671e-07,-1.0425e-05,-3.1593e-06,1.2774e-07
-0.00029033,0.00029033,5.396e-06,-5.0825e-06,-7.1611e-06,-1.2569e-05,2.7099e-07,5.396e-06,-5.0825e-06,1.381e-07
-6.6324e-05,6.6324e-05,2.2028e-05,-3.3002e-06,-2.2431e-05,-7.3234e-07,6.1907e-08,2.2028e-05,-3.3002e-06,3.3361e-08
-0.00024193,0.00024193,1.1183e-05,-3.215e-06,-1.2654e-05,-1.1494e-05,2.2581e-07,1.1183e-05,-3.215e-06,6.374e-08
-1.7495e-05,1.7495e-05,1.1488e-06,1.7643e-07,-1.2552e-06,-1.2401e-06,1.633e-08,1.1488e-06,1.7643e-07,-8.8561e-09
-0.00019283,0.00019283,-9.6953e-06,-4.1316e-06,8.5229e-06,-7.5924e-06,1.7999e-07,-9.6953e-06,-4.1316e-06,1.5508e-07
-0.00036772,0.00036772,-2.0539e-05,-7.7642e-06,1.8303e-05,-1.4593e-05,3.4323e-07,-2.0539e-05,-7.7642e-06,2.9847e-07
-0.00014239,0.00014239,-1.7238e-05,-2.4888e-06,1.6372e-05,-6.1683e-06,1.329e-07,-1.7238e-05,-2.4888e-06,1.2806e-07
-0.00031661,0.00031661,-1.4747e-05,-4.5087e-06,1.2822e-05,-1.4741e-05,2.9552e-07,-1.4747e-05,-4.5087e-06,1.8189e-07
-9.0693e-05,9.0693e-05,-1.1445e-05,-8.2102e-07,1.0893e-05,-4.6931e-06,8.4653e-08,-1.1445e-05,-8.2102e-07,5.9751e-08
-0.00026447,0.00026447,-8.9525e-06,-6.1642e-06,7.3445e-06,-9.9153e-06,2.4685e-07,-8.9525e-06,-6.1642e-06,2.1461e-07
-4.2754e-05,4.2754e-05,-0.00028563,-0.0001229,0.00028537,0.0001203,3.9906e-08,-0.00028563,-0.0001229,4.6044e-06
-0.00022291,0.00022291,-0.00028312,-4.6873e-05,0.00028177,3.332e-05,2.0806e-07,-0.00028312,-4.6873e-05,2.2856e-06
-4.1331e-06,4.1331e-06,-0.00018647,-1.6617e-05,0.00018644,1.6365e-05,3.8577e-09,-0.00018647,-1.6617e-05,1.072e-06
-0.00018578,0.00018578,-0.00010395,-1.1813e-05,0.00010282,5.1722e-07,1.7341e-07,-0.00010395,-1.1813e-05,6.751e-07
-0.00036755,0.00036755,-0.00011474,-1.3337e-05,0.00011251,-9.0099e-06,3.4307e-07,-0.00011474,-1.3337e-05,7.5426e-07
-0.00014969,0.00014969,-7.1314e-05,-1.4927e-05,7.0404e-05,5.8255e-06,1.3973e-07,-7.1314e-05,-1.4927e-05,6.7057e-07
-0.00033194,0.00033194,-2.862e-05,-1.9588e-05,2.6602e-05,-5.94e-07,3.0983e-07,-2.862e-05,-1.9588e-05,6.8247e-07
-0.00011472,0.00011472,-1.1702e-05,-2.1609e-05,1.1005e-05,1.4634e-05,1.0708e-07,-1.1702e-05,-2.1609e-05,6.9249e-07
-0.00029804,0.00029804,-3.5523e-05,-3.1681e-05,3.3711e-05,1.356e-05,2.7819e-07,-3.5523e-05,-3.1681e-05,1.0711e-06
-8.2568e-05,8.2568e-05,-3.1792e-05,-3.9435e-05,3.129e-05,3.4415e-05,7.7069e-08,-3.1792e-05,-3.9435e-05,1.2955e-06
-0.00026843,0.00026843,-4.2167e-05,-5.5182e-05,4.0535e-05,3.8861e-05,2.5055e-07,-4.2167e-05,-5.5182e-05,1.8057e-06
-5.622e-05,5.622e-05,-5.1695e-05,-6.2725e-05,5.1353e-05,5.9307e-05,5.2476e-08,-5.1695e-05,-6.2725e-05,2.064e-06
-0.00024593,0.00024593,-4.8683e-05,-7.5676e-05,4.7188e-05,6.0724e-05,2.2955e-07,-4.8683e-05,-7.5676e-05,2.4486e-06
-3.8133e-05,3.8133e-05,-3.1553e-05,-8.131e-05,3.1321e-05,7.8992e-05,3.5593e-08,-3.1553e-05,-8.131e-05,2.5677e-06
-0.00023274,0.00023274,1.1412e-05,-9.2194e-05,-1.2827e-05,7.8043e-05,2.1724e-07,1.1412e-05,-9.2194e-05,2.768e-06
-3.0106e-05,3.0106e-05,2.8487e-05,-9.358e-05,-2.867e-05,9.1749e-05,2.8101e-08,2.8487e-05,-9.358e-05,2.7582e-06
-0.00023012,0.00023012,1.8071e-05,-0.0001028,-1.947e-05,8.8812e-05,2.1479e-07,1.8071e-05,-0.0001028,3.0703e-06
0.00036636,-0.00036636,2.2594e-05,-9.397e-05,-2.0367e-05,0.00011624,-3.4196e-07,2.2594e-05,-9.397e-05,2.788e-06
0.00015954,-0.00015954,-1.1849e-06,-0.00010016,2.155e-06,0.00010986,-1.4892e-07,-1.1849e-06,-0.00010016,3.0485e-06
0.00034907,-0.00034907,2.5055e-06,-9.7122e-05,-3.8316e-07,0.00011835,-3.2583e-07,2.5055e-06,-9.7122e-05,2.9449e-06
0.0001352,-0.0001352,5.3747e-06,-0.00010403,-4.5527e-06,0.00011225,-1.2619e-07,5.3747e-06,-0.00010403,3.1462e-06
0.00031762,-0.00031762,9.0427e-06,-0.00010215,-7.1115e-06,0.00012146,-2.9647e-07,9.0427e-06,-0.00010215,3.0779e-06
9.6676e-05,-9.6676e-05,1.1885e-05,-0.00010492,-1.1297e-05,0.0001108,-9.0238e-08,1.1885e-05,-0.00010492,3.1536e-06
0.00027199,-0.00027199,1.5522e-05,-0.00010641,-1.3869e-05,0.00012295,-2.5388e-07,1.5522e-05,-0.00010641,3.1878e-06
4.39e-05,-4.39e-05,1.8334e-05,-0.00010989,-1.8067e-05,0.00011256,-4.0977e-08,1.8334e-05,-0.00010989,3.285e-06
0.00021207,-0.00021207,2.1949e-05,-0.00011001,-2.0659e-05,0.0001229,-1.9795e-07,2.1949e-05,-0.00011001,3.2775e-06
-2.3052e-05,2.3052e-05,-1.9324e-06,-0.00011135,1.7923e-06,0.00010995,2.1516e-08,-1.9324e-06,-0.00011135,3.391e-06
0.0001381,-0.0001381,1.648e-06,-0.00011235,-8.083e-07,0.00012074,-1.2891e-07,1.648e-06,-0.00011235,3.4103e-06
0.00029542,-0.00029542,5.2123e-06,-0.0001083,-3.4162e-06,0.00012627,-2.7574e-07,5.2123e-06,-0.0001083,3.2766e-06
4.9264e-05,-4.9264e-05,7.9511e-06,-0.00011118,-7.6515e-06,0.00011418,-4.5983e-08,7.9511e-06,-0.00011118,3.3558e-06
0.00019945,-0.00019945,1.1485e-05,-0.00010806,-1.0272e-05,0.00012018,-1.8616e-07,1.1485e-05,-0.00010806,3.25e-06
0.00034814,-0.00034814,-1.1889e-05,-0.00014534,1.4006e-05,0.00016651,-3.2496e-07,-1.1889e-05,-0.00014534,4.4546e-06
9.6326e-05,-9.6326e-05,-6.3354e-05,-0.00017075,6.3939e-05,0.0001766,-8.9911e-08,-6.3354e-05,-0.00017075,5.3833e-06
0.00024296,-0.00024296,-6.1589e-05,-0.00020584,6.3066e-05,0.00022061,-2.2678e-07,-6.1589e-05,-0.00020584,6.4446e-06
-1.1531e-05,1.1531e-05,-8.1185e-06,-0.00025587,8.0484e-06,0.00025517,1.0763e-08,-8.1185e-06,-0.00025587,7.8031e-06
0.00013507,-0.00013507,5.9422e-05,-0.00021634,-5.8601e-05,0.00022455,-1.2607e-07,5.9422e-05,-0.00021634,6.3961e-06
0.00028343,-0.00028343,0.00011406,-0.00016002,-0.00011234,0.00017725,-2.6455e-07,0.00011406,-0.00016002,4.5177e-06
3.3764e-05,-3.3764e-05,0.0001016,-0.0001198,-0.0001014,0.00012185,-3.1515e-08,0.0001016,-0.0001198,3.333e-06
0.00018525,-0.00018525,5.0215e-05,-8.0654e-05,-4.9089e-05,9.1917e-05,-1.7291e-07,5.0215e-05,-8.0654e-05,2.2992e-06
0.00033735,-0.00033735,2.5671e-05,-5.3724e-05,-2.362e-05,7.4235e-05,-3.1488e-07,2.5671e-05,-5.3724e-05,1.5552e-06
9.0109e-05,-9.0109e-05,-2.6332e-05,-4.4612e-05,2.688e-05,5.0091e-05,-8.4108e-08,-2.6332e-05,-4.4612e-05,1.4363e-06
0.00024197,-0.00024197,-3.7532e-05,-1.0848e-05,3.9003e-05,2.556e-05,-2.2585e-07,-3.7532e-05,-1.0848e-05,4.4388e-07
-5.7879e-06,5.7879e-06,-3.6219e-05,-1.0801e-05,3.6184e-05,1.0449e-05,5.4026e-09,-3.6219e-05,-1.0801e-05,4.3846e-07
0.00014621,-0.00014621,-3.4129e-05,-5.3515e-06,3.5018e-05,1.4241e-05,-1.3647e-07,-3.4129e-05,-5.3515e-06,2.6644e-07
0.000298,-0.000298,-1.8738e-05,-2.9746e-07,2.055e-05,1.8416e-05,-2.7816e-07,-1.8738e-05,-2.9746e-07,6.6007e-08
4.964e-05,-4.964e-05,-1.7593e-05,3.1544e-06,1.7895e-05,-1.3626e-07,-4.6334e-08,-1.7593e-05,3.1544e-06,-4.241e-08
0.00020112,-0.00020112,-1.5625e-05,7.3244e-06,1.6848e-05,4.9037e-06,-1.8773e-07,-1.5625e-05,7.3244e-06,-1.7516e-07
-4.7075e-05,4.7075e-05,-1.1014e-06,1.4013e-06,8.1516e-07,-4.2635e-06,4.394e-08,-1.1014e-06,1.4013e-06,-3.9251e-08
0.00010459,-0.00010459,1.4269e-05,6.2102e-06,-1.3633e-05,1.4897e-07,-9.7626e-08,1.4269e-05,6.2102e-06,-2.3217e-07
0.00025594,-0.00025594,2.9675e-05,4.8592e-06,-2.8119e-05,1.0702e-05,-2.3889e-07,2.9675e-05,4.8592e-06,-2.3793e-07
7.5999e-06,-7.5999e-06,3.1039e-05,-2.723e-06,-3.0993e-05,3.1851e-06,-7.0937e-09,3.1039e-05,-2.723e-06,-1.158e-08
0.00015909,-0.00015909,1.988e-05,1.6881e-06,-1.8913e-05,7.9847e-06,-1.485e-07,1.988e-05,1.6881e-06,-1.1175e-07
0.00031023,-0.00031023,2.2021e-05,6.0341e-06,-2.0135e-05,1.2828e-05,-2.8957e-07,2.2021e-05,6.0341e-06,-2.5038e-07
6.1559e-05,-6.1559e-05,-3.3506e-06,-4.4689e-06,3.7248e-06,8.2116e-06,-5.7459e-08,-3.3506e-06,-4.4689e-06,1.4604e-07
0.00021271,-0.00021271,-1.462e-05,1.8404e-06,1.5913e-05,1.1093e-05,-1.9855e-07,-1.462e-05,1.8404e-06,-1.1505e-08
-3.581e-05,3.581e-05,-4.0141e-05,-1.415e-06,3.9924e-05,-7.6227e-07,3.3425e-08,-4.0141e-05,-1.415e-06,1.6504e-07
0.00011538,-0.00011538,-2.4841e-05,2.2688e-06,2.5542e-05,4.7461e-06,-1.0769e-07,-2.4841e-05,2.2688e-06,6.5457e-09
0.00026634,-0.00026634,1.7158e-05,5.445e-06,-1.5539e-05,1.0749e-05,-2.486e-07,1.7158e-05,5.445e-06,-2.1769e-07
1.769e-05,-1.769e-05,3.1717e-05,1.5567e-06,-3.161e-05,-4.8112e-07,-1.6512e-08,3.1717e-05,1.5567e-06,-1.4374e-07
0.00016886,-0.00016886,2.0456e-05,3.722e-06,-1.943e-05,6.5448e-06,-1.5762e-07,2.0456e-05,3.722e-06,-1.7534e-07
0.00031976,-0.00031976,2.263e-05,2.5757e-06,-2.0685e-05,1.6866e-05,-2.9846e-07,2.263e-05,2.5757e-06,-1.4709e-07
7.0947e-05,-7.0947e-05,1.066e-05,-5.8955e-06,-1.0229e-05,1.0209e-05,-6.6222e-08,1.066e-05,-5.8955e-06,1.4682e-07
0.00022196,-0.00022196,1.2801e-05,-3.4847e-06,-1.1452e-05,1.698e-05,-2.0718e-07,1.2801e-05,-3.4847e-06,6.702e-08
-2.6714e-05,2.6714e-05,1.4096e-05,-8.6169e-06,-1.4258e-05,6.9927e-06,2.4935e-08,1.4096e-05,-8.6169e-06,2.191e-07
0.00012447,-0.00012447,2.8269e-06,-2.707e-06,-2.0701e-06,1.0275e-05,-1.1618e-07,2.8269e-06,-2.707e-06,7.3699e-08
0.00027555,-0.00027555,-2.1885e-05,4.5331e-06,2.356e-05,1.222e-05,-2.572e-07,-2.1885e-05,4.5331e-06,-7.1275e-08
2.6809e-05,-2.6809e-05,-7.3947e-06,-8.9872e-07,7.5577e-06,2.5287e-06,-2.5023e-08,-7.3947e-06,-8.9872e-07,4.9801e-08
0.0001779,-0.0001779,7.9379e-06,2.8673e-06,-6.8563e-06,7.9489e-06,-1.6605e-07,7.9379e-06,2.8673e-06,-1.113e-07
0.00032881,-0.00032881,2.3307e-05,6.1413e-06,-2.1307e-05,1.385e-05,-3.0691e-07,2.3307e-05,6.1413e-06,-2.5755e-07
7.9947e-05,-7.9947e-05,1.1236e-05,-3.0238e-06,-1.0749e-05,7.8846e-06,-7.4622e-08,1.1236e-05,-3.0238e-06,5.7768e-08
0.00023098,-0.00023098,2.6742e-05,2.7085e-07,-2.5338e-05,1.3773e-05,-2.156e-07,2.6742e-05,2.7085e-07,-8.9531e-08
-1.7689e-05,1.7689e-05,1.4773e-05,-6.5712e-06,-1.488e-05,5.4958e-06,1.6511e-08,1.4773e-05,-6.5712e-06,1.5486e-07
0.00013355,-0.00013355,1.6914e-05,-1.7302e-06,-1.6102e-05,9.8497e-06,-1.2465e-07,1.6914e-05,-1.7302e-06,1.178e-09
0.00028452,-0.00028452,1.9019e-05,-1.1378e-06,-1.7289e-05,1.8437e-05,-2.6557e-07,1.9019e-05,-1.1378e-06,-2.3227e-08
3.5804e-05,-3.5804e-05,6.9398e-06,-4.8496e-06,-6.7221e-06,7.0265e-06,-3.3419e-08,6.9398e-06,-4.8496e-06,1.2633e-07
0.00018695,-0.00018695,-1.7772e-05,1.3122e-06,1.8909e-05,1.0054e-05,-1.745e-07,-1.7772e-05,1.3122e-06,1.4136e-08
0.00033788,-0.00033788,-2.9139e-05,5.9247e-06,3.1193e-05,1.4618e-05,-3.1537e-07,-2.9139e-05,5.9247e-06,-9.1528e-08
8.9141e-05,-8.9141e-05,-1.2831e-06,1.6165e-06,1.825e-06,3.8033e-06,-8.3204e-08,-1.2831e-06,1.6165e-06,-4.524e-08
0.0002403,-0.0002403,7.5283e-07,6.1755e-06,7.0817e-07,8.4345e-06,-2.2429e-07,7.5283e-07,6.1755e-06,-1.9002e-07
-8.3731e-06,8.3731e-06,2.0153e-06,-3.4527e-06,-2.0662e-06,2.9436e-06,7.8156e-09,2.0153e-06,-3.4527e-06,9.8837e-08
0.0001428,-0.0001428,1.7522e-05,-4.6177e-07,-1.6654e-05,9.1441e-06,-1.3329e-07,1.7522e-05,-4.6177e-07,-3.923e-08
0.00029373,-0.00029373,3.3029e-05,5.9138e-07,-3.1243e-05,1.7267e-05,-2.7417e-07,3.3029e-05,5.9138e-07,-1.1839e-07
4.498e-05,-4.498e-05,2.1027e-05,-5.4033e-06,-2.0753e-05,8.1381e-06,-4.1984e-08,2.1027e-05,-5.4033e-06,1.0034e-07
0.00019607,-0.00019607,-3.535e-06,-4.0481e-06,4.7271e-06,1.5969e-05,-1.8301e-07,-3.535e-06,-4.0481e-06,1.3381e-07
0.00034699,-0.00034699,-1.4805e-05,2.1764e-06,1.6914e-05,1.892e-05,-3.2388e-07,-1.4805e-05,2.1764e-06,-2.1158e-08
9.815e-05,-9.815e-05,-4.0327e-05,-3.8042e-06,4.0924e-05,9.7717e-06,-9.1613e-08,-4.0327e-05,-3.8042e-06,2.3824e-07
0.00024908,-0.00024908,-2.5027e-05,2.0471e-06,2.6542e-05,1.3097e-05,-2.3249e-07,-2.5027e-05,2.0471e-06,1.3851e-08
2.9051e-07,-2.9051e-07,1.6162e-05,-2.7692e-06,-1.616e-05,2.7869e-06,-2.7113e-10,1.6162e-05,-2.7692e-06,3.5053e-08
0.00015147,-0.00015147,3.1531e-05,4.1224e-06,-3.061e-05,5.0867e-06,-1.4138e-07,3.1531e-05,4.1224e-06,-2.2118e-07
0.00030241,-0.00030241,2.027e-05,4.137e-06,-1.8431e-05,1.4249e-05,-2.8227e-07,2.027e-05,4.137e-06,-1.8739e-07
5.361e-05,-5.361e-05,2.1633e-05,-3.8809e-06,-2.1307e-05,7.1404e-06,-5.004e-08,2.1633e-05,-3.8809e-06,5.2213e-08
0.0002047,-0.0002047,1.0473e-05,-8.2424e-07,-9.2287e-06,1.327e-05,-1.9107e-07,1.0473e-05,-8.2424e-07,-6.7822e-09
-4.3929e-05,4.3929e-05,1.1805e-05,-8.15e-06,-1.2072e-05,5.4791e-06,4.1003e-08,1.1805e-05,-8.15e-06,2.1187e-07
0.00010729,-0.00010729,1.391e-05,-3.6739e-06,-1.3258e-05,1.0197e-05,-1.0015e-07,1.391e-05,-3.6739e-06,6.9399e-08
0.00025836,-0.00025836,2.6409e-06,1.9673e-06,-1.07e-06,1.3741e-05,-2.4116e-07,2.6409e-06,1.9673e-06,-6.7835e-08
9.786e-06,-9.786e-06,-2.2881e-05,-3.9589e-07,2.294e-05,9.9088e-07,-9.1344e-09,-2.2881e-05,-3.9589e-07,8.1593e-08
0.00016094,-0.00016094,-7.5806e-06,3.8736e-06,8.559e-06,5.9113e-06,-1.5022e-07,-7.5806e-06,3.8736e-06,-9.4714e-08
0.00031192,-0.00031192,7.7518e-06,7.4376e-06,-5.8554e-06,1.1527e-05,-2.9115e-07,7.7518e-06,7.4376e-06,-2.4967e-07
6.3173e-05,-6.3173e-05,2.2311e-05,1.1349e-06,-2.1927e-05,2.706e-06,-5.8966e-08,2.2311e-05,1.1349e-06,-1.0233e-07
0.00021428,-0.00021428,1.105e-05,4.3652e-06,-9.7472e-06,8.663e-06,-2.0001e-07,1.105e-05,4.3652e-06,-1.663e-07
-3.4326e-05,3.4326e-05,2.5747e-05,-4.1692e-06,-2.5956e-05,2.0821e-06,3.204e-08,2.5747e-05,-4.1692e-06,4.8471e-08
0.00011691,-0.00011691,1.4588e-05,-1.4695e-06,-1.3877e-05,8.5774e-06,-1.0912e-07,1.4588e-05,-1.4695e-06,3.2579e-10
0.00026792,-0.00026792,1.6729e-05,-9.3825e-07,-1.51e-05,1.7228e-05,-2.5008e-07,1.6729e-05,-9.3825e-07,-2.2333e-08
1.8852e-05,-1.8852e-05,1.8023e-05,-1.5865e-06,-1.7908e-05,2.7327e-06,-1.7596e-08,1.8023e-05,-1.5865e-06,-6.5606e-09
0.00016957,-0.00016957,6.753e-06,1.9547e-06,-5.722e-06,8.355e-06,-1.5828e-07,6.753e-06,1.9547e-06,-7.9953e-08
0.00032014,-0.00032014,-1.796e-05,7.6117e-06,1.9906e-05,1.1853e-05,-2.9882e-07,-1.796e-05,7.6117e-06,-1.768e-07
7.0896e-05,-7.0896e-05,-3.0137e-05,1.1173e-06,3.0568e-05,3.1931e-06,-6.6175e-08,-3.0137e-05,1.1173e-06,5.765e-08
0.00022148,-0.00022148,-1.4722e-06,7.8984e-06,2.8188e-06,5.5674e-06,-2.0673e-07,-1.4722e-06,7.8984e-06,-2.3564e-07
-2.764e-05,2.764e-05,-2.4717e-07,1.0688e-06,7.912e-08,-2.7493e-06,2.5799e-08,-2.4717e-07,1.0688e-06,-3.1739e-08
0.00012304,-0.00012304,1.8243e-06,3.9302e-06,-1.0762e-06,3.5508e-06,-1.1485e-07,1.8243e-06,3.9302e-06,-1.2503e-07
0.00027346,-0.00027346,1.733e-05,3.2404e-06,-1.5667e-05,1.3386e-05,-2.5525e-07,1.733e-05,3.2404e-06,-1.5119e-07
2.4102e-05,-2.4102e-05,3.2026e-05,-4.936e-06,-3.1879e-05,6.4014e-06,-2.2497e-08,3.2026e-05,-4.936e-06,5.2697e-08
0.00017445,-0.00017445,2.0832e-05,-2.0577e-07,-1.9772e-05,1.0812e-05,-1.6283e-07,2.0832e-05,-2.0577e-07,-5.7075e-08
