279.03
2.9961
0.2453
2.7129
0.24998
0.12306
0.043219
0.076566
0.027634
0.018951
0.19349
0.20831
0.15032
0.076228
0.060416
0.072322
0.085059
0.013608
0.013308
0.0081486
0.0079113
0.0034669
0.0025189
0.0018772
0.00071892
0.0036973
0.0023681
0.001451
0.00063392
0.00042275
0.0011073
0.00063748
0.00024988
0.0014797
0.0014763
0.00036096
0.00043356
0.00037627
0.00027481
0.00025714
0.00025901
0.00025638
0.0002547
0.00025455
0.0002544
0.00025423
0.00025407
0.00025329
0.00025321
0.00070197
0.00065061
0.00027959
0.00027223
0.0002837
0.00025905
0.00025735
0.00025704
0.00025544
0.00025465
0.00025452
0.00025412
0.00025395
0.00025353
0.00025341
0.00025538
0.00025344
0.00025328
0.00025255
0.00025571
0.00025243
0.00025234
0.00025564
0.00025112
0.00025096
0.00025072
0.00025046
0.00025347
0.00025043
0.00024994
0.00025362
0.00024876
0.00024858
0.00024843
0.0002503
0.000247
0.00024627
0.00024611
0.00058462
0.00054918
0.00037801
0.00030621
0.00033082
0.00028593
0.00026455
0.00026433
0.0002681
0.00027558
0.00028633
0.00029522
0.00030048
0.00030783
0.0003148
0.0003241
0.00033302
0.00033037
0.00032769
0.00032479
0.00032113
0.00031975
0.00031508
0.00031446
0.00031087
0.0003083
0.00030577
0.00030474
0.00029799
0.00029161
0.0002886
0.00034068
0.00037206
0.00043902
0.0004907
0.00044318
0.00037999
0.0003419
0.00027976
0.00024213
0.00023216
0.00023235
0.00022317
0.00022236
0.00021866
0.00021824
0.00021461
0.00021632
0.00021563
0.00021555
0.00022316
0.0002184
0.0002147
0.0002173
0.0002151
0.00021754
0.0002204
0.00021559
0.00021664
0.00021932
0.00021868
0.00021857
0.00021474
0.00021455
0.00021501
0.00021737
0.00022018
0.00021492
0.00021515
0.00021951
0.00021685
0.00021992
0.00021463
0.00021433
0.00021533
0.00021732
0.00021507
0.00021823
0.00021561
0.00021408
0.00021561
0.0002152
0.00021984
0.00021571
0.00021531
0.00021728
0.00022034
0.00021536
0.00021634
0.00021941
0.00021841
0.00021811
0.00021483
0.00021419
0.00021529
0.00021745
0.0002204
0.00021513
0.00021504
0.00021933
0.00021697
0.00021947
0.00021473
0.00021351
0.00021431
0.00021674
0.00021418
0.00021773
0.0002151
0.00021319
0.00021457
0.00021434
0.00021835
