139.52
4.5561
2.8533
1.9389
1.2626
0.89283
1.2341
0.87267
0.61346
0.43379
0.61257
0.43314
0.30617
0.2165
0.30615
0.21648
0.15307
0.10823
0.15306
0.10823
0.07654
0.054124
0.076541
0.054122
0.03827
0.02706
0.03827
0.027061
0.01914
0.013537
0.019146
0.013538
0.0095701
0.0067689
0.0095756
0.0067704
0.0047901
0.0033919
0.004791
0.0033907
0.0024001
0.0016985
0.0024124
0.0016986
0.0012002
0.00085084
0.0012071
0.00084896
0.00060154
0.00042985
0.00060269
0.00042504
0.00030087
0.0002157
0.00032905
0.0002141
0.00015279
0.00011654
0.00015904
0.00010365
7.6436e-05
7.835e-05
7.2973e-05
4.2861e-05
4.5693e-05
6.9693e-05
3.3362e-05
1.3619e-05
4.6374e-05
8.3726e-05
2.1074e-05
4.3573e-05
7.8554e-05
4.7206e-05
2.2812e-05
3.185e-05
6.0838e-05
2.8671e-05
2.7653e-05
5.9428e-05
3.0454e-05
2.3398e-05
