130.62
1.9272
1.0894
0.54746
0.40528
0.26488
0.20416
0.23924
0.23278
0.1769
0.10324
0.038799
0.010144
0.032508
0.039842
0.035064
0.026772
0.016044
0.0078187
0.0020611
0.0017676
0.0032264
0.0038149
0.0026585
0.001782
0.0014175
0.00019592
0.00073672
0.0021406
0.0013274
0.00092619
0.0010902
0.00083126
0.0008603
0.00090974
0.0014896
0.0014326
0.00069443
0.0014096
0.0012826
0.0047818
0.0016625
0.0011539
0.0013155
0.0014647
0.0046106
0.0016753
0.0016395
0.00091014
0.0013752
0.0046197
0.0014742
0.0012253
0.0012639
0.0045085
0.0014377
0.0013965
0.0017691
0.001505
0.0041698
0.0015947
0.0014916
0.0010136
0.0010818
0.0040188
0.0016124
0.0010736
0.0012432
0.0010428
0.0040131
0.0016144
0.0015972
0.0014166
0.0013857
0.0042397
0.0014703
0.0015007
0.0010658
0.001354
0.0043448
0.0014578
0.0013903
0.00086988
0.0014064
0.0041956
0.0014587
0.0014193
0.0008671
0.0015096
0.004058
0.001417
0.0015564
0.0011352
0.0041773
0.0013497
0.0014197
0.0010463
0.0012613
0.0042912
0.0014336
0.0016098
0.0011706
0.0012837
0.0037141
0.0016134
0.00096303
0.001141
0.0012139
0.0037186
0.0016295
0.0010462
0.001252
0.00097526
0.0036172
0.0015975
0.0014916
0.0010012
0.00096296
0.0037055
0.0015919
0.0012227
0.0012562
0.0039518
0.0016343
0.0010719
0.0011865
0.0012149
0.0041129
0.0016862
0.0017725
0.001467
0.0010027
0.0042296
0.0016586
0.0015866
0.0011483
0.0010933
0.0042369
0.0016756
0.00082879
0.0011787
0.0016188
0.0045126
0.0016467
0.0017064
0.0015353
0.0010207
0.0041652
0.0015931
0.0014848
0.00094967
0.0010889
0.0041711
0.0016463
0.0015487
0.00098007
0.001617
0.0047321
0.0018647
0.0012222
0.0014006
0.0011274
0.0048931
0.0016314
0.0013217
0.0013822
0.00092259
0.0047339
0.0016433
0.0018396
0.0023309
0.0042706
0.0028255
0.0054868
0.0025991
0.0041103
0.0028984
0.0024768
0.0075648
0.0016991
0.0024964
0.0023672
0.007193
0.0010791
0.002345
0.0023574
0.0024095
0.0071454
0.0014114
0.0026825
0.0025626
0.0076268
0.0013152
0.0024919
0.0023947
0.0024338
0.0077466
0.0015016
0.0023886
0.0028615
