139.34
7.1083
1.7045
1.6625
1.7043
0.41661
0.31111
0.27592
0.25335
0.23393
0.21765
0.20442
0.19409
0.18646
0.18123
0.1781
0.14819
0.13766
0.14136
0.14612
0.15397
0.1611
0.16693
0.061597
0.043832
0.040962
0.046794
0.042889
0.040788
0.039226
0.038145
0.037502
0.037227
0.037262
0.037541
0.038022
0.038645
0.039373
0.041623
0.041374
0.041616
0.041913
0.042245
0.042602
0.042977
0.0083777
0.0062503
0.005939
0.0057477
0.0056435
0.0056217
0.0056796
0.0057765
0.0059243
0.006099
0.006291
0.0064962
0.0067029
0.0069175
0.0023777
0.0017623
0.0016895
0.0016415
0.0016233
0.0016229
0.0016356
0.0016769
0.0017177
0.0017652
0.0018255
0.0018815
0.0019428
0.0020001
0.0020604
0.0021236
0.0021766
0.0022337
0.0022922
0.002337
0.0023864
0.0024349
0.0024708
0.0025086
0.0025467
0.0025853
0.0026251
0.0026505
0.0026762
0.0027029
0.0027296
0.0029796
0.0031082
0.0031721
0.0032098
0.00321
0.00321
0.00321
0.00321
0.00321
0.00321
0.00321
0.00321
8.9037e-05
9.7593e-05
9.979e-05
9.979e-05
9.979e-05
9.979e-05
9.979e-05
8.4022e-05
7.9402e-05
6.8601e-05
6.058e-05
4.92e-05
4.1183e-05
4.4675e-05
3.8676e-05
3.8676e-05
3.8676e-05
3.8676e-05
3.8676e-05
3.8676e-05
3.8676e-05
4.2677e-05
4.2677e-05
4.2677e-05
4.2677e-05
2.6144e-05
2.6144e-05
2.6144e-05
2.5534e-05
2.4955e-05
1.3012e-05
1.4519e-05
1.4519e-05
1.4519e-05
1.4519e-05
1.4519e-05
