0.041295
0.041526
0.041514
0.041508
0.041502
0.041496
0.041493
0.04149
0.04149
0.04149
0.04149
0.04149
0.04149
0.04149
0.04149
0.04149
0.04149
0.04149
0.04149
0.04149
0.04149
0.04149
0.041487
0.041481
0.041475
0.041472
0.041472
0.041472
0.041472
0.041472
0.041469
0.041469
0.041469
0.041469
0.041469
0.041462
0.041462
0.041462
0.041462
0.041462
0.041462
0.04145
0.041462
0.041462
0.041462
0.041462
0.041462
0.04145
0.041462
0.041462
0.041462
0.041462
0.041462
0.04145
0.041462
0.041462
0.041462
0.041462
0.041462
0.04145
0.041462
0.041462
0.041462
0.041462
0.041462
0.04145
0.041462
0.041462
0.041462
0.041462
0.041462
0.04145
0.041462
0.041462
0.041462
0.041462
0.041462
0.04145
0.041462
0.041462
0.041462
0.041462
0.041462
0.04145
0.041462
0.041462
0.041462
0.041462
0.041462
0.04145
0.041462
0.041462
0.041462
0.041462
0.041462
0.04145
0.041462
0.041462
0.041462
0.041462
0.041462
0.04145
0.041462
0.041462
0.041462
