139.38
2.4529
1.8656
1.136
1.0456
0.60276
0.34303
0.17874
0.30604
0.43513
0.4264
0.33636
0.23468
0.16799
0.16644
0.18069
0.20418
0.21738
0.21857
0.21286
0.20631
0.20253
0.39768
0.28067
0.16314
0.066408
0.027604
0.025364
0.02716
0.028168
0.047546
0.034509
0.030415
0.029096
0.028671
0.047725
0.034663
0.03064
0.029358
0.028928
0.028787
0.04816
0.023616
0.026989
0.028006
0.028418
0.028535
0.047999
0.023471
0.02698
0.028004
0.028412
0.028534
0.047995
0.023472
0.026978
0.028002
0.028415
0.028553
0.048005
0.023494
0.026977
0.028
0.028412
0.02855
0.047999
0.023493
0.026974
0.027998
0.028411
0.028548
0.047993
0.023491
0.02698
0.028003
0.028409
0.028546
0.047988
0.023493
0.026974
0.027998
0.02841
0.028547
0.047992
0.023491
0.026972
0.027995
0.028408
0.028545
0.047986
0.02349
0.02697
0.027993
0.028405
0.028543
0.047982
0.023488
0.026976
0.027998
0.028404
0.028542
0.047978
0.023487
0.026974
0.027996
