8.7035
0.15685
0.075187
0.23388
0.1185
0.014404
0.11316
0.091701
0.10389
0.11201
0.084844
0.055278
0.041351
0.042672
0.045333
0.050825
0.054321
0.054703
0.053228
0.051567
0.050636
0.050516
0.035846
0.016807
0.0069336
0.010456
0.0066023
0.0067411
0.0069901
0.0070997
0.0047635
0.0039319
0.0036767
0.0035971
0.0035733
0.0023937
0.0019797
0.0018544
0.0018144
0.0018011
0.0017966
0.0012148
0.0016337
0.0017414
0.0017706
0.0017827
0.0017855
0.0011904
0.0016455
0.001741
0.001772
0.0017812
0.0017853
0.001193
0.0016431
0.0017409
0.0017704
0.0017825
0.0017865
0.0011994
0.0016386
0.0017409
0.0017704
0.0017824
0.0017863
0.0011992
0.0016387
0.0017408
0.0017703
0.0017825
0.0017863
0.0011991
0.0016383
0.0017408
0.0017705
0.0017823
0.0017863
0.0011988
0.0016385
0.0017406
0.0017703
0.0017821
0.0017861
0.001199
0.0016385
0.0017406
0.00177
0.0017821
0.0017861
0.0011988
0.0016384
0.0017406
0.00177
0.0017819
0.0017859
0.0011987
0.0016382
0.0017405
0.0017701
0.0017819
0.0017859
0.0011986
0.0016382
0.0017405
