17.664
0.0046603
4.0509e-06
0.0039353
0.0019689
5.6067e-07
0.0019691
0.00098366
0.00049251
0.00073813
0.00012286
0.00061487
0.00036884
0.00012296
3.9474e-07
0.00012349
6.0891e-05
3.1263e-06
3.1522e-05
1.5768e-05
7.9877e-06
1.1347e-05
2.5523e-06
4.534e-06
2.7664e-06
1.8474e-06
1.6204e-06
2.9576e-06
1.6575e-06
2.937e-06
2.937e-06
1.6215e-06
3.0872e-06
1.88e-06
2.937e-06
1.6204e-06
2.9576e-06
1.6587e-06
3.0675e-06
1.8476e-06
2.9576e-06
1.6575e-06
2.937e-06
1.6204e-06
2.9582e-06
1.8791e-06
1.8474e-06
1.6204e-06
1.6575e-06
1.6575e-06
1.6204e-06
1.6215e-06
1.8791e-06
1.88e-06
1.6204e-06
1.6204e-06
1.6575e-06
1.6587e-06
1.8465e-06
1.8476e-06
2.9576e-06
1.6575e-06
2.937e-06
1.6204e-06
2.9582e-06
1.8791e-06
3.0681e-06
1.6204e-06
2.9576e-06
1.6575e-06
2.9376e-06
1.8465e-06
3.0878e-06
1.6575e-06
2.937e-06
1.6204e-06
1.6575e-06
2.9376e-06
1.8465e-06
3.0878e-06
1.6575e-06
2.937e-06
1.6204e-06
2.9576e-06
1.6587e-06
3.0675e-06
1.8476e-06
2.9576e-06
1.6575e-06
2.937e-06
1.6215e-06
3.0872e-06
1.88e-06
1.6204e-06
1.6204e-06
1.6575e-06
1.6575e-06
1.6217e-06
1.8465e-06
1.8802e-06
1.6575e-06
1.6204e-06
1.6204e-06
1.6585e-06
1.8791e-06
1.8474e-06
1.6204e-06
1.6575e-06
1.6575e-06
1.6204e-06
1.6585e-06
1.6204e-06
1.6575e-06
1.6204e-06
1.6575e-06
1.6204e-06
1.6585e-06
1.6204e-06
1.6575e-06
1.6204e-06
1.6575e-06
1.6204e-06
1.6575e-06
1.6217e-06
1.6575e-06
1.6204e-06
2.9576e-06
1.6575e-06
2.937e-06
1.6204e-06
2.9582e-06
1.6575e-06
2.937e-06
1.6204e-06
2.9576e-06
1.6575e-06
2.9376e-06
1.6204e-06
2.9576e-06
1.6575e-06
1.6204e-06
1.6575e-06
1.6204e-06
1.6585e-06
1.6204e-06
1.6575e-06
1.6204e-06
1.6575e-06
1.6204e-06
1.6585e-06
