75.501
26.233
21.507
17.552
11.898
9.8407
9.6374
5.8023
1.7775
1.5246
1.8115
0.672
0.098464
0.60338
0.36926
2.5678
2.7109
1.9243
0.61394
1.0623
0.20473
0.068272
0.11372
0.094119
0.07702
0.049537
0.026035
0.011228
0.0049342
0.018998
0.022468
0.011288
0.0037472
0.0021019
0.001713
0.0012222
0.00071426
0.00033945
0.0001387
7.7581e-05
6.3278e-05
4.289e-05
2.6575e-05
1.2332e-05
6.2916e-06
6.2915e-06
4.3302e-06
2.5001e-06
1.0206e-06
2.5e-06
5.9365e-09
9.1024e-09
1.0207e-08
1.1768e-08
1.3116e-08
1.3625e-08
9.6282e-09
9.8439e-09
1.1362e-08
1.2792e-08
1.3848e-08
9.6761e-09
9.8016e-09
1.1305e-08
1.275e-08
1.3848e-08
1.3144e-08
9.5373e-09
9.9409e-09
1.1479e-08
1.2876e-08
1.3788e-08
9.6613e-09
9.8135e-09
1.1328e-08
1.2764e-08
1.3848e-08
1.3144e-08
9.5373e-09
9.9409e-09
1.1479e-08
1.2876e-08
1.3788e-08
9.6613e-09
9.8135e-09
1.1328e-08
1.2764e-08
1.3848e-08
1.3144e-08
9.5373e-09
9.9409e-09
1.1479e-08
1.289e-08
1.3788e-08
9.6613e-09
9.8135e-09
1.1328e-08
1.2764e-08
1.3848e-08
1.3144e-08
9.5373e-09
9.9409e-09
1.1479e-08
1.289e-08
1.3788e-08
9.6613e-09
9.8135e-09
1.1328e-08
1.2764e-08
1.3848e-08
1.3144e-08
9.5373e-09
9.9409e-09
1.1479e-08
1.289e-08
1.3788e-08
9.6613e-09
9.8135e-09
1.1328e-08
1.2764e-08
1.3848e-08
1.3144e-08
9.5373e-09
9.9409e-09
1.1479e-08
1.289e-08
1.3788e-08
9.6613e-09
9.8135e-09
1.1328e-08
1.2764e-08
1.3848e-08
1.3144e-08
9.5373e-09
9.9409e-09
1.1479e-08
1.289e-08
1.3788e-08
