1.4114e+05
0.012004
0.5657
0.55863
0.56569
0.56569
0.56569
0.55862
0.5657
0.5657
0.55863
0.55862
0.55863
0.55862
0.55863
0.55862
0.55863
0.55862
0.55863
0.55862
0.55863
0.55862
0.55156
0.55156
0.55156
0.55156
0.55156
0.55156
0.54449
0.55155
0.55155
0.55155
0.54448
0.55156
0.55156
0.54449
0.54448
0.54449
0.54448
0.54449
0.54448
0.54449
0.54448
0.54449
0.54448
0.54449
0.54448
0.53742
0.53742
0.54449
0.53741
0.53741
0.53741
0.53741
0.53741
0.53741
0.53741
0.53741
0.53034
0.53742
0.53742
0.53035
0.53034
0.53035
0.53034
0.53035
0.53034
0.53035
0.53034
0.53035
0.53034
0.53035
0.53034
0.52328
0.52328
0.53035
0.52327
0.52327
0.52327
0.52327
0.52327
