140.86
0.5657
0.00079102
0.00056462
0.00056403
0.00056345
0.0005629
0.00056236
0.00056178
0.00056121
0.00056068
0.00056009
0.00055959
0.00055898
0.00055847
0.00055787
0.00055734
0.00055676
0.00055622
0.00055566
0.0005551
0.00055455
0.00055398
0.00055342
0.00055288
0.00055238
0.00055177
0.00055122
0.0005507
0.00055012
0.00054957
0.00054903
0.0005485
0.00054793
0.00054738
0.00054686
0.00054628
0.0005458
0.0005452
0.0005447
0.00054412
0.0005436
0.00054304
0.0005425
0.00054197
0.00054141
0.00054089
0.00054031
0.00053977
0.00053926
0.00053869
0.00053814
0.00053762
0.00053711
0.00053662
0.000536
0.00053546
0.00053494
0.00053444
0.00053388
0.00053333
0.00053281
0.00053225
0.0005318
0.0005312
0.00053072
0.00053014
0.00052965
0.00052909
0.00052857
0.00052804
0.0005275
0.000527
0.00052644
0.00052591
0.00052541
0.00052485
0.00052432
0.00052381
0.00052331
0.00052284
0.00052223
