99.8
76.747
81.43
85.733
87.415
83.311
73.444
58.689
40.305
21.745
11.178
5.4243
2.5305
1.1875
0.58505
0.30944
0.15945
0.080482
0.046796
0.036032
0.030511
0.02916
0.028451
0.028324
0.028112
0.027938
0.027856
0.027849
0.027842
0.027834
0.027832
0.027827
0.027817
0.027813
0.027782
0.027734
0.027632
0.027433
0.027037
0.026266
0.024814
0.022217
0.018035
0.012362
0.0064975
0.0032363
0.0015995
0.00078655
0.00038641
0.00019196
9.388e-05
4.5434e-05
2.2532e-05
9.8019e-06
5.7995e-06
3.9997e-06
9.9132e-07
1.003e-06
1.3454e-06
1.6885e-06
-8.5055e-08
4.1831e-07
9.6092e-07
1.2847e-06
1.9069e-06
-4.7182e-07
-2.088e-07
2.2119e-07
5.3511e-07
8.5901e-07
9.5792e-07
3.7558e-07
5.6679e-07
8.0126e-07
1.4819e-06
8.56e-07
3.4561e-07
1.037e-07
2.2558e-07
1.109e-06
5.1427e-07
3.5822e-08
1.0246e-07
4.1373e-07
7.5974e-07
1.1084e-06
1.5041e-06
2.3718e-06
1.0468e-06
2.8388e-07
5.7091e-07
-5.418e-07
-9.688e-07
-1.095e-06
-9.2478e-07
-2.8197e-07
1.9592e-07
6.5489e-07
8.6409e-07
1.5136e-06
1.573e-06
1.6221e-06
1.4164e-06
1.5158e-06
1.1327e-06
7.2248e-07
5.956e-07
2.3097e-07
-1.1979e-07
-4.4337e-07
-7.3317e-07
-7.7316e-07
-7.6606e-07
-7.3069e-07
-6.8001e-07
-4.2813e-07
-1.647e-07
9.1676e-08
1.0403e-06
1.0207e-06
9.6939e-07
-5.455e-08
-1.0577e-07
-8.6577e-08
4.0677e-07
3.901e-07
6.428e-08
-7.2553e-07
-5.5583e-07
-2.5611e-08
1.2061e-07
-6.8937e-07
-6.0679e-07
-5.3404e-07
-4.7116e-07
-4.1764e-07
-3.7266e-07
-6.1315e-07
-5.9755e-07
-5.6602e-07
-3.3185e-07
-8.4338e-08
1.5808e-07
1.0947e-06
1.0649e-06
1.005e-06
-2.6087e-08
1.9468e-07
2.2425e-07
7.0727e-07
3.9043e-07
2.1025e-08
-7.9295e-07
-6.3434e-07
-1.0666e-07
4.0509e-08
-7.649e-07
-6.7551e-07
-5.9496e-07
-5.2407e-07
-4.6286e-07
-4.108e-07
-3.6708e-07
-6.0862e-07
-5.9389e-07
-3.6844e-07
-1.2428e-07
1.1823e-07
1.3348e-06
1.3236e-06
9.8323e-07
-7.8254e-08
1.2683e-07
1.5049e-07
6.3388e-07
3.2117e-07
-4.2025e-08
-8.4885e-07
-6.8293e-07
-1.482e-07
7.0288e-09
-5.8569e-07
-5.1555e-07
-4.5523e-07
-4.0412e-07
-3.6134e-07
-6.0376e-07
-5.8982e-07
-5.5971e-07
-3.2675e-07
-8.0247e-08
1.6134e-07
1.0972e-06
1.0669e-06
1.0066e-06
-2.4847e-08
1.9564e-07
2.2498e-07
7.0787e-07
3.9087e-07
