-2091,923.19,7581.8,-7118,-10594,5084.2,3579.2,7581.8,-7118,-16810,7581.8,-7118,0.18342
-1540,1725.5,1638.2,-3078.8,-7270.1,-723.81,6690.7,1638.2,-3078.8,-1292,1638.2,-3078.8,-0.0015046
-1655.2,1666.8,73.124,-148.94,-5513.4,-3524.3,6463.1,73.124,-148.94,-40.196,73.124,-148.94,-1.7529e-07
-1679.7,1649.7,-162.3,345.96,-5222.3,-3981.6,6396.9,-162.3,345.96,65.831,-162.3,345.96,-2.2384e-10
-1663.9,1651.4,-79.679,162.25,-5310.4,-3801.5,6403.3,-79.679,162.25,43.857,-79.679,162.25,-1.7586e-11
-1652.8,1653.4,-21.7,30.127,-5374.9,-3673.8,6411.1,-21.7,30.127,33.302,-21.7,30.127,-2.4961e-13
-1650.2,1653.3,-8.6403,2.1527,-5387.6,-3645.6,6410.7,-8.6403,2.1527,28.209,-8.6403,2.1527,-2.6961e-15
-1650.6,1652.6,-8.7435,5.9294,-5385.3,-3647.9,6408.1,-8.7435,5.9294,22.849,-8.7435,5.9294,-3.1705e-18
-1651.2,1652.1,-7.7415,8.063,-5384.8,-3649,6406.3,-7.7415,8.063,15.958,-7.7415,8.063,1.1171e-19
-1651.5,1651.9,-4.7273,5.5979,-5387,-3646,6405.3,-4.7273,5.5979,8.7204,-4.7273,5.5979,5.8771e-20
-1651.5,1651.7,-2.1681,2.3765,-5389.1,-3642.5,6404.8,-2.1681,2.3765,4.2893,-2.1681,2.3765,5.8771e-20
-1651.5,1651.6,-0.78714,0.55275,-5390.1,-3640.4,6404.4,-0.78714,0.55275,2.0282,-0.78714,0.55275,5.8771e-20
-1651.4,1651.5,-0.26826,0.03092,-5390.3,-3639.6,6403.9,-0.26826,0.03092,0.93037,-0.26826,0.03092,5.8771e-20
-1651.4,1651.4,-0.13049,0.031017,-5390,-3639.4,6403.5,-0.13049,0.031017,0.42831,-0.13049,0.031017,5.8771e-20
-1651.3,1651.3,-0.10474,0.10411,-5389.7,-3639.2,6403.1,-0.10474,0.10411,0.22347,-0.10474,0.10411,5.8771e-20
-1651.2,1651.2,-0.065009,0.076413,-5389.4,-3639,6402.7,-0.065009,0.076413,0.12078,-0.065009,0.076413,5.8771e-20
-1651.1,1651.1,-0.035744,0.045808,-5389.1,-3638.7,6402.3,-0.035744,0.045808,0.060648,-0.035744,0.045808,5.8771e-20
-1651,1651,-0.010864,0.0058586,-5388.8,-3638.5,6401.9,-0.010864,0.0058586,0.030681,-0.010864,0.0058586,5.8771e-20
-1650.8,1650.8,-0.0031683,0.0016041,-5388.2,-3638,6401.2,-0.0031683,0.0016041,0.0091066,-0.0031683,0.0016041,5.8771e-20
-1650.4,1650.4,0.0063278,-0.025829,-5387,-3637.2,6399.7,0.0063278,-0.025829,0.016175,0.0063278,-0.025829,2.7053e-19
-1649.7,1649.7,-0.0011472,0.0030051,-5384.5,-3635.5,6396.7,-0.0011472,0.0030051,-0.00038468,-0.0011472,0.0030051,-1.5299e-19
-1648.1,1648.1,-0.0048647,0.0081317,-5379.5,-3632.2,6390.8,-0.0048647,0.0081317,0.0053727,-0.0048647,0.0081317,-1.5299e-19
-1645.1,1645.1,-0.016393,0.024161,-5369.5,-3625.5,6379,-0.016393,0.024161,0.023028,-0.016393,0.024161,-1.5299e-19
-1639,1639,-0.011501,0.015345,-5349.6,-3612,6355.4,-0.011501,0.015345,0.018595,-0.011501,0.015345,-1.5299e-19
-1626.8,1626.8,0.0028202,-0.018641,-5309.9,-3585.1,6308.1,0.0028202,-0.018641,0.018037,0.0028202,-0.018641,-1.5299e-19
-1602.4,1602.4,0.012301,-0.022827,-5230.3,-3531.4,6213.5,0.012301,-0.022827,-0.010146,0.012301,-0.022827,-1.5299e-19
-1553.6,1553.6,-0.0050422,0.0086958,-5071,-3423.9,6024.4,-0.0050422,0.0086958,0.0051627,-0.0050422,0.0086958,-1.5299e-19
-1456.1,1456.1,-0.012184,0.017283,-4752.6,-3208.9,5646,-0.012184,0.017283,0.018141,-0.012184,0.017283,-1.5299e-19
-1260.9,1260.9,-0.0037281,0.01432,-4115.6,-2778.8,4889.4,-0.0037281,0.01432,-0.0081665,-0.0037281,0.01432,-1.5299e-19
-870.64,870.64,-0.011874,0.0057937,-2841.8,-1918.7,3376,-0.011874,0.0057937,0.034459,-0.011874,0.0057937,-1.5299e-19
-90.094,90.088,0.0082424,0.010044,-294.06,-198.55,349.33,0.0082424,0.010044,-0.045284,0.0082424,0.010044,-1.5299e-19
-0.037561,0.018706,0.020181,0.036461,-0.081237,-0.077685,0.072534,0.020181,0.036461,-0.1289,0.020181,0.036461,-1.5299e-19
0.018823,-0.006885,-0.018014,-0.01533,0.040487,0.030503,-0.026697,-0.018014,-0.01533,0.088912,-0.018014,-0.01533,-1.5299e-19
0.00091408,0.00026682,-0.001985,-0.0012157,0.0011141,0.00062763,0.0010346,-0.001985,-0.0012157,0.0090782,-0.001985,-0.0012157,-1.5299e-19
0.0020323,-0.00030669,-0.0057143,0.0023908,0.0067154,-0.0017149,-0.0011892,-0.0057143,0.0023908,0.017187,-0.0057143,0.0023908,-1.5299e-19
0.00071183,8.6783e-05,-0.0048801,0.0044176,0.0045969,-0.0046088,0.00033651,-0.0048801,0.0044176,0.01107,-0.0048801,0.0044176,-1.5299e-19
0.00044038,0.00064941,-0.0050271,0.0036105,0.0029074,-0.0050417,0.0025182,-0.0050271,0.0036105,0.012831,-0.0050271,0.0036105,-1.5299e-19
0.00044408,0.00045441,-0.0047322,0.003847,0.003249,-0.0048484,0.001762,-0.0047322,0.003847,0.011398,-0.0047322,0.003847,-1.5299e-19
0.00059157,0.00025809,-0.0044497,0.0036004,0.0036073,-0.0041692,0.0010008,-0.0044497,0.0036004,0.010743,-0.0044497,0.0036004,-1.5299e-19
0.00061019,0.00017863,-0.0043276,0.0036336,0.0037445,-0.0040273,0.00069264,-0.0043276,0.0036336,0.010248,-0.0043276,0.0036336,-1.5299e-19
0.00055768,0.00015245,-0.0040137,0.0034456,0.0035161,-0.0037816,0.00059113,-0.0040137,0.0034456,0.0093894,-0.0040137,0.0034456,-1.5299e-19
0.00048384,0.00015212,-0.0036048,0.0031011,0.0031083,-0.0034363,0.00058986,-0.0036048,0.0031011,0.0084232,-0.0036048,0.0031011,-1.5299e-19
0.0003694,0.00013303,-0.0029103,0.0025423,0.0024761,-0.0028355,0.00051583,-0.0029103,0.0025423,0.0067415,-0.0029103,0.0025423,5.8768e-20
0.00025219,9.6058e-05,-0.001998,0.0017337,0.0016845,-0.0019454,0.00037247,-0.001998,0.0017337,0.004646,-0.001998,0.0017337,5.8768e-20
0.00013378,5.0277e-05,-0.0010506,0.00090831,0.00088649,-0.0010191,0.00019495,-0.0010506,0.00090831,0.002448,-0.0010506,0.00090831,5.8768e-20
7.0531e-05,2.2467e-05,-0.0005264,0.00045238,0.00045307,-0.00050189,8.7118e-05,-0.0005264,0.00045238,0.0012307,-0.0005264,0.00045238,5.8768e-20
3.2394e-05,1.2946e-05,-0.00025582,0.00021934,0.00021356,-0.00024787,5.0199e-05,-0.00025582,0.00021934,0.00059887,-0.00025582,0.00021934,5.8768e-20
1.6007e-05,4.7465e-06,-0.00012356,0.00010997,0.00010807,-0.00012043,1.8405e-05,-0.00012356,0.00010997,0.00028313,-0.00012356,0.00010997,5.8768e-20
5.0727e-06,6.2245e-06,-6.3845e-05,5.4804e-05,4.3528e-05,-6.8521e-05,2.4136e-05,-6.3845e-05,5.4804e-05,0.00014936,-6.3845e-05,5.4804e-05,5.8768e-20
2.2441e-06,3.0137e-06,-3.0027e-05,2.597e-05,2.019e-05,-3.2611e-05,1.1686e-05,-3.0027e-05,2.597e-05,6.9951e-05,-3.0027e-05,2.597e-05,5.8768e-20
1.1832e-06,4.5355e-07,-1.3137e-05,1.3698e-05,1.1657e-05,-1.4697e-05,1.7587e-06,-1.3137e-05,1.3698e-05,2.7058e-05,-1.3137e-05,1.3698e-05,5.8768e-20
-1.2768e-06,3.2413e-06,-6.7362e-06,3.0634e-06,-3.8436e-06,-1.0207e-05,1.2569e-05,-6.7362e-06,3.0634e-06,1.9889e-05,-6.7362e-06,3.0634e-06,5.8768e-20
2.6593e-06,-2.4723e-06,-7.3851e-07,4.3562e-07,8.808e-06,5.0128e-06,-9.5865e-06,-7.3851e-07,4.3562e-07,2.0289e-06,-7.3851e-07,4.3562e-07,5.8768e-20
2.5578e-06,-1.9998e-06,-2.2603e-06,1.384e-06,8.7877e-06,3.0231e-06,-7.7545e-06,-2.2603e-06,1.384e-06,6.1327e-06,-2.2603e-06,1.384e-06,5.8768e-20
2.6004e-06,-1.4743e-06,-3.3722e-06,1.0317e-06,8.1844e-06,2.2174e-06,-5.7168e-06,-3.3722e-06,1.0317e-06,1.0719e-05,-3.3722e-06,1.0317e-06,5.8768e-20
1.2396e-06,-1.4653e-06,2.6046e-07,4.0828e-07,4.5222e-06,2.8209e-06,-5.6818e-06,2.6046e-07,4.0828e-07,-1.569e-06,2.6046e-07,4.0828e-07,5.8768e-20
1.4828e-06,-8.6597e-07,-8.8429e-07,-8.6101e-07,3.7108e-06,2.7694e-06,-3.3579e-06,-8.8429e-07,-8.6101e-07,4.5294e-06,-8.8429e-07,-8.6101e-07,5.8768e-20
1.5415e-06,-3.3457e-07,-2.1219e-06,-1.1044e-06,3.2139e-06,1.8417e-06,-1.2973e-06,-2.1219e-06,-1.1044e-06,9.4078e-06,-2.1219e-06,-1.1044e-06,5.8768e-20
1.3686e-06,1.1164e-07,-3.0846e-06,-6.4057e-07,2.7202e-06,3.9454e-07,4.329e-07,-3.0846e-06,-6.4057e-07,1.2211e-05,-3.0846e-06,-6.4057e-07,5.8768e-20
-3.5452e-07,-1.2673e-08,3.0959e-07,8.3362e-07,-2.6823e-07,-8.0569e-07,-4.914e-08,3.0959e-07,8.3362e-07,-2.394e-06,3.0959e-07,8.3362e-07,5.8768e-20
-3.5451e-07,1.007e-06,-1.2466e-06,-4.4957e-07,-2.04e-06,-1.7695e-06,3.9046e-06,-1.2466e-06,-4.4957e-07,5.2246e-06,-1.2466e-06,-4.4957e-07,5.8768e-20
-3.7478e-07,2.0191e-06,-2.644e-06,-1.8705e-06,-3.9464e-06,-2.5793e-06,7.8293e-06,-2.644e-06,-1.8705e-06,1.2474e-05,-2.644e-06,-1.8705e-06,5.8768e-20
-4.9741e-07,2.9936e-06,-3.2391e-06,-3.9868e-06,-6.5321e-06,-2.6105e-06,1.1608e-05,-3.2391e-06,-3.9868e-06,1.7856e-05,-3.2391e-06,-3.9868e-06,5.8768e-20
-1.2898e-06,3.7216e-06,-4.7418e-06,-1.5346e-06,-7.4055e-06,-6.6672e-06,1.4431e-05,-4.7418e-06,-1.5346e-06,1.9606e-05,-4.7418e-06,-1.5346e-06,5.8768e-20
-4.8255e-06,3.4401e-06,2.7468e-06,8.0709e-07,-1.3975e-05,-8.3884e-06,1.3339e-05,2.7468e-06,8.0709e-07,-1.1233e-05,2.7468e-06,8.0709e-07,5.8768e-20
-4.8099e-06,4.4654e-06,1.0685e-06,-3.7027e-07,-1.5644e-05,-9.4705e-06,1.7315e-05,1.0685e-06,-3.7027e-07,-3.3304e-06,1.0685e-06,-3.7027e-07,5.8768e-20
-4.8049e-06,5.4869e-06,-5.2675e-07,-1.6197e-06,-1.7382e-05,-1.0472e-05,2.1276e-05,-5.2675e-07,-1.6197e-06,4.379e-06,-5.2675e-07,-1.6197e-06,5.8768e-20
-6.2473e-07,1.6782e-06,-1.4116e-06,-1.6164e-06,-4.066e-06,-2.082e-06,6.5074e-06,-1.4116e-06,-1.6164e-06,7.5978e-06,-1.4116e-06,-1.6164e-06,5.8768e-20
3.5427e-06,-2.1351e-06,-2.1974e-06,-1.699e-06,9.1663e-06,6.4043e-06,-8.279e-06,-2.1974e-06,-1.699e-06,1.0586e-05,-2.1974e-06,-1.699e-06,5.8768e-20
7.6166e-06,-5.9828e-06,-2.2498e-06,-2.4172e-06,2.1778e-05,1.5602e-05,-2.3199e-05,-2.2498e-06,-2.4172e-06,1.1868e-05,-2.2498e-06,-2.4172e-06,5.8768e-20
3.1937e-06,-1.2318e-06,-3.6311e-07,-6.3662e-06,4.3836e-06,9.0808e-06,-4.7764e-06,-3.6311e-07,-6.3662e-06,1.0992e-05,-3.6311e-07,-6.3662e-06,5.8768e-20
-2.07e-06,3.2099e-06,-1.1218e-06,-2.3497e-06,-9.3552e-06,-4.7242e-06,1.2447e-05,-1.1218e-06,-2.3497e-06,7.6556e-06,-1.1218e-06,-2.3497e-06,5.8768e-20
-7.3415e-06,7.6487e-06,-1.8201e-06,1.6145e-06,-2.3145e-05,-1.8471e-05,2.9659e-05,-1.8201e-06,1.6145e-06,4.1789e-06,-1.8201e-06,1.6145e-06,5.8768e-20
-4.21e-06,3.4542e-06,-3.7213e-06,8.1714e-06,-7.5532e-06,-1.5784e-05,1.3394e-05,-3.7213e-06,8.1714e-06,1.1466e-06,-3.7213e-06,8.1714e-06,5.8768e-20
-3.4315e-08,-3.5603e-07,-1.4942e-06,3.5867e-06,2.6563e-06,-2.8021e-06,-1.3806e-06,-1.4942e-06,3.5867e-06,-3.7246e-09,-1.4942e-06,3.5867e-06,5.8768e-20
4.2472e-06,-4.1274e-06,-9.5849e-08,-2.7981e-07,1.3568e-05,9.3757e-06,-1.6004e-05,-9.5849e-08,-2.7981e-07,7.7417e-07,-9.5849e-08,-2.7981e-07,5.8768e-20
8.2612e-06,-7.9971e-06,3.2086e-07,-1.4046e-06,2.5782e-05,1.9029e-05,-3.101e-05,3.2086e-07,-1.4046e-06,9.6434e-07,3.2086e-07,-1.4046e-06,5.8768e-20
8.1786e-07,-7.3935e-07,-3.0319e-07,1.7276e-07,2.7164e-06,1.4566e-06,-2.8669e-06,-3.0319e-07,1.7276e-07,8.4219e-07,-3.0319e-07,1.7276e-07,5.8768e-20
1.4937e-06,-2.2192e-06,-2.9861e-06,6.9756e-06,1.023e-05,-2.085e-06,-8.6052e-06,-2.9861e-06,6.9756e-06,2.8451e-07,-2.9861e-06,6.9756e-06,5.8768e-20
3.1252e-06,-3.3474e-06,-8.4575e-07,2.0345e-06,1.1772e-05,5.3426e-06,-1.298e-05,-8.4575e-07,2.0345e-06,-8.7036e-09,-8.4575e-07,2.0345e-06,5.8768e-20
4.8612e-06,-4.4372e-06,4.7576e-07,-2.197e-06,1.4007e-05,1.1976e-05,-1.7206e-05,4.7576e-07,-2.197e-06,1.6034e-06,4.7576e-07,-2.197e-06,5.8768e-20
6.0404e-06,-5.7319e-06,5.2687e-09,-1.0935e-06,1.8704e-05,1.3725e-05,-2.2226e-05,5.2687e-09,-1.0935e-06,1.6416e-06,5.2687e-09,-1.0935e-06,5.8768e-20
3.0244e-06,-2.2038e-06,-1.019e-06,-1.3783e-06,8.2123e-06,6.2351e-06,-8.5456e-06,-1.019e-06,-1.3783e-06,5.8059e-06,-1.019e-06,-1.3783e-06,5.8768e-20
-4.1815e-09,1.3196e-06,-1.945e-06,-1.7483e-06,-2.3622e-06,-1.1599e-06,5.117e-06,-1.945e-06,-1.7483e-06,9.7416e-06,-1.945e-06,-1.7483e-06,5.8768e-20
-3.0467e-06,4.838e-06,-2.7619e-06,-2.213e-06,-1.3029e-05,-8.4489e-06,1.876e-05,-2.7619e-06,-2.213e-06,1.3423e-05,-2.7619e-06,-2.213e-06,5.8768e-20
-6.4719e-06,8.2155e-06,-3.658e-06,-7.1795e-07,-2.3157e-05,-1.7387e-05,3.1856e-05,-3.658e-06,-7.1795e-07,1.4417e-05,-3.658e-06,-7.1795e-07,5.8768e-20
-1.8692e-06,2.8215e-06,-5.8954e-06,5.3806e-06,-3.3139e-06,-1.1599e-05,1.0941e-05,-5.8954e-06,5.3806e-06,1.3306e-05,-5.8954e-06,5.3806e-06,5.8768e-20
-4.8034e-06,6.3798e-06,-1.4066e-06,-3.4643e-06,-1.9417e-05,-1.0596e-05,2.4738e-05,-1.4066e-06,-3.4643e-06,1.0386e-05,-1.4066e-06,-3.4643e-06,5.8768e-20
-4.2752e-06,4.8456e-06,1.46e-07,-2.2232e-06,-1.5962e-05,-8.4555e-06,1.8789e-05,1.46e-07,-2.2232e-06,2.8446e-06,1.46e-07,-2.2232e-06,5.8768e-20
-7.7749e-08,-3.3686e-07,-6.57e-07,2.4321e-06,1.7565e-06,-1.6897e-06,-1.3062e-06,-6.57e-07,2.4321e-06,-1.3003e-06,-6.57e-07,2.4321e-06,5.8768e-20
1.0457e-06,-1.652e-06,2.3865e-06,-1.4009e-06,3.0056e-06,5.0416e-06,-6.4058e-06,2.3865e-06,-1.4009e-06,-6.5669e-06,2.3865e-06,-1.4009e-06,5.8768e-20
2.0869e-06,-2.9974e-06,2.996e-06,-1.2334e-06,6.7874e-06,7.839e-06,-1.1623e-05,2.996e-06,-1.2334e-06,-9.0418e-06,2.996e-06,-1.2334e-06,5.8768e-20
3.226e-06,-4.3068e-06,2.8396e-06,-4.0207e-07,1.1218e-05,9.8934e-06,-1.67e-05,2.8396e-06,-4.0207e-07,-9.7345e-06,2.8396e-06,-4.0207e-07,5.8768e-20
4.4506e-06,-5.5847e-06,2.0121e-06,1.0108e-06,1.6216e-05,1.1297e-05,-2.1655e-05,2.0121e-06,1.0108e-06,-8.8658e-06,2.0121e-06,1.0108e-06,5.8768e-20
1.5565e-06,-2.0117e-06,3.2552e-08,1.5538e-06,6.5336e-06,2.8796e-06,-7.8006e-06,3.2552e-08,1.5538e-06,-2.4785e-06,3.2552e-08,1.5538e-06,5.8768e-20
-1.4441e-06,1.5221e-06,-1.113e-06,1.374e-06,-3.855e-06,-4.7284e-06,5.902e-06,-1.113e-06,1.374e-06,1.9681e-06,-1.113e-06,1.374e-06,5.8768e-20
-4.4639e-06,5.0488e-06,-2.1078e-06,1.0636e-06,-1.4371e-05,-1.219e-05,1.9577e-05,-2.1078e-06,1.0636e-06,6.0637e-06,-2.1078e-06,1.0636e-06,5.8768e-20
-7.5827e-06,8.539e-06,-2.3266e-06,8.0599e-08,-2.5545e-05,-1.8899e-05,3.3111e-05,-2.3266e-06,8.0599e-08,8.3537e-06,-2.3266e-06,8.0599e-08,5.8768e-20
-2.6663e-06,3.2607e-06,-3.9455e-06,3.7521e-06,-6.6973e-06,-1.0938e-05,1.2644e-05,-3.9455e-06,3.7521e-06,8.6754e-06,-3.9455e-06,3.7521e-06,5.8768e-20
-1.473e-06,2.9788e-06,-3.6619e-06,1.2454e-07,-6.0609e-06,-6.6892e-06,1.1551e-05,-3.6619e-06,1.2454e-07,1.3152e-05,-3.6619e-06,1.2454e-07,5.8768e-20
-6.5063e-07,2.5604e-06,-3.5489e-06,-1.4643e-06,-4.8082e-06,-4.1783e-06,9.9282e-06,-3.5489e-06,-1.4643e-06,1.5153e-05,-3.5489e-06,-1.4643e-06,5.8768e-20
8.9201e-08,2.1116e-06,-2.7892e-06,-3.6135e-06,-4.1029e-06,-1.0399e-06,8.1878e-06,-2.7892e-06,-3.6135e-06,1.565e-05,-2.7892e-06,-3.6135e-06,5.8768e-20
1.8067e-07,1.4241e-06,-3.1044e-06,-1.0494e-06,-1.5439e-06,-2.0891e-06,5.5222e-06,-3.1044e-06,-1.0494e-06,1.2904e-05,-3.1044e-06,-1.0494e-06,5.8768e-20
4.7564e-07,8.1158e-07,-1.9366e-06,-1.6615e-06,-7.1244e-07,-1.27e-07,3.147e-06,-1.9366e-06,-1.6615e-06,9.5788e-06,-1.9366e-06,-1.6615e-06,5.8768e-20
7.8602e-07,2.0471e-07,-8.8958e-07,-2.1689e-06,2.2141e-07,1.7177e-06,7.9378e-07,-8.8958e-07,-2.1689e-06,6.535e-06,-8.8958e-07,-2.1689e-06,5.8768e-20
8.2486e-07,-5.0209e-07,-7.9259e-07,3.8054e-08,2.4314e-06,1.0685e-06,-1.9469e-06,-7.9259e-07,3.8054e-08,2.8298e-06,-7.9259e-07,3.8054e-08,5.8768e-20
1.1569e-06,-1.101e-06,8.4902e-08,-3.2241e-07,3.5088e-06,2.7488e-06,-4.2692e-06,8.4902e-08,-3.2241e-07,1.8036e-07,8.4902e-08,-3.2241e-07,5.8768e-20
1.5036e-06,-1.6945e-06,8.4732e-07,-5.8312e-07,4.6835e-06,4.3175e-06,-6.5706e-06,8.4732e-07,-5.8312e-07,-2.2013e-06,8.4732e-07,-5.8312e-07,5.8768e-20
1.8644e-06,-2.2828e-06,1.499e-06,-7.4791e-07,5.952e-06,5.7788e-06,-8.8518e-06,1.499e-06,-7.4791e-07,-4.3254e-06,1.499e-06,-7.4791e-07,5.8768e-20
2.2383e-06,-2.8663e-06,2.0487e-06,-8.2418e-07,7.307e-06,7.141e-06,-1.1114e-05,2.0487e-06,-8.2418e-07,-6.2119e-06,2.0487e-06,-8.2418e-07,5.8768e-20
2.7043e-06,-3.4158e-06,1.8756e-06,-2.7418e-07,9.2736e-06,7.802e-06,-1.3245e-05,1.8756e-06,-2.7418e-07,-6.4169e-06,1.8756e-06,-2.7418e-07,5.8768e-20
3.172e-06,-3.9648e-06,1.69e-06,2.8678e-07,1.1251e-05,8.4508e-06,-1.5374e-05,1.69e-06,2.8678e-07,-6.5925e-06,1.69e-06,2.8678e-07,5.8768e-20
3.6394e-06,-4.5139e-06,1.5066e-06,8.458e-07,1.3227e-05,9.1019e-06,-1.7503e-05,1.5066e-06,8.458e-07,-6.7734e-06,1.5066e-06,8.458e-07,5.8768e-20
4.1055e-06,-5.0635e-06,1.3343e-06,1.3952e-06,1.5193e-05,9.7638e-06,-1.9634e-05,1.3343e-06,1.3952e-06,-6.9802e-06,1.3343e-06,1.3952e-06,5.8768e-20
3.7693e-07,-7.9012e-07,6.0334e-07,5.6044e-07,1.9756e-06,1.1808e-06,-3.0638e-06,6.0334e-07,5.6044e-07,-3.0493e-06,6.0334e-07,5.6044e-07,5.8768e-20
-3.3617e-06,3.4795e-06,-4.8137e-08,-3.4319e-07,-1.1309e-05,-7.3249e-06,1.3492e-05,-4.8137e-08,-3.4319e-07,6.9661e-07,-4.8137e-08,-3.4319e-07,5.8768e-20
-7.111e-06,7.7452e-06,-6.1647e-07,-1.3189e-06,-2.4664e-05,-1.575e-05,3.0033e-05,-6.1647e-07,-1.3189e-06,4.2491e-06,-6.1647e-07,-1.3189e-06,5.8768e-20
-2.7463e-06,3.2713e-06,-3.2013e-06,2.8941e-06,-7.4761e-06,-1.0103e-05,1.2685e-05,-3.2013e-06,2.8941e-06,7.2673e-06,-3.2013e-06,2.8941e-06,5.8768e-20
1.9951e-06,-1.064e-06,-2.5832e-06,5.4933e-07,6.0562e-06,1.7956e-06,-4.1258e-06,-2.5832e-06,5.4933e-07,8.5769e-06,-2.5832e-06,5.4933e-07,5.8768e-20
6.3688e-06,-5.5347e-06,-2.1608e-06,2.6502e-07,2.0226e-05,1.1932e-05,-2.1461e-05,-2.1608e-06,2.6502e-07,7.4695e-06,-2.1608e-06,2.6502e-07,5.8768e-20
2.5397e-06,-1.2983e-06,9.7401e-07,-5.811e-06,3.2636e-06,8.6722e-06,-5.0342e-06,9.7401e-07,-5.811e-06,5.2773e-06,9.7401e-07,-5.811e-06,5.8768e-20
-2.0318e-06,2.6649e-06,6.9282e-07,-3.2538e-06,-9.3909e-06,-2.619e-06,1.0333e-05,6.9282e-07,-3.2538e-06,2.4177e-06,6.9282e-07,-3.2538e-06,5.8768e-20
-6.6012e-06,6.6287e-06,3.955e-07,-6.8253e-07,-2.2032e-05,-1.3926e-05,2.5704e-05,3.955e-07,-6.8253e-07,-4.0427e-07,3.955e-07,-6.8253e-07,5.8768e-20
-2.7592e-06,1.9625e-06,-1.1726e-06,4.5402e-06,-5.2332e-06,-8.8652e-06,7.61e-06,-1.1726e-06,4.5402e-06,-2.6237e-06,-1.1726e-06,4.5402e-06,5.8768e-20
1.6392e-06,-2.499e-06,-9.4386e-07,4.4238e-06,9.1006e-06,1.0835e-06,-9.6902e-06,-9.4386e-07,4.4238e-06,-3.2802e-06,-9.4386e-07,4.4238e-06,5.8768e-20
6.3263e-06,-6.8543e-06,1.0015e-07,1.7099e-06,2.2272e-05,1.3396e-05,-2.6578e-05,1.0015e-07,1.7099e-06,-2.9619e-06,1.0015e-07,1.7099e-06,5.8768e-20
2.6142e-06,-2.5749e-06,2.3182e-06,-3.5717e-06,6.0861e-06,9.2462e-06,-9.9843e-06,2.3182e-06,-3.5717e-06,-3.0209e-06,2.3182e-06,-3.5717e-06,5.8768e-20
-1.4811e-06,1.5635e-06,1.3835e-06,-2.339e-06,-6.4868e-06,-1.1067e-06,6.0627e-06,1.3835e-06,-2.339e-06,-1.4879e-06,1.3835e-06,-2.339e-06,5.8768e-20
-5.8713e-06,5.5934e-06,-3.1822e-07,1.4494e-06,-1.7939e-05,-1.3776e-05,2.1689e-05,-3.1822e-07,1.4494e-06,-1.0421e-06,-3.1822e-07,1.4494e-06,5.8768e-20
-5.8024e-06,4.8977e-06,-4.5727e-07,3.8609e-06,-1.5529e-05,-1.4654e-05,1.8991e-05,-4.5727e-07,3.8609e-06,-4.198e-06,-4.5727e-07,3.8609e-06,5.8768e-20
3.9491e-07,-8.5429e-07,1.2094e-06,-1.7457e-07,1.5791e-06,2.0573e-06,-3.3126e-06,1.2094e-06,-1.7457e-07,-4.1408e-06,1.2094e-06,-1.7457e-07,5.8768e-20
8.5924e-07,-1.4045e-06,1.0502e-06,3.6347e-07,3.5342e-06,2.7318e-06,-5.4462e-06,1.0502e-06,3.6347e-07,-4.378e-06,1.0502e-06,3.6347e-07,5.8768e-20
1.3202e-06,-1.956e-06,9.1704e-07,8.7893e-07,5.4672e-06,3.4316e-06,-7.5845e-06,9.1704e-07,8.7893e-07,-4.6759e-06,9.1704e-07,8.7893e-07,5.8768e-20
1.7783e-06,-2.5085e-06,8.0687e-07,1.3745e-06,7.3808e-06,4.1537e-06,-9.7269e-06,8.0687e-07,1.3745e-06,-5.0272e-06,8.0687e-07,1.3745e-06,5.8768e-20
2.2338e-06,-3.0619e-06,7.1654e-07,1.8529e-06,9.2776e-06,4.895e-06,-1.1873e-05,7.1654e-07,1.8529e-06,-5.4246e-06,7.1654e-07,1.8529e-06,5.8768e-20
2.6872e-06,-3.6162e-06,6.4308e-07,2.3166e-06,1.116e-05,5.6527e-06,-1.4022e-05,6.4308e-07,2.3166e-06,-5.8614e-06,6.4308e-07,2.3166e-06,5.8768e-20
3.4268e-06,-4.0651e-06,1.4044e-06,1.6593e-07,1.1864e-05,8.7926e-06,-1.5763e-05,1.4044e-06,1.6593e-07,-5.3686e-06,1.4044e-06,1.6593e-07,5.8768e-20
3.8881e-06,-4.6165e-06,1.2693e-06,6.8316e-07,1.3799e-05,9.4906e-06,-1.7901e-05,1.2693e-06,6.8316e-07,-5.6618e-06,1.2693e-06,6.8316e-07,5.8768e-20
4.3488e-06,-5.1681e-06,1.1391e-06,1.1961e-06,1.573e-05,1.0193e-05,-2.004e-05,1.1391e-06,1.1961e-06,-5.9665e-06,1.1391e-06,1.1961e-06,5.8768e-20
6.1573e-07,-8.9647e-07,4.4403e-07,3.3029e-07,2.482e-06,1.6453e-06,-3.4761e-06,4.4403e-07,3.3029e-07,-2.1193e-06,4.4403e-07,3.3029e-07,5.8768e-20
-3.1268e-06,3.3717e-06,-1.7707e-07,-5.9968e-07,-1.0828e-05,-6.831e-06,1.3074e-05,-1.7707e-07,-5.9968e-07,1.5559e-06,-1.7707e-07,-5.9968e-07,5.8768e-20
-6.8792e-06,7.6362e-06,-7.2007e-07,-1.5973e-06,-2.4204e-05,-1.5231e-05,2.961e-05,-7.2007e-07,-1.5973e-06,5.0494e-06,-7.2007e-07,-1.5973e-06,5.8768e-20
-2.5172e-06,3.1611e-06,-3.2839e-06,2.5975e-06,-7.0341e-06,-9.5641e-06,1.2258e-05,-3.2839e-06,2.5975e-06,8.0188e-06,-3.2839e-06,2.5975e-06,5.8768e-20
2.2221e-06,-1.1749e-06,-2.6487e-06,2.3792e-07,6.4836e-06,2.3514e-06,-4.5559e-06,-2.6487e-06,2.3792e-07,9.2884e-06,-2.6487e-06,2.3792e-07,5.8768e-20
6.594e-06,-5.6462e-06,-2.2123e-06,-5.8476e-08,2.0642e-05,1.2502e-05,-2.1894e-05,-2.2123e-06,-5.8476e-08,8.1486e-06,-2.2123e-06,-5.8476e-08,5.8768e-20
2.7635e-06,-1.4105e-06,9.3375e-07,-6.1444e-06,3.6701e-06,9.2528e-06,-5.4693e-06,9.3375e-07,-6.1444e-06,5.9302e-06,9.3375e-07,-6.1444e-06,5.8768e-20
-2.0972e-06,2.4462e-06,-1.5898e-07,-9.9283e-07,-7.8255e-06,-4.3981e-06,9.4855e-06,-1.5898e-07,-9.9283e-07,2.0871e-06,-1.5898e-07,-9.9283e-07,5.8768e-20
-6.6787e-06,6.4057e-06,-3.6149e-07,1.4962e-06,-2.0547e-05,-1.5613e-05,2.4839e-05,-3.6149e-07,1.4962e-06,-9.5549e-07,-3.6149e-07,1.4962e-06,5.8768e-20
-2.8492e-06,1.7349e-06,-1.8314e-06,6.6339e-06,-3.8312e-06,-1.0457e-05,6.7271e-06,-1.8314e-06,6.6339e-06,-3.4032e-06,-1.8314e-06,6.6339e-06,5.8768e-20
1.8251e-06,-2.6251e-06,-6.8732e-07,3.8332e-06,9.2558e-06,1.9521e-06,-1.0179e-05,-6.8732e-07,3.8332e-06,-3.3178e-06,-6.8732e-07,3.8332e-06,5.8768e-20
6.5122e-06,-6.9804e-06,3.5679e-07,1.1192e-06,2.2427e-05,1.4264e-05,-2.7067e-05,3.5679e-07,1.1192e-06,-2.9997e-06,3.5679e-07,1.1192e-06,5.8768e-20
2.8018e-06,-2.7003e-06,2.5611e-06,-4.1505e-06,6.2526e-06,1.0101e-05,-1.0471e-05,2.5611e-06,-4.1505e-06,-3.0269e-06,2.5611e-06,-4.1505e-06,5.8768e-20
-1.2908e-06,1.4391e-06,1.6051e-06,-2.8992e-06,-6.3022e-06,-2.7222e-07,5.5802e-06,1.6051e-06,-2.8992e-06,-1.4444e-06,1.6051e-06,-2.8992e-06,5.8768e-20
-5.6778e-06,5.4701e-06,-1.2139e-07,9.107e-07,-1.7733e-05,-1.2966e-05,2.1211e-05,-1.2139e-07,9.107e-07,-9.4093e-07,-1.2139e-07,9.107e-07,5.8768e-20
-5.6056e-06,4.7756e-06,-2.861e-07,3.3445e-06,-1.5302e-05,-1.3869e-05,1.8518e-05,-2.861e-07,3.3445e-06,-4.0373e-06,-2.861e-07,3.3445e-06,5.8768e-20
5.932e-07,-9.7568e-07,1.3679e-06,-6.7997e-07,1.8167e-06,2.8302e-06,-3.7833e-06,1.3679e-06,-6.7997e-07,-3.9507e-06,1.3679e-06,-6.7997e-07,5.8768e-20
1.0606e-06,-1.5248e-06,1.1849e-06,-1.2128e-07,3.792e-06,3.4816e-06,-5.9125e-06,1.1849e-06,-1.2128e-07,-4.1325e-06,1.1849e-06,-1.2128e-07,5.8768e-20
1.5243e-06,-2.0752e-06,1.0301e-06,4.1297e-07,5.7434e-06,4.1604e-06,-8.0468e-06,1.0301e-06,4.1297e-07,-4.3799e-06,1.0301e-06,4.1297e-07,5.8768e-20
1.9848e-06,-2.6268e-06,9.0067e-07,9.2518e-07,7.6733e-06,4.8638e-06,-1.0186e-05,9.0067e-07,9.2518e-07,-4.6865e-06,9.0067e-07,9.2518e-07,5.8768e-20
2.4425e-06,-3.1795e-06,7.9364e-07,1.418e-06,9.5843e-06,5.589e-06,-1.2329e-05,7.9364e-07,1.418e-06,-5.0451e-06,7.9364e-07,1.418e-06,5.8768e-20
2.8977e-06,-3.7331e-06,7.0594e-07,1.8941e-06,1.1479e-05,6.3329e-06,-1.4476e-05,7.0594e-07,1.8941e-06,-5.4486e-06,7.0594e-07,1.8941e-06,5.8768e-20
3.3509e-06,-4.2875e-06,6.3465e-07,2.356e-06,1.336e-05,7.0929e-06,-1.6625e-05,6.3465e-07,2.356e-06,-5.8904e-06,6.3465e-07,2.356e-06,5.8768e-20
4.0903e-06,-4.7365e-06,1.3977e-06,2.038e-07,1.4062e-05,1.0234e-05,-1.8366e-05,1.3977e-06,2.038e-07,-5.4016e-06,1.3977e-06,2.038e-07,5.8768e-20
4.5513e-06,-5.2878e-06,1.264e-06,7.1983e-07,1.5996e-05,1.0933e-05,-2.0504e-05,1.264e-06,7.1983e-07,-5.6981e-06,1.264e-06,7.1983e-07,5.8768e-20
8.1933e-07,-1.0157e-06,5.601e-07,-1.3834e-07,2.7553e-06,2.3768e-06,-3.9387e-06,5.601e-07,-1.3834e-07,-1.8304e-06,5.601e-07,-1.3834e-07,5.8768e-20
-2.9217e-06,3.253e-06,-7.2553e-08,-1.0583e-06,-1.0545e-05,-6.1106e-06,1.2614e-05,-7.2553e-08,-1.0583e-06,1.8717e-06,-7.2553e-08,-1.0583e-06,5.8768e-20
-6.6726e-06,7.5181e-06,-6.2816e-07,-2.045e-06,-2.3911e-05,-1.4523e-05,2.9152e-05,-6.2816e-07,-2.045e-06,5.3945e-06,-6.2816e-07,-2.045e-06,5.8768e-20
-2.597e-06,2.9377e-06,-4.0251e-06,4.7627e-06,-5.5635e-06,-1.1237e-05,1.1391e-05,-4.0251e-06,4.7627e-06,7.4305e-06,-4.0251e-06,4.7627e-06,5.8768e-20
2.1326e-06,-1.402e-06,-3.3141e-06,2.3375e-06,7.8902e-06,7.522e-07,-5.4364e-06,-3.3141e-06,2.3375e-06,8.5238e-06,-3.3141e-06,2.3375e-06,5.8768e-20
6.7821e-06,-5.7711e-06,-1.9755e-06,-6.3174e-07,2.0812e-05,1.335e-05,-2.2378e-05,-1.9755e-06,-6.3174e-07,8.1566e-06,-1.9755e-06,-6.3174e-07,5.8768e-20
2.9524e-06,-1.5349e-06,1.1637e-06,-6.7117e-06,3.8463e-06,1.0094e-05,-5.9518e-06,1.1637e-06,-6.7117e-06,5.9541e-06,1.1637e-06,-6.7117e-06,5.8768e-20
-1.9062e-06,2.3226e-06,5.4469e-08,-1.5458e-06,-7.6354e-06,-3.5727e-06,9.006e-06,5.4469e-08,-1.5458e-06,2.1493e-06,5.4469e-08,-1.5458e-06,5.8768e-20
-6.485e-06,6.283e-06,-1.6946e-07,9.6184e-07,-2.0338e-05,-1.4808e-05,2.4363e-05,-1.6946e-07,9.6184e-07,-8.4347e-07,-1.6946e-07,9.6184e-07,5.8768e-20
-2.6524e-06,1.6132e-06,-1.6627e-06,6.1197e-06,-3.6027e-06,-9.6748e-06,6.2552e-06,-1.6627e-06,6.1197e-06,-3.237e-06,-1.6627e-06,6.1197e-06,5.8768e-20
2.0249e-06,-2.7457e-06,-5.4176e-07,3.3391e-06,9.5039e-06,2.712e-06,-1.0647e-05,-5.4176e-07,3.3391e-06,-3.0977e-06,-5.4176e-07,3.3391e-06,5.8768e-20
6.7148e-06,-7.1e-06,4.805e-07,6.4405e-07,2.2694e-05,1.5003e-05,-2.7531e-05,4.805e-07,6.4405e-07,-2.7288e-06,4.805e-07,6.4405e-07,5.8768e-20
3.007e-06,-2.819e-06,2.6649e-06,-4.6084e-06,6.5364e-06,1.0821e-05,-1.0931e-05,2.6649e-06,-4.6084e-06,-2.7097e-06,2.6649e-06,-4.6084e-06,5.8768e-20
-1.0833e-06,1.3212e-06,1.6913e-06,-3.3419e-06,-6.0036e-06,4.3028e-07,5.123e-06,1.6913e-06,-3.3419e-06,-1.0861e-06,1.6913e-06,-3.3419e-06,5.8768e-20
-5.4684e-06,5.3529e-06,-5.0521e-08,4.813e-07,-1.7421e-05,-1.2278e-05,2.0756e-05,-5.0521e-08,4.813e-07,-5.4694e-07,-5.0521e-08,4.813e-07,5.8768e-20
-5.3944e-06,4.6589e-06,-2.2833e-07,2.9264e-06,-1.4978e-05,-1.3194e-05,1.8065e-05,-2.2833e-07,2.9264e-06,-3.6128e-06,-2.2833e-07,2.9264e-06,5.8768e-20
6.6114e-07,-1.1453e-06,1.01e-06,2.0771e-07,2.7281e-06,2.3162e-06,-4.4409e-06,1.01e-06,2.0771e-07,-3.9952e-06,1.01e-06,2.0771e-07,5.8768e-20
1.1213e-06,-1.697e-06,8.8354e-07,7.1741e-07,4.6555e-06,3.0225e-06,-6.5804e-06,8.8354e-07,7.1741e-07,-4.3085e-06,8.8354e-07,7.1741e-07,5.8768e-20
1.5786e-06,-2.2498e-06,7.792e-07,1.2079e-06,6.5642e-06,3.7502e-06,-8.7239e-06,7.792e-07,1.2079e-06,-4.6734e-06,7.792e-07,1.2079e-06,5.8768e-20
2.0335e-06,-2.8035e-06,6.939e-07,1.6819e-06,8.4567e-06,4.4964e-06,-1.0871e-05,6.939e-07,1.6819e-06,-5.0825e-06,6.939e-07,1.6819e-06,5.8768e-20
2.4863e-06,-3.358e-06,6.2473e-07,2.1419e-06,1.0336e-05,5.2583e-06,-1.3021e-05,6.2473e-07,2.1419e-06,-5.5292e-06,6.2473e-07,2.1419e-06,5.8768e-20
3.2256e-06,-3.8071e-06,1.3896e-06,-1.1797e-08,1.1037e-05,8.4018e-06,-1.4762e-05,1.3896e-06,-1.1797e-08,-5.0447e-06,1.3896e-06,-1.1797e-08,5.8768e-20
3.6864e-06,-4.3586e-06,1.2574e-06,5.0286e-07,1.2969e-05,9.1025e-06,-1.6901e-05,1.2574e-06,5.0286e-07,-5.3447e-06,1.2574e-06,5.0286e-07,5.8768e-20
4.1468e-06,-4.9103e-06,1.1296e-06,1.0137e-06,1.4898e-05,9.8076e-06,-1.904e-05,1.1296e-06,1.0137e-06,-5.655e-06,1.1296e-06,1.0137e-06,5.8768e-20
4.1348e-07,-6.3874e-07,4.3657e-07,1.4609e-07,1.6483e-06,1.2616e-06,-2.4768e-06,4.3657e-07,1.4609e-07,-1.8124e-06,4.3657e-07,1.4609e-07,5.8768e-20
-3.3292e-06,3.6294e-06,-1.8291e-07,-7.8528e-07,-1.1663e-05,-7.2131e-06,1.4073e-05,-1.8291e-07,-7.8528e-07,1.8591e-06,-1.8291e-07,-7.8528e-07,5.8768e-20
-7.0818e-06,7.8938e-06,-7.2463e-07,-1.784e-06,-2.5041e-05,-1.5612e-05,3.0609e-05,-7.2463e-07,-1.784e-06,5.3496e-06,-7.2463e-07,-1.784e-06,5.8768e-20
-2.72e-06,3.4188e-06,-3.2874e-06,2.4098e-06,-7.8715e-06,-9.9442e-06,1.3257e-05,-3.2874e-06,2.4098e-06,8.3166e-06,-3.2874e-06,2.4098e-06,5.8768e-20
2.0192e-06,-9.1732e-07,-2.6514e-06,4.954e-08,5.6455e-06,1.972e-06,-3.557e-06,-2.6514e-06,4.954e-08,9.5844e-06,-2.6514e-06,4.954e-08,5.8768e-20
6.3909e-06,-5.3887e-06,-2.2144e-06,-2.4739e-07,1.9803e-05,1.2123e-05,-2.0895e-05,-2.2144e-06,-2.4739e-07,8.4431e-06,-2.2144e-06,-2.4739e-07,5.8768e-20
2.5604e-06,-1.1529e-06,9.3217e-07,-6.3337e-06,2.8308e-06,8.8744e-06,-4.4703e-06,9.3217e-07,-6.3337e-06,6.2235e-06,9.3217e-07,-6.3337e-06,5.8768e-20
-2.3004e-06,2.7038e-06,-1.6018e-07,-1.1825e-06,-8.6651e-06,-4.7762e-06,1.0484e-05,-1.6018e-07,-1.1825e-06,2.3795e-06,-1.6018e-07,-1.1825e-06,5.8768e-20
-6.8819e-06,6.6632e-06,-3.6238e-07,1.3063e-06,-2.1386e-05,-1.5991e-05,2.5837e-05,-3.6238e-07,1.3063e-06,-6.6383e-07,-3.6238e-07,1.3063e-06,5.8768e-20
-3.0523e-06,1.9923e-06,-1.8322e-06,6.4439e-06,-4.6706e-06,-1.0834e-05,7.7252e-06,-1.8322e-06,6.4439e-06,-3.1121e-06,-1.8322e-06,6.4439e-06,5.8768e-20
1.622e-06,-2.3678e-06,-6.8783e-07,3.643e-06,8.4163e-06,1.5751e-06,-9.1813e-06,-6.8783e-07,3.643e-06,-3.0271e-06,-6.8783e-07,3.643e-06,5.8768e-20
6.3091e-06,-6.7231e-06,3.5642e-07,9.2889e-07,2.1588e-05,1.3887e-05,-2.607e-05,3.5642e-07,9.2889e-07,-2.7093e-06,3.5642e-07,9.2889e-07,5.8768e-20
