97.09
50.913
27.382
13.426
11.237
10.661
10.238
14.608
19.746
22.015
11.901
5.9972
2.8107
1.2837
0.64812
0.41861
0.32554
0.29429
0.28076
0.2788
0.27841
0.27833
0.27832
0.27831
0.27832
0.27831
0.27831
0.27832
0.27832
0.27832
0.27832
0.032123
2.6981e-05
3.0186e-05
2.7273e-05
5.4098e-05
0.00010603
0.00021084
0.00041503
0.00080602
0.0015231
0.0027282
0.0044377
0.0061237
0.0066038
0.0033165
0.0016429
0.00080629
0.00039505
0.00019774
9.6089e-05
4.5906e-05
2.4403e-05
1.2229e-05
8.8494e-06
8.5144e-06
4.3768e-06
4.021e-06
5.6019e-06
6.8551e-06
1.1257e-06
1.769e-06
3.9962e-06
5.9442e-06
6.7744e-06
5.985e-06
6.2463e-06
7.3821e-06
2.7529e-06
5.21e-06
1.0507e-05
5.3341e-06
4.4388e-06
1.0657e-05
6.6272e-06
2.2679e-06
6.6575e-06
1.2366e-05
1.8228e-06
5.217e-06
5.4992e-06
7.3225e-06
9.0848e-06
4.4747e-06
2.991e-06
6.9886e-06
1.1527e-05
6.0736e-06
8.8097e-06
1.3953e-05
1.739e-06
3.5237e-06
5.3668e-06
7.0185e-06
8.6386e-06
3.5245e-06
2.0759e-06
6.9143e-06
1.1822e-05
5.31e-06
4.9741e-06
4.935e-06
4.897e-06
3.7767e-06
2.8129e-06
2.2509e-06
1.7721e-06
2.2976e-06
3.118e-06
4.0107e-06
4.9067e-06
5.6044e-06
6.3309e-06
7.0801e-06
7.8462e-06
1.902e-06
4.5676e-06
1.0633e-05
4.9559e-06
3.5681e-06
9.2261e-06
4.4566e-06
3.6665e-06
9.1738e-06
3.6865e-06
4.612e-06
1.0428e-05
4.9175e-06
2.334e-06
7.8187e-06
1.5655e-05
2.1224e-06
2.7647e-06
3.4886e-06
4.2505e-06
5.0316e-06
5.8232e-06
6.4413e-06
7.2045e-06
7.9795e-06
1.9752e-06
4.3854e-06
1.0462e-05
4.8317e-06
3.8223e-06
9.465e-06
4.7544e-06
3.0818e-06
8.9944e-06
4.394e-06
4.645e-06
1.0615e-05
5.2379e-06
2.3816e-06
7.5894e-06
1.5116e-05
2.3049e-06
2.9277e-06
3.6384e-06
4.392e-06
5.1679e-06
5.9564e-06
6.7521e-06
7.3912e-06
8.1586e-06
2.143e-06
4.2139e-06
1.0288e-05
5.1488e-06
4.1372e-06
9.6605e-06
5.0959e-06
2.953e-06
8.7675e-06
4.0556e-06
4.7177e-06
1.0808e-05
5.5128e-06
2.4101e-06
7.3703e-06
1.4594e-05
2.4173e-06
3.1272e-06
3.8832e-06
4.6616e-06
5.452e-06
6.0807e-06
6.8403e-06
7.6128e-06
1.6423e-06
4.7472e-06
1.0829e-05
5.1244e-06
3.6321e-06
9.1402e-06
4.6207e-06
3.4456e-06
9.3375e-06
4.5163e-06
4.2828e-06
