4.7596
4.3119
2.1063
0.17779
-0.61648
-0.60575
-0.27778
0.028818
0.17442
0.16704
0.079218
-0.012497
-0.068322
-0.081348
-0.065211
-0.038868
-0.016366
-0.0033729
0.0010537
0.00071136
-0.00080343
-0.001519
-0.0010719
-7.3833e-05
0.0006263
0.00077126
0.00050911
0.00035565
0.00024962
0.00019273
0.00022786
0.00017271
0.00019589
0.00022084
0.00022136
0.00020851
0.00018872
0.00016998
0.00015457
0.00014281
0.00013448
0.00012961
0.00012595
0.00012381
0.00012194
0.00012134
0.00012074
0.00012011
0.00011962
0.00011916
0.00011858
0.00011866
0.00011824
0.00011821
0.00011839
0.00011827
0.00011824
5.3065e-05
2.4439e-05
8.5255e-06
-2.7687e-07
-4.3575e-06
-6.2111e-06
-7.1509e-06
-7.2639e-06
-7.2412e-06
-7.4116e-06
-7.2295e-06
-7.4483e-06
-7.6195e-06
-7.273e-06
-7.11e-06
-6.8541e-06
-7.5064e-06
-7.9115e-06
-8.0959e-06
-8.2414e-06
-8.4942e-06
-8.3892e-06
-8.3416e-06
-0.00011577
-8.0181e-05
3.4769e-05
9.572e-05
0.00012134
7.8212e-05
5.2028e-05
3.3919e-05
2.2054e-05
1.4305e-05
9.8932e-06
6.6337e-06
4.9847e-06
3.9235e-06
3.0696e-06
2.7752e-06
2.6752e-06
-8.7583e-06
-1.3531e-05
-1.6029e-05
-1.7243e-05
-1.7948e-05
-1.837e-05
-1.8628e-05
-1.8506e-05
-1.8435e-05
-1.8759e-05
-1.8721e-05
-1.8748e-05
-1.877e-05
-1.8789e-05
-1.8868e-05
-0.00010554
-4.14e-05
-4.126e-05
4.215e-05
0.00010954
0.00013923
9.6376e-05
6.8579e-05
4.86e-05
3.5216e-05
2.5839e-05
1.99e-05
1.6301e-05
-4.4589e-05
-2.3787e-05
5.3249e-06
2.4413e-05
3.129e-05
3.0623e-05
-2.6367e-05
-9.8653e-06
1.588e-05
2.9252e-05
-1.6459e-05
5.8872e-07
2.3096e-05
3.2178e-05
2.1089e-05
1.0667e-05
2.4434e-06
-3.2594e-06
-7.5866e-06
-1.0319e-05
-1.2587e-05
-1.3298e-05
-1.352e-05
-1.3853e-05
-1.3823e-05
-6.1371e-05
-4.3139e-05
-1.7155e-05
-2.3513e-06
2.7518e-06
1.7448e-06
-1.5961e-06
-4.534e-06
-7.8469e-06
-1.0047e-05
-1.2074e-05
-1.2966e-05
-1.3336e-05
-5.9413e-05
-4.2414e-05
-1.7692e-05
-3.4496e-06
5.0812e-06
4.9643e-06
3.0217e-06
2.2371e-07
-2.2986e-06
-4.0674e-06
-1.3231e-05
-6.1574e-05
-4.6617e-05
-2.4551e-05
1.8243e-06
1.1834e-05
1.4174e-05
1.3142e-05
1.0663e-05
8.8204e-06
7.0655e-06
6.5814e-06
5.853e-06
5.0083e-06
4.6203e-06
-3.8713e-05
-2.2221e-05
5.9482e-07
1.4026e-05
1.9505e-05
1.8974e-05
1.6123e-05
-2.7678e-05
-1.4501e-05
5.5032e-06
-2.4572e-05
-5.0837e-06
