1
-2.3194e-11
-2.6571e-11
-9.9474e-12
-1.0577e-11
-3.7176e-11
-4.4029e-11
-1.7955e-10
-9.7901e-10
-4.6491e-09
-2.5295e-08
-0.058961
-0.13397
-0.21694
-0.22499
-0.19147
-0.15405
-0.13326
-0.13124
-0.13964
-0.14902
-0.1542
-0.15469
-0.15259
-0.15024
-0.14779
-0.14766
-0.14877
-0.14999
-0.15059
-0.15059
-0.15029
-0.14999
-0.14986
-0.14986
-0.14993
-0.15002
-0.15006
-0.15003
-0.14999
-0.14999
-0.14998
-0.14999
-0.15
-0.15
-0.15
-0.15
-0.15
-0.15
-0.15
-0.15
-0.15
-0.15
-0.15
-0.15
-0.15
-0.15
-0.15
-0.15
-0.15
-0.15
-0.15
-0.15
-0.15
-0.15
-0.15
-0.15
-0.15
-0.15
-0.15
-0.15
-0.15
-0.15
-0.15
-0.15
-0.15
-0.15
-0.15
-0.15
-0.15
-0.15
-0.15
-0.15
-0.15
-0.15
-0.15
-0.15
-0.15
-0.15
-0.15
-0.15
-0.15
-0.15
-0.15
-0.15
-0.15
-0.15
-0.15
-0.15
-0.15
