0.00016917
0.00029083
0.0002908
0.0002908
0.00029077
0.00029078
0.00029079
0.00029079
0.00029079
0.00029079
0.00029077
0.00029071
0.00029071
0.0002907
0.00029069
0.00029067
0.00029066
0.00029065
0.00029063
0.00029063
0.00029063
0.00029063
0.00029063
0.00029063
0.00029063
0.00029063
0.00029063
0.00029063
0.00029063
0.00029063
0.00029063
0.00029061
0.00029059
0.00029056
0.00029054
0.00029052
0.00029052
0.00029051
0.00029052
0.00029048
0.00029046
0.00029045
0.00029047
0.00029049
0.00029049
0.00029048
0.00029048
0.00029049
0.00029049
0.00029048
0.00029047
0.00029047
0.00029047
0.00029046
0.00029045
0.00029044
0.00029043
0.00029043
0.00029042
0.00029042
0.00029042
0.00029042
0.00029042
0.00029041
0.00029041
0.00029042
0.00029044
0.00029045
0.00029046
0.00029047
0.00029049
0.0002905
0.00029051
0.00029053
0.00029054
0.00029055
0.00029055
0.00029055
0.00029054
0.00029054
0.00029054
0.00029053
0.00029053
0.00029053
0.00029052
0.00029052
0.00029052
0.00029051
0.00029051
0.00029051
0.00029051
0.0002905
0.0002905
0.0002905
0.00029049
0.00029049
0.00029049
0.00029048
0.00029048
0.00029048
0.00029048
0.00029047
0.00029047
0.00029047
0.00029046
0.00029046
0.00029046
0.00029045
0.00029045
0.00029045
0.00029044
0.00029044
0.00029044
0.00029044
0.00029043
0.00029043
0.00029043
0.00029042
0.00029042
0.00029042
0.00029041
0.00029041
0.00029041
0.00029041
0.0002904
0.0002904
0.0002904
0.00029039
0.00029039
0.00029039
0.00029038
0.00029038
0.00029038
0.00029038
0.00029037
0.00029037
0.00029037
0.00029036
0.00029036
0.00029036
0.00029035
0.00029035
0.00029035
0.00029034
0.00029034
0.00029034
0.00029034
0.00029033
0.00029033
0.00029033
