8.7939
0.04051
0.0012469
9.4277e-06
0.0010933
0.0016015
0.0016453
0.001662
0.0017661
0.049898
0.024977
0.16719
0.21218
0.11741
0.02241
0.047258
0.053899
0.033043
0.0027893
0.011851
0.018199
0.0094823
0.0054866
0.0029561
0.0033095
0.0030736
0.0017556
0.0013283
0.0010259
0.0004314
1.2891e-05
0.0009237
0.00041009
0.00036062
0.00027232
0.00011229
0.00013905
5.6709e-05
4.3529e-05
4.3539e-05
0.00023086
0.00021604
1.319e-05
1.0208e-05
5.4479e-05
7.4605e-05
1.0211e-05
1.0244e-05
1.0208e-05
0.00017354
6.0293e-05
3.8322e-06
0.00020834
0.00013105
0.00010941
0.00016646
0.00022222
4.3611e-06
0.00018951
1.9735e-05
3.4493e-05
0.0005131
0.00024445
3.5793e-06
6.9929e-06
0.00040275
9.1457e-05
0.00033378
0.0003336
1.0601e-05
3.5298e-05
3.5824e-06
3.5824e-06
0.00024386
1.0837e-05
3.5608e-05
4.156e-05
3.1605e-05
3.3508e-06
0.00050559
3.6845e-06
0.00029002
0.00023314
0.00013793
3.8319e-06
7.1648e-06
0.00048772
0.00031887
2.9036e-05
3.5818e-05
3.5818e-05
3.2678e-06
0.00047741
1.4591e-05
0.0004734
0.00026362
7.5118e-06
7.5085e-06
0.00060114
3.5409e-05
