0.4
-0.01206
0.028134
0.022784
0.022784
0.022783
0.022783
0.022336
0.012058
0.012058
0.012056
0.012055
0.012204
0.003417
0.012053
0.012054
0.011923
0.0036843
0.012053
0.012054
0.011905
0.0037017
0.012053
0.00080673
0.0071564
0.0036976
0.0028878
0.0025069
0.0023275
0.0030371
0.00099573
0.003695
0.0036952
0.0036656
0.0011265
0.0036949
0.0036951
0.0036566
0.0011351
0.0036949
0.0036952
0.0036562
0.0011356
-0.0055258
-0.0057965
-0.0057909
-0.0063981
-0.0060866
-0.0030728
-0.0030725
-0.0028181
-0.0026983
-0.0028815
-0.0008652
-0.0012701
-0.003072
-0.0030644
-0.00092788
-0.0030717
-0.0032261
-0.0031397
-0.0009486
-0.0030717
-0.0032315
-0.0031426
-0.00095007
-0.0013952
-0.0016046
-0.0023514
-0.00090256
-0.0013253
-0.0015241
-0.0023125
-0.00089701
-0.001317
-0.0015147
-0.0023078
-0.00089647
-0.0013162
-0.0015139
-0.0030634
-0.00090747
-0.0013325
-0.0015326
-0.0023166
-0.00089755
-0.0030719
-0.003218
-0.0031357
0.0011092
-0.0003294
-3.1098e-05
-0.00034822
-0.00032916
-0.00024853
-0.00021058
-0.00019272
-0.000254
-8.9253e-05
-0.00013008
