141.28
0.23219
0.13907
0.067696
0.068848
0.078242
0.084489
0.17507
0.13828
0.11653
0.10635
0.1015
0.19765
0.087191
0.088047
0.092313
0.18842
0.082979
0.086995
0.091749
0.18783
0.082708
0.086926
0.038124
0.059491
0.046294
0.039786
0.036773
0.035369
0.063984
0.02877
0.028429
0.029592
0.058485
0.026799
0.027936
0.029326
0.058194
0.026673
0.027904
0.02931
0.058179
0.026666
0.022652
0.018573
0.02048
0.022816
0.044539
0.035392
0.030463
0.028402
0.027438
0.05135
0.023851
0.026736
0.025375
0.049166
0.022923
0.023729
0.024939
0.048569
0.02262
0.023653
0.024904
0.048527
0.022599
0.025813
0.027377
0.050902
0.023295
0.026325
0.027797
0.051243
0.023376
0.026384
0.027847
0.05128
0.023384
0.02639
0.027852
0.049845
0.023222
0.026272
0.027754
0.051209
0.023369
0.023842
0.024989
0.048633
0.025948
0.0093583
0.0035677
0.0059622
0.0042146
0.0035581
0.0032535
0.0031114
0.0056664
0.0024439
0.0027504
