0.035617
0.043635
0.043533
0.043481
0.051783
0.055588
0.056785
0.057583
0.058092
0.057977
0.058378
0.058714
0.058706
0.058974
0.059217
0.059463
0.059502
0.059532
0.059551
0.059554
0.059551
0.059818
0.059818
0.060076
0.060325
0.060572
0.060818
0.061063
0.061307
0.061546
0.061779
0.061796
0.062035
0.062072
0.062089
0.062092
0.062089
0.062317
0.062316
0.062316
0.062318
0.062318
0.062308
0.06231
0.062312
0.062315
0.062315
0.062539
0.06274
0.062936
0.063139
0.063345
0.063554
0.063555
0.063555
0.063555
0.063555
0.063555
0.063555
0.063555
0.063618
0.063656
0.063674
0.063672
0.063671
0.063668
0.063665
0.063666
0.063666
0.063665
0.063665
0.063665
0.063662
0.063659
0.063656
0.063653
0.06365
0.063647
0.063643
0.063808
0.063812
0.063817
0.063823
0.063832
0.063836
0.06384
0.063843
0.064004
0.064144
0.064143
0.06428
0.064424
0.064574
0.064726
0.064876
0.065023
0.065165
0.065305
0.065443
0.065498
0.065463
0.06548
0.065477
0.06548
0.065483
