0.26579
0.020482
0.0045039
0.002127
0.73145
0.38167
0.13736
0.13137
0.07872
0.058777
0.062749
0.060284
0.013379
0.11128
0.10209
0.09603
0.018378
0.016444
0.013028
0.0089083
0.0069652
0.10543
0.017047
0.099092
0.094603
0.092596
0.09161
0.091117
0.090558
0.08969
0.088638
0.010676
0.089994
0.019653
0.01115
0.0084784
0.0062787
0.094208
0.017751
0.0083454
0.0094396
0.008974
0.0012004
0.015811
0.013221
0.012054
0.010997
0.18263
0.16593
0.15632
0.15345
0.1545
0.15574
0.15586
0.15594
0.156
0.15603
0.15605
0.15606
0.15607
0.049906
0.03029
0.017474
0.0082553
0.015496
0.0087375
0.0049321
0.005238
0.0050496
0.004509
0.0039799
0.0035481
0.0031793
0.0028829
0.0026116
0.0023551
0.0021429
0.0019088
0.0017183
0.30182
0.083535
0.027707
0.036375
0.03404
0.029371
0.025355
0.021912
0.27696
0.24535
0.24256
0.22473
0.22042
0.22436
0.22827
0.22882
0.22625
0.22229
0.21833
0.21518
0.088717
0.053727
0.046139
0.0029516
0.057451
