126.82
127.12
125.41
128.65
127.08
126.79
126.87
126.71
126.71
126.72
126.72
126.74
126.75
126.76
126.77
126.77
126.78
126.78
126.79
126.79
126.79
126.79
126.79
126.79
126.79
126.79
126.79
126.79
126.79
126.79
126.79
126.79
126.79
126.79
126.79
126.79
126.79
126.79
126.79
126.79
126.79
126.79
126.79
126.79
126.79
126.79
126.79
126.79
126.79
126.79
126.79
126.79
126.79
126.79
126.79
126.79
126.79
126.79
126.79
126.79
126.79
126.79
126.79
126.79
126.79
126.79
126.79
126.79
126.79
126.79
126.79
126.79
126.79
126.79
126.79
126.79
126.79
126.79
126.79
126.79
126.79
126.79
126.79
126.79
126.79
126.79
126.79
126.79
126.79
126.79
126.79
126.79
126.79
126.79
126.79
126.79
126.79
126.79
126.79
126.79
126.79
126.79
126.79
126.79
126.79
126.79
126.79
126.79
126.79
126.79
126.79
126.79
126.79
126.79
126.79
126.79
126.79
126.79
126.79
126.79
126.79
126.79
126.79
126.79
126.79
126.79
126.79
126.79
126.79
126.79
126.79
126.79
126.79
126.79
126.79
126.79
126.79
126.79
126.79
126.79
126.79
126.79
126.79
126.79
126.79
126.79
126.79
126.79
126.79
126.79
126.79
126.79
126.79
126.79
126.79
126.79
126.79
126.79
126.79
126.79
126.79
126.79
126.79
126.79
126.79
126.79
126.79
126.79
126.79
126.79
126.79
126.79
126.79
126.79
126.79
126.79
126.79
126.79
126.79
126.79
126.79
126.79
126.79
126.79
126.79
126.79
126.79
126.79
126.79
126.79
126.79
126.79
126.79
126.79
126.79
126.79
126.79
126.79
126.79
126.79
