2.3839,-0.17388,2.257,0.1934,7.7622,2.6313,8.689,0.29257,0.1934,-1.3505,0.29257,0.1934,0.0014849
1.45,0.74997,-0.31851,0.1635,3.839,2.0443,4.5739,0.21516,0.1635,-1.0231,0.21516,0.1635,0.0014849
1.127,0.87295,-0.084498,0.091903,1.3228,0.8115,1.6402,0.061015,0.091903,-0.35277,0.061015,0.091903,0.0014849
1.0687,0.93127,0.091247,0.055023,0.40518,0.29362,0.54339,0.0027917,0.055023,-0.084638,0.0027917,0.055023,0.0014849
1.0584,0.94163,0.057626,0.037245,0.25419,0.19239,0.35342,0.0015489,0.037245,-0.053104,0.0015489,0.037245,0.0014849
1.0525,0.94747,0.0095943,0.026495,0.25733,0.17543,0.3434,0.0087936,0.026495,-0.063172,0.0087936,0.026495,0.0014849
1.0513,0.94874,-0.004116,0.022642,0.26504,0.17047,0.34642,0.011592,0.022642,-0.067515,0.011592,0.022642,0.0014849
1.0512,0.94883,-0.0031243,0.023238,0.26475,0.17197,0.34699,0.011293,0.023238,-0.067327,0.011293,0.023238,0.0014849
1.0512,0.94881,-0.0006264,0.024761,0.26255,0.1753,0.34704,0.010434,0.024761,-0.06651,0.010434,0.024761,0.0014849
1.0512,0.9488,0.00039608,0.025554,0.26134,0.17711,0.34705,0.01,0.025554,-0.066134,0.01,0.025554,0.0014849
1.0512,0.9488,0.00039886,0.025628,0.26123,0.17731,0.34707,0.0099657,0.025628,-0.066122,0.0099657,0.025628,0.0014849
1.0512,0.94879,0.0001387,0.025453,0.26148,0.17692,0.34707,0.010063,0.025453,-0.066211,0.010063,0.025453,0.0014849
1.0512,0.94878,-2.3615e-05,0.025326,0.26167,0.17663,0.34707,0.010132,0.025326,-0.066269,0.010132,0.025326,0.0014849
1.0512,0.94877,-5.5951e-05,0.025302,0.2617,0.17657,0.34706,0.010144,0.025302,-0.066278,0.010144,0.025302,0.0014849
1.0512,0.94875,-2.011e-05,0.025317,0.26171,0.17661,0.3471,0.010137,0.025317,-0.066275,0.010137,0.025317,0.0014849
1.0513,0.94874,-6.2732e-06,0.025342,0.26166,0.17667,0.3471,0.010124,0.025342,-0.066266,0.010124,0.025342,0.0014849
1.0512,0.94882,6.3408e-06,0.025353,0.26164,0.17669,0.34706,0.010118,0.025353,-0.06626,0.010118,0.025353,0.0014849
1.0512,0.94879,1.0231e-05,0.025348,0.26168,0.17669,0.3471,0.010122,0.025348,-0.066267,0.010122,0.025348,0.0014849
1.0512,0.94878,-3.617e-06,0.025347,0.26166,0.17668,0.34709,0.010122,0.025347,-0.066266,0.010122,0.025347,0.0014849
1.0512,0.94879,-2.1196e-06,0.025347,0.26163,0.17667,0.34705,0.01012,0.025347,-0.066258,0.01012,0.025347,0.0014849
1.0512,0.94878,7.0863e-06,0.02534,0.26168,0.17666,0.34709,0.010125,0.02534,-0.066266,0.010125,0.02534,0.0014849
1.0512,0.94878,-4.1528e-06,0.025337,0.26167,0.17665,0.34707,0.010126,0.025337,-0.066266,0.010126,0.025337,0.0014849
1.0512,0.94879,-2.1158e-06,0.025336,0.26165,0.17664,0.34705,0.010125,0.025336,-0.06626,0.010125,0.025336,0.0014849
1.0512,0.94878,5.6891e-06,0.025331,0.26169,0.17664,0.34709,0.01013,0.025331,-0.066268,0.01013,0.025331,0.0014849
1.0512,0.94878,-3.8099e-06,0.025328,0.26168,0.17663,0.34707,0.010131,0.025328,-0.066265,0.010131,0.025328,0.0014849
1.0512,0.9488,-7.9097e-06,0.025343,0.26164,0.17667,0.34706,0.010124,0.025343,-0.066261,0.010124,0.025343,0.0014849
1.0512,0.94879,6.3465e-06,0.025344,0.26165,0.17667,0.34706,0.010124,0.025344,-0.066259,0.010124,0.025344,0.0014849
1.0512,0.94878,1.4729e-07,0.025341,0.26162,0.17665,0.34703,0.010123,0.025341,-0.066253,0.010123,0.025341,0.0014849
1.0512,0.94879,4.595e-06,0.025336,0.26166,0.17664,0.34706,0.010127,0.025336,-0.06626,0.010127,0.025336,0.0014849
1.0512,0.94878,-4.322e-06,0.025336,0.26164,0.17664,0.34705,0.010127,0.025336,-0.066258,0.010127,0.025336,0.0014849
1.0512,0.94879,-2.7953e-06,0.02534,0.26162,0.17664,0.34703,0.010124,0.02534,-0.066253,0.010124,0.02534,0.0014849
1.0512,0.94878,5.0383e-06,0.025338,0.26165,0.17665,0.34706,0.010126,0.025338,-0.066258,0.010126,0.025338,0.0014849
1.0512,0.94879,-1.8948e-06,0.025339,0.26165,0.17665,0.34706,0.010126,0.025339,-0.066261,0.010126,0.025339,0.0014849
1.0512,0.94878,-4.404e-07,0.02534,0.26165,0.17665,0.34706,0.010126,0.02534,-0.066259,0.010126,0.02534,0.0014849
1.0512,0.94879,1.4874e-07,0.02534,0.26165,0.17665,0.34706,0.010126,0.02534,-0.066259,0.010126,0.02534,0.0014849
1.0512,0.94878,-8.6503e-09,0.02534,0.26164,0.17665,0.34705,0.010126,0.02534,-0.066258,0.010126,0.02534,0.0014849
1.0512,0.94878,5.9072e-08,0.02534,0.26164,0.17665,0.34705,0.010126,0.02534,-0.066257,0.010126,0.02534,0.0014849
1.0512,0.94878,9.3775e-08,0.02534,0.26164,0.17665,0.34705,0.010126,0.02534,-0.066257,0.010126,0.02534,0.0014849
1.0512,0.94879,3.9325e-07,0.025339,0.26164,0.17665,0.34705,0.010126,0.025339,-0.066257,0.010126,0.025339,0.0014849
1.0512,0.94879,-2.1842e-07,0.025339,0.26164,0.17665,0.34705,0.010126,0.025339,-0.066258,0.010126,0.025339,0.0014849
1.0512,0.94879,-5.3301e-07,0.025339,0.26164,0.17665,0.34704,0.010125,0.025339,-0.066257,0.010125,0.025339,0.0014849
1.0512,0.94879,1.7968e-07,0.025339,0.26164,0.17665,0.34704,0.010125,0.025339,-0.066257,0.010125,0.025339,0.0014849
1.0512,0.94879,2.1676e-07,0.025339,0.26164,0.17665,0.34704,0.010125,0.025339,-0.066257,0.010125,0.025339,0.0014849
1.0512,0.94879,1.201e-08,0.025339,0.26164,0.17665,0.34704,0.010125,0.025339,-0.066257,0.010125,0.025339,0.0014849
1.0512,0.9488,4.2353e-08,0.025339,0.26164,0.17665,0.34704,0.010125,0.025339,-0.066257,0.010125,0.025339,0.0014849
1.0512,0.94881,7.7547e-08,0.025339,0.26164,0.17665,0.34704,0.010125,0.025339,-0.066258,0.010125,0.025339,0.0014849
1.0512,0.94882,-5.4622e-08,0.025339,0.26164,0.17665,0.34704,0.010125,0.025339,-0.066258,0.010125,0.025339,0.0014849
1.0512,0.94883,-4.4821e-08,0.025339,0.26164,0.17665,0.34704,0.010125,0.025339,-0.066258,0.010125,0.025339,0.0014849
1.0512,0.94883,-4.5442e-08,0.025339,0.26164,0.17665,0.34704,0.010125,0.025339,-0.066258,0.010125,0.025339,0.0014849
1.0512,0.94883,-2.5594e-08,0.02534,0.26164,0.17665,0.34704,0.010125,0.02534,-0.066258,0.010125,0.02534,0.0014849
1.0512,0.94883,3.1721e-08,0.025339,0.26164,0.17665,0.34703,0.010125,0.025339,-0.066257,0.010125,0.025339,0.0014849
1.0512,0.94883,2.0143e-07,0.025339,0.26164,0.17665,0.34703,0.010125,0.025339,-0.066257,0.010125,0.025339,0.0014849
1.0512,0.94883,1.9419e-08,0.025339,0.26164,0.17665,0.34703,0.010125,0.025339,-0.066257,0.010125,0.025339,0.0014849
1.0512,0.94883,1.6367e-08,0.025339,0.26164,0.17665,0.34703,0.010125,0.025339,-0.066257,0.010125,0.025339,0.0014849
1.0512,0.94884,-1.3829e-07,0.025339,0.26164,0.17665,0.34703,0.010125,0.025339,-0.066258,0.010125,0.025339,0.0014849
1.0512,0.94885,-1.0977e-07,0.025339,0.26164,0.17665,0.34703,0.010125,0.025339,-0.066258,0.010125,0.025339,0.0014849
1.0512,0.94886,-7.7319e-08,0.025339,0.26164,0.17665,0.34703,0.010125,0.025339,-0.066258,0.010125,0.025339,0.0014849
1.0512,0.94886,1.313e-07,0.02534,0.26164,0.17665,0.34703,0.010125,0.02534,-0.066258,0.010125,0.02534,0.0014849
1.0512,0.94886,1.375e-07,0.02534,0.26164,0.17665,0.34703,0.010125,0.02534,-0.066258,0.010125,0.02534,0.0014849
1.0512,0.94886,1.4005e-07,0.02534,0.26164,0.17665,0.34703,0.010125,0.02534,-0.066258,0.010125,0.02534,0.0014849
1.0512,0.94886,-6.6819e-08,0.025339,0.26164,0.17665,0.34703,0.010125,0.025339,-0.066258,0.010125,0.025339,0.0014849
1.0512,0.94886,-2.0322e-07,0.025339,0.26164,0.17665,0.34702,0.010125,0.025339,-0.066257,0.010125,0.025339,0.0014849
1.0512,0.94886,1.6804e-07,0.025339,0.26164,0.17665,0.34702,0.010125,0.025339,-0.066257,0.010125,0.025339,0.0014849
1.0512,0.94887,2.2997e-08,0.025339,0.26164,0.17665,0.34702,0.010125,0.025339,-0.066257,0.010125,0.025339,0.0014849
1.0512,0.94888,5.4565e-08,0.025339,0.26164,0.17665,0.34702,0.010125,0.025339,-0.066257,0.010125,0.025339,0.0014849
1.0512,0.94889,-9.8789e-08,0.025339,0.26164,0.17665,0.34702,0.010125,0.025339,-0.066258,0.010125,0.025339,0.0014849
1.0512,0.9489,-2.5827e-07,0.025339,0.26164,0.17665,0.34702,0.010125,0.025339,-0.066258,0.010125,0.025339,0.0014849
1.0512,0.94891,-4.3227e-08,0.025339,0.26164,0.17665,0.34702,0.010125,0.025339,-0.066258,0.010125,0.025339,0.0014849
1.0512,0.94891,1.6938e-07,0.02534,0.26164,0.17665,0.34702,0.010125,0.02534,-0.066258,0.010125,0.02534,0.0014849
1.0512,0.94891,-1.236e-08,0.02534,0.26164,0.17665,0.34702,0.010125,0.02534,-0.066258,0.010125,0.02534,0.0014849
1.0512,0.94891,7.3981e-07,0.025338,0.26164,0.17665,0.34702,0.010126,0.025338,-0.066258,0.010126,0.025338,0.0014849
1.0512,0.94891,-9.613e-07,0.025339,0.26164,0.17665,0.34702,0.010126,0.025339,-0.066258,0.010126,0.025339,0.0014849
1.0512,0.94891,-1.9929e-07,0.02534,0.26164,0.17665,0.34702,0.010126,0.02534,-0.066258,0.010126,0.02534,0.0014849
1.0512,0.94891,9.6509e-07,0.025339,0.26164,0.17665,0.34702,0.010127,0.025339,-0.066257,0.010127,0.025339,0.0014849
1.0512,0.94891,-5.1497e-07,0.02534,0.26164,0.17665,0.34702,0.010127,0.02534,-0.066257,0.010127,0.02534,0.0014849
1.0512,0.94891,2.9055e-08,0.02534,0.26164,0.17665,0.34702,0.010127,0.02534,-0.066257,0.010127,0.02534,0.0014849
1.0512,0.94891,4.1789e-07,0.025339,0.26164,0.17665,0.34702,0.010127,0.025339,-0.066258,0.010127,0.025339,0.0014849
1.0512,0.94891,-5.5332e-07,0.025339,0.26164,0.17665,0.34702,0.010126,0.025339,-0.066258,0.010126,0.025339,0.0014849
1.0512,0.94891,-2.0997e-07,0.025339,0.26164,0.17665,0.34702,0.010126,0.025339,-0.066258,0.010126,0.025339,0.0014849
1.0512,0.94891,5.6906e-07,0.025339,0.26164,0.17665,0.34702,0.010127,0.025339,-0.066258,0.010127,0.025339,0.0014849
1.0512,0.94891,-5.5398e-07,0.025339,0.26164,0.17665,0.34702,0.010126,0.025339,-0.066258,0.010126,0.025339,0.0014849
1.0512,0.94891,-3.9925e-09,0.02534,0.26164,0.17665,0.34702,0.010126,0.02534,-0.066258,0.010126,0.02534,0.0014849
1.0512,0.94891,5.7318e-07,0.025339,0.26164,0.17665,0.34702,0.010127,0.025339,-0.066258,0.010127,0.025339,0.0014849
1.0512,0.94891,-3.6479e-07,0.025339,0.26164,0.17665,0.34702,0.010127,0.025339,-0.066258,0.010127,0.025339,0.0014849
1.0512,0.94891,-3.6791e-07,0.02534,0.26164,0.17665,0.34702,0.010127,0.02534,-0.066258,0.010127,0.02534,0.0014849
1.0512,0.94891,6.113e-07,0.025339,0.26164,0.17665,0.34702,0.010128,0.025339,-0.066257,0.010128,0.025339,0.0014849
1.0512,0.94891,-3.392e-07,0.02534,0.26164,0.17665,0.34702,0.010128,0.02534,-0.066257,0.010128,0.02534,0.0014849
1.0512,0.94891,7.6656e-08,0.025341,0.26164,0.17665,0.34702,0.010128,0.025341,-0.066257,0.010128,0.025341,0.0014849
1.0512,0.94891,6.5275e-07,0.025339,0.26164,0.17665,0.34702,0.010129,0.025339,-0.066257,0.010129,0.025339,0.0014849
1.0512,0.94891,-1.0531e-06,0.025339,0.26164,0.17665,0.34702,0.010129,0.025339,-0.066257,0.010129,0.025339,0.0014849
1.0512,0.94891,3.7083e-08,0.02534,0.26164,0.17665,0.34702,0.010128,0.02534,-0.066257,0.010128,0.02534,0.0014849
1.0512,0.94891,6.4563e-07,0.025339,0.26164,0.17665,0.34702,0.010129,0.025339,-0.066257,0.010129,0.025339,0.0014849
1.0512,0.94891,-6.885e-07,0.02534,0.26164,0.17665,0.34702,0.010128,0.02534,-0.066257,0.010128,0.02534,0.0014849
1.0512,0.94891,2.264e-07,0.02534,0.26164,0.17665,0.34702,0.010127,0.02534,-0.066257,0.010127,0.02534,0.0014849
1.0512,0.94891,6.0504e-07,0.025339,0.26164,0.17665,0.34702,0.010128,0.025339,-0.066257,0.010128,0.025339,0.0014849
1.0512,0.94891,-5.2473e-07,0.02534,0.26164,0.17665,0.34702,0.010127,0.02534,-0.066257,0.010127,0.02534,0.0014849
1.0512,0.94891,1.0364e-07,0.02534,0.26164,0.17665,0.34701,0.010127,0.02534,-0.066256,0.010127,0.02534,0.0014849
1.0512,0.94891,2.8515e-07,0.02534,0.26164,0.17665,0.34701,0.010127,0.02534,-0.066256,0.010127,0.02534,0.0014849
1.0512,0.94891,1.0484e-07,0.02534,0.26164,0.17665,0.34701,0.010127,0.02534,-0.066256,0.010127,0.02534,0.0014849
1.0512,0.94891,-1.0604e-07,0.025339,0.26164,0.17665,0.34701,0.010127,0.025339,-0.066256,0.010127,0.025339,0.0014849
1.0512,0.94892,-2.6674e-07,0.025339,0.26164,0.17665,0.34701,0.010127,0.025339,-0.066257,0.010127,0.025339,0.0014849
1.0512,0.94893,-2.406e-07,0.02534,0.26164,0.17665,0.34701,0.010127,0.02534,-0.066257,0.010127,0.02534,0.0014849
1.0512,0.94894,2.0825e-07,0.02534,0.26164,0.17665,0.34701,0.010127,0.02534,-0.066257,0.010127,0.02534,0.0014849
1.0512,0.94894,1.0932e-08,0.02534,0.26164,0.17665,0.34701,0.010127,0.02534,-0.066257,0.010127,0.02534,0.0014849
1.0512,0.94894,7.534e-09,0.02534,0.26164,0.17665,0.34701,0.010127,0.02534,-0.066257,0.010127,0.02534,0.0014849
1.0512,0.94894,7.6359e-09,0.02534,0.26164,0.17665,0.34701,0.010127,0.02534,-0.066257,0.010127,0.02534,0.0014849
1.0512,0.94894,-1.2353e-07,0.02534,0.26164,0.17665,0.347,0.010127,0.02534,-0.066256,0.010127,0.02534,0.0014849
1.0512,0.94894,2.4931e-07,0.02534,0.26164,0.17665,0.347,0.010127,0.02534,-0.066256,0.010127,0.02534,0.0014849
1.0512,0.94894,7.1934e-08,0.02534,0.26164,0.17665,0.347,0.010127,0.02534,-0.066256,0.010127,0.02534,0.0014849
1.0512,0.94895,-1.0556e-07,0.025339,0.26164,0.17665,0.347,0.010127,0.025339,-0.066256,0.010127,0.025339,0.0014849
1.0512,0.94896,-7.7521e-07,0.025341,0.26163,0.17665,0.347,0.010126,0.025341,-0.066256,0.010126,0.025341,0.0014849
1.0512,0.94897,3.9363e-07,0.025342,0.26163,0.17665,0.347,0.010125,0.025342,-0.066256,0.010125,0.025342,0.0014849
1.0512,0.94897,4.0168e-07,0.025341,0.26163,0.17665,0.347,0.010125,0.025341,-0.066256,0.010125,0.025341,0.0014849
1.0512,0.94897,5.78e-07,0.02534,0.26164,0.17665,0.34699,0.010126,0.02534,-0.066256,0.010126,0.02534,0.0014849
1.0512,0.94897,-3.602e-07,0.025339,0.26164,0.17665,0.34699,0.010127,0.025339,-0.066256,0.010127,0.025339,0.0014849
1.0512,0.94897,-3.8403e-07,0.025339,0.26164,0.17665,0.34699,0.010127,0.025339,-0.066256,0.010127,0.025339,0.0014849
1.0512,0.94898,-1.4811e-07,0.025339,0.26164,0.17665,0.34699,0.010127,0.025339,-0.066256,0.010127,0.025339,0.0014849
1.0512,0.94899,-4.7013e-07,0.025341,0.26164,0.17665,0.34699,0.010127,0.025341,-0.066256,0.010127,0.025341,0.0014849
1.0512,0.94899,8.726e-07,0.025341,0.26164,0.17665,0.34699,0.010127,0.025341,-0.066256,0.010127,0.025341,0.0014849
1.0512,0.94899,3.3245e-07,0.02534,0.26164,0.17665,0.34699,0.010127,0.02534,-0.066256,0.010127,0.02534,0.0014849
1.0512,0.949,-5.6519e-08,0.02534,0.26164,0.17665,0.34699,0.010127,0.02534,-0.066257,0.010127,0.02534,0.0014849
1.0512,0.94901,-2.1966e-07,0.02534,0.26164,0.17665,0.34699,0.010127,0.02534,-0.066257,0.010127,0.02534,0.0014849
1.0512,0.94902,-1.7216e-07,0.02534,0.26164,0.17665,0.34699,0.010127,0.02534,-0.066257,0.010127,0.02534,0.0014849
1.0512,0.94902,1.431e-08,0.02534,0.26164,0.17665,0.34699,0.010127,0.02534,-0.066257,0.010127,0.02534,0.0014849
1.0512,0.94902,1.7984e-08,0.02534,0.26164,0.17665,0.34699,0.010127,0.02534,-0.066257,0.010127,0.02534,0.0014849
1.0512,0.94902,1.8365e-08,0.02534,0.26164,0.17665,0.34699,0.010127,0.02534,-0.066257,0.010127,0.02534,0.0014849
1.0512,0.94902,-1.1265e-07,0.02534,0.26164,0.17665,0.34698,0.010127,0.02534,-0.066256,0.010127,0.02534,0.0014849
1.0512,0.94902,2.6035e-07,0.02534,0.26164,0.17665,0.34698,0.010127,0.02534,-0.066256,0.010127,0.02534,0.0014849
1.0512,0.94902,-1.2625e-07,0.025339,0.26164,0.17665,0.34698,0.010127,0.025339,-0.066256,0.010127,0.025339,0.0014849
1.0512,0.94902,-1.3565e-07,0.025339,0.26164,0.17665,0.34698,0.010127,0.025339,-0.066256,0.010127,0.025339,0.0014849
1.0512,0.94903,-1.0438e-07,0.02534,0.26164,0.17665,0.34698,0.010127,0.02534,-0.066256,0.010127,0.02534,0.0014849
1.0512,0.94904,1.5825e-07,0.02534,0.26164,0.17665,0.34698,0.010127,0.02534,-0.066256,0.010127,0.02534,0.0014849
1.0512,0.94905,1.7915e-07,0.02534,0.26164,0.17665,0.34698,0.010127,0.02534,-0.066257,0.010127,0.02534,0.0014849
1.0512,0.94906,-1.6085e-07,0.02534,0.26164,0.17665,0.34698,0.010127,0.02534,-0.066257,0.010127,0.02534,0.0014849
1.0512,0.94907,5.2571e-08,0.02534,0.26164,0.17665,0.34698,0.010127,0.02534,-0.066257,0.010127,0.02534,0.0014849
1.0512,0.94907,5.7416e-08,0.02534,0.26164,0.17665,0.34698,0.010127,0.02534,-0.066257,0.010127,0.02534,0.0014849
1.0512,0.94907,-7.2828e-08,0.02534,0.26164,0.17665,0.34697,0.010127,0.02534,-0.066256,0.010127,0.02534,0.0014849
1.0512,0.94907,1.1215e-07,0.02534,0.26164,0.17665,0.34697,0.010127,0.02534,-0.066256,0.010127,0.02534,0.0014849
1.0512,0.94907,1.1752e-07,0.02534,0.26164,0.17665,0.34697,0.010127,0.02534,-0.066256,0.010127,0.02534,0.0014849
1.0512,0.94907,1.1964e-07,0.02534,0.26164,0.17665,0.34697,0.010127,0.02534,-0.066256,0.010127,0.02534,0.0014849
1.0512,0.94907,-8.7663e-08,0.02534,0.26164,0.17665,0.34697,0.010127,0.02534,-0.066256,0.010127,0.02534,0.0014849
1.0512,0.94907,-7.2508e-08,0.02534,0.26164,0.17665,0.34697,0.010127,0.02534,-0.066256,0.010127,0.02534,0.0014849
1.0512,0.94908,1.4897e-07,0.02534,0.26164,0.17665,0.34697,0.010127,0.02534,-0.066256,0.010127,0.02534,0.0014849
1.0512,0.94909,7.5907e-10,0.02534,0.26164,0.17665,0.34697,0.010127,0.02534,-0.066257,0.010127,0.02534,0.0014849
1.0512,0.94909,-1.9079e-07,0.02534,0.26164,0.17665,0.34697,0.010127,0.02534,-0.066257,0.010127,0.02534,0.0014849
1.0512,0.94909,-2.1845e-07,0.02534,0.26164,0.17665,0.34697,0.010127,0.02534,-0.066257,0.010127,0.02534,0.0014849
1.0512,0.94909,-1.3517e-08,0.02534,0.26164,0.17665,0.34697,0.010127,0.02534,-0.066257,0.010127,0.02534,0.0014849
1.0512,0.94909,-9.9606e-09,0.02534,0.26164,0.17665,0.34697,0.010127,0.02534,-0.066257,0.010127,0.02534,0.0014849
1.0512,0.94909,1.7866e-07,0.02534,0.26164,0.17665,0.34697,0.010127,0.02534,-0.066257,0.010127,0.02534,0.0014849
1.0512,0.94909,-1.3472e-07,0.02534,0.26164,0.17665,0.34696,0.010127,0.02534,-0.066256,0.010127,0.02534,0.0014849
1.0512,0.94909,2.3452e-07,0.02534,0.26164,0.17665,0.34696,0.010127,0.02534,-0.066256,0.010127,0.02534,0.0014849
1.0512,0.9491,-1.1873e-07,0.025339,0.26164,0.17665,0.34696,0.010127,0.025339,-0.066256,0.010127,0.025339,0.0014849
1.0512,0.94911,-9.3518e-08,0.02534,0.26164,0.17665,0.34696,0.010127,0.02534,-0.066256,0.010127,0.02534,0.0014849
1.0512,0.94912,1.485e-07,0.02534,0.26164,0.17665,0.34696,0.010127,0.02534,-0.066256,0.010127,0.02534,0.0014849
1.0512,0.94913,7.4044e-10,0.02534,0.26164,0.17665,0.34696,0.010127,0.02534,-0.066257,0.010127,0.02534,0.0014849
1.0512,0.94914,-1.5684e-07,0.02534,0.26164,0.17665,0.34696,0.010127,0.02534,-0.066257,0.010127,0.02534,0.0014849
1.0512,0.94914,2.6149e-08,0.02534,0.26164,0.17665,0.34696,0.010127,0.02534,-0.066257,0.010127,0.02534,0.0014849
1.0512,0.94914,2.9993e-08,0.02534,0.26164,0.17665,0.34696,0.010127,0.02534,-0.066257,0.010127,0.02534,0.0014849
1.0512,0.94914,3.0598e-08,0.02534,0.26164,0.17665,0.34696,0.010127,0.02534,-0.066257,0.010127,0.02534,0.0014849
1.0512,0.94914,5.9816e-07,0.025339,0.26164,0.17665,0.34696,0.010128,0.025339,-0.066257,0.010128,0.025339,0.0014849
1.0512,0.94914,-8.7885e-07,0.02534,0.26164,0.17665,0.34696,0.010128,0.02534,-0.066257,0.010128,0.02534,0.0014849
1.0512,0.94914,5.6803e-08,0.02534,0.26164,0.17665,0.34696,0.010128,0.02534,-0.066257,0.010128,0.02534,0.0014849
1.0512,0.94914,-7.689e-08,0.02534,0.26164,0.17665,0.34695,0.010128,0.02534,-0.066256,0.010128,0.02534,0.0014849
1.0512,0.94914,1.0807e-07,0.02534,0.26164,0.17665,0.34695,0.010128,0.02534,-0.066255,0.010128,0.02534,0.0014849
1.0512,0.94914,3.0218e-07,0.02534,0.26164,0.17665,0.34695,0.010128,0.02534,-0.066255,0.010128,0.02534,0.0014849
1.0512,0.94914,-6.6293e-08,0.02534,0.26164,0.17665,0.34695,0.010128,0.02534,-0.066256,0.010128,0.02534,0.0014849
1.0512,0.94915,-4.0423e-08,0.02534,0.26164,0.17665,0.34695,0.010128,0.02534,-0.066256,0.010128,0.02534,0.0014849
1.0512,0.94916,-6.8222e-09,0.02534,0.26164,0.17665,0.34695,0.010128,0.02534,-0.066256,0.010128,0.02534,0.0014849
1.0512,0.94917,2.7528e-08,0.02534,0.26164,0.17665,0.34695,0.010128,0.02534,-0.066256,0.010128,0.02534,0.0014849
1.0512,0.94918,-1.2621e-07,0.02534,0.26164,0.17665,0.34695,0.010128,0.02534,-0.066257,0.010128,0.02534,0.0014849
1.0512,0.94918,-1.3129e-07,0.02534,0.26164,0.17665,0.34695,0.010128,0.02534,-0.066257,0.010128,0.02534,0.0014849
1.0512,0.94918,7.5674e-08,0.025341,0.26164,0.17665,0.34695,0.010128,0.025341,-0.066257,0.010128,0.025341,0.0014849
1.0512,0.94918,6.479e-07,0.025339,0.26164,0.17665,0.34695,0.010129,0.025339,-0.066257,0.010129,0.025339,0.0014849
1.0512,0.94918,-1.0581e-06,0.025339,0.26164,0.17665,0.34695,0.010129,0.025339,-0.066257,0.010129,0.025339,0.0014849
1.0512,0.94918,3.1998e-08,0.02534,0.26164,0.17665,0.34695,0.010128,0.02534,-0.066257,0.010128,0.02534,0.0014849
1.0512,0.94918,6.4044e-07,0.025339,0.26164,0.17665,0.34695,0.010129,0.025339,-0.066257,0.010129,0.025339,0.0014849
1.0512,0.94918,-6.9376e-07,0.02534,0.26164,0.17665,0.34695,0.010128,0.02534,-0.066257,0.010128,0.02534,0.0014849
1.0512,0.94918,2.2104e-07,0.02534,0.26164,0.17665,0.34695,0.010127,0.02534,-0.066257,0.010127,0.02534,0.0014849
1.0512,0.94918,8.9963e-08,0.02534,0.26164,0.17665,0.34694,0.010127,0.02534,-0.066256,0.010127,0.02534,0.0014849
1.0512,0.94918,2.7796e-07,0.02534,0.26164,0.17665,0.34694,0.010127,0.02534,-0.066256,0.010127,0.02534,0.0014849
1.0512,0.94918,9.7688e-08,0.02534,0.26164,0.17665,0.34694,0.010127,0.02534,-0.066256,0.010127,0.02534,0.0014849
1.0512,0.94918,9.6072e-08,0.02534,0.26164,0.17665,0.34694,0.010127,0.02534,-0.066256,0.010127,0.02534,0.0014849
1.0512,0.94919,1.3155e-07,0.02534,0.26164,0.17665,0.34694,0.010127,0.02534,-0.066256,0.010127,0.02534,0.0014849
1.0512,0.9492,-2.0405e-08,0.02534,0.26164,0.17665,0.34694,0.010127,0.02534,-0.066257,0.010127,0.02534,0.0014849
1.0512,0.94921,-1.9919e-07,0.02534,0.26164,0.17665,0.34694,0.010127,0.02534,-0.066257,0.010127,0.02534,0.0014849
1.0512,0.94921,-1.8546e-07,0.02534,0.26164,0.17665,0.34694,0.010127,0.02534,-0.066257,0.010127,0.02534,0.0014849
1.0512,0.94921,1.6137e-10,0.02534,0.26164,0.17665,0.34694,0.010127,0.02534,-0.066257,0.010127,0.02534,0.0014849
1.0512,0.94921,3.5921e-09,0.02534,0.26164,0.17665,0.34694,0.010127,0.02534,-0.066257,0.010127,0.02534,0.0014849
1.0512,0.94921,3.7264e-09,0.02534,0.26164,0.17665,0.34694,0.010127,0.02534,-0.066257,0.010127,0.02534,0.0014849
1.0512,0.94921,-1.2753e-07,0.02534,0.26164,0.17665,0.34693,0.010127,0.02534,-0.066256,0.010127,0.02534,0.0014849
1.0512,0.94921,3.5877e-08,0.025339,0.26164,0.17665,0.34693,0.010127,0.025339,-0.066256,0.010127,0.025339,0.0014849
1.0512,0.94921,-1.4914e-07,0.025339,0.26164,0.17665,0.34693,0.010127,0.025339,-0.066256,0.010127,0.025339,0.0014849
1.0512,0.94922,-1.2127e-07,0.025339,0.26164,0.17665,0.34693,0.010127,0.025339,-0.066256,0.010127,0.025339,0.0014849
1.0512,0.94923,1.2041e-07,0.02534,0.26164,0.17665,0.34693,0.010127,0.02534,-0.066256,0.010127,0.02534,0.0014849
1.0512,0.94924,3.7034e-07,0.02534,0.26164,0.17665,0.34693,0.010127,0.02534,-0.066256,0.010127,0.02534,0.0014849
1.0512,0.94925,1.7363e-08,0.02534,0.26164,0.17665,0.34693,0.010127,0.02534,-0.066257,0.010127,0.02534,0.0014849
1.0512,0.94926,-1.437e-07,0.02534,0.26164,0.17665,0.34693,0.010127,0.02534,-0.066257,0.010127,0.02534,0.0014849
1.0512,0.94926,3.9458e-08,0.02534,0.26164,0.17665,0.34693,0.010127,0.02534,-0.066257,0.010127,0.02534,0.0014849
1.0512,0.94926,4.3523e-08,0.02534,0.26164,0.17665,0.34693,0.010127,0.02534,-0.066257,0.010127,0.02534,0.0014849
1.0512,0.94926,-8.6975e-08,0.02534,0.26164,0.17665,0.34692,0.010127,0.02534,-0.066256,0.010127,0.02534,0.0014849
