137.98
7.0627
4.1636
1.6411
0.46726
0.288
0.27951
0.27856
0.27838
0.27833
0.27832
0.27831
0.27832
0.27832
0.27832
0.27832
0.27831
0.27831
0.27831
0.27832
0.27832
0.27832
0.27831
0.27832
0.27832
0.27831
0.27832
0.27831
0.27831
0.27832
0.27832
0.27832
0.27832
0.27832
0.27832
0.27832
0.27832
0.13222
1.5657e-05
7.0747e-06
9.7971e-06
7.2677e-06
5.2596e-06
4.799e-06
6.3912e-06
7.5099e-06
7.4197e-06
5.8562e-06
4.7366e-06
6.3422e-06
9.0836e-06
6.7437e-06
4.9982e-06
4.8571e-06
6.3753e-06
7.2649e-06
6.9166e-06
5.5767e-06
4.7082e-06
4.9695e-06
6.2201e-06
7.7363e-06
5.0572e-06
5.5871e-06
7.461e-06
8.3219e-06
7.7457e-06
5.9934e-06
4.9146e-06
6.7021e-06
1.0074e-05
5.8713e-06
7.1098e-06
1.0318e-05
5.5111e-06
6.8222e-06
1.0278e-05
5.2165e-06
6.8984e-06
1.0468e-05
4.987e-06
7.0782e-06
1.0484e-05
5.2487e-06
7.0487e-06
1.0739e-05
5.2801e-06
7.1998e-06
1.0607e-05
5.9056e-06
7.5012e-06
1.0953e-05
5.0521e-06
7.5964e-06
1.0825e-05
5.1968e-06
7.4626e-06
5.6082e-06
4.7522e-06
5.2724e-06
6.6967e-06
7.3519e-06
6.9446e-06
5.125e-06
4.7542e-06
5.7629e-06
7.619e-06
5.1036e-06
5.2124e-06
7.9782e-06
9.924e-06
6.8515e-06
5.7793e-06
1.1113e-05
7.3037e-06
5.0378e-06
8.4211e-06
1.1945e-05
6.1896e-06
5.5101e-06
7.2082e-06
7.1865e-06
6.1163e-06
4.7499e-06
5.216e-06
7.1454e-06
9.6997e-06
6.8213e-06
4.9797e-06
5.363e-06
7.8626e-06
9.6163e-06
9.6475e-06
8.3405e-06
5.8851e-06
4.9125e-06
8.077e-06
6.7356e-06
5.6556e-06
4.9917e-06
4.9158e-06
5.2256e-06
6.0936e-06
6.1504e-06
5.2411e-06
4.8524e-06
4.923e-06
5.7262e-06
6.9091e-06
8.2837e-06
5.1803e-06
5.8658e-06
8.011e-06
9.29e-06
9.1125e-06
7.4724e-06
5.105e-06
4.9917e-06
7.1983e-06
1.0331e-05
5.3491e-06
6.4101e-06
9.1998e-06
6.8148e-06
5.0408e-06
4.9156e-06
6.3867e-06
7.326e-06
6.9918e-06
5.617e-06
4.8943e-06
6.9321e-06
1.0052e-05
5.8255e-06
6.7365e-06
9.7523e-06
4.9419e-06
6.3511e-06
8.9649e-06
6.6921e-06
5.07e-06
4.8105e-06
6.095e-06
6.892e-06
6.4436e-06
5.061e-06
4.7323e-06
5.5919e-06
7.2016e-06
9.1729e-06
6.0812e-06
4.7876e-06
7.1077e-06
9.3511e-06
1.0056e-05
9.1941e-06
7.0581e-06
4.7627e-06
5.8668e-06
9.2053e-06
