34.829
0.54312
0.15794
0.23285
0.33122
0.2149
0.049233
0.14097
0.16582
0.095132
0.012333
0.085495
0.084829
0.045361
0.0030248
0.039811
0.04241
0.022007
0.00079309
0.020884
0.020649
0.010413
0.040579
0.040457
0.010802
0.0013591
0.00065728
0.0013357
0.012791
0.00030147
0.016791
0.0091399
0.0045652
0.00011327
0.0053016
0.0031027
0.0015372
2.3856e-05
0.0014713
0.0013038
0.00032234
2.7812e-05
5.6669e-05
0.00039561
2.7456e-05
4.6341e-06
1.4875e-05
0.00019354
2.3547e-05
2.3599e-05
0.00027784
4.9715e-06
0.00049882
4.6516e-05
0.00029269
0.00029234
2.3552e-05
2.3599e-05
2.3536e-05
0.00059809
2.4377e-05
2.4223e-05
0.0010212
0.0011897
0.00046753
0.00070709
0.00080515
0.00041632
0.00028879
6.0629e-06
1.2027e-05
0.0019051
0.0019881
4.4895e-06
0.00152
8.6071e-06
0.0033481
0.0067074
0.0037344
2.7763e-06
1.1571e-05
1.1564e-05
0.0092125
9.5837e-06
0.009366
3.7495e-05
5.7604e-05
0.026706
8.3454e-05
0.036409
5.9852e-05
0.021909
4.9882e-05
0.011492
4.1459e-05
0.0065081
0.0068111
0.0017637
0.00094273
1.9067e-05
0.0051048
