2.4679
1.65
0.83702
3.3398e-08
3.5646e-09
2.9593e-09
0.20316
0.54909
0.62023
0.42292
0.13486
5.2041e-09
8.6965e-10
4.5635e-09
1.7506e-09
4.7906e-08
0.02495
0.027152
0.014316
0.00020747
5.284e-08
4.0374e-08
1.0692e-07
2.4255e-07
0.0013801
0.0023806
0.0020711
0.0020023
0.0014155
0.0004848
0.00020935
8.1506e-06
3.1395e-06
1.5583e-06
1.2258e-06
1.127e-06
1.0827e-06
1.063e-06
1.067e-06
1.071e-06
1.0749e-06
1.0787e-06
1.0828e-06
1.0633e-06
1.0672e-06
1.0712e-06
1.0752e-06
1.5619e-05
1.9089e-05
2.0268e-05
2.0135e-05
2.1196e-05
2.3107e-05
2.3605e-05
2.4104e-05
2.3858e-05
2.436e-05
2.4112e-05
2.3865e-05
2.4372e-05
2.4123e-05
2.3876e-05
2.4383e-05
2.3318e-05
2.4166e-05
2.5024e-05
2.5117e-05
2.5215e-05
2.5664e-05
2.6543e-05
2.6622e-05
2.7105e-05
2.6782e-05
2.7268e-05
2.6938e-05
2.7425e-05
2.6698e-05
2.6373e-05
2.6855e-05
0.00013597
0.00012876
0.00012668
0.00012633
0.00012598
0.00012562
0.00012702
0.00012666
0.00012631
0.00012596
0.00012561
0.00012702
7.8668e-05
6.9498e-05
6.6974e-05
6.6037e-05
6.5879e-05
6.5721e-05
6.5563e-05
6.5406e-05
6.5254e-05
6.5102e-05
6.4598e-05
3.5224e-05
3.3337e-05
3.3329e-05
3.3327e-05
3.3324e-05
3.3317e-05
3.3315e-05
3.3312e-05
3.3304e-05
0.00013002
0.00012015
0.00015562
0.00013595
0.000128
0.00012665
0.00012529
0.0001257
0.00012433
8.5948e-05
7.4899e-05
7.0879e-05
7.012e-05
0.00015214
8.3071e-05
6.8946e-05
6.426e-05
3.679e-05
3.6829e-05
0.00014763
0.00013591
0.00013182
8.4881e-05
0.0001351
0.00010705
0.00010112
9.9931e-05
9.8919e-05
9.9076e-05
9.9231e-05
9.9381e-05
9.9535e-05
9.9686e-05
9.9819e-05
9.9891e-05
9.8839e-05
9.8993e-05
9.9151e-05
0.00017257
0.0001534
0.00014723
0.00014555
0.00014539
9.3764e-05
7.9108e-05
7.465e-05
7.3555e-05
7.2471e-05
7.2201e-05
7.274e-05
7.2469e-05
0.00015528
0.00014292
0.00013797
0.00013613
0.00013589
0.00013565
8.7332e-05
7.6294e-05
7.2345e-05
7.0889e-05
7.1045e-05
0.00014742
0.00013507
0.00013032
0.00012883
0.00012904
0.00012926
0.00012947
0.00012969
0.0001299
0.00013011
8.4648e-05
7.402e-05
7.0355e-05
6.9146e-05
0.00014479
0.00013304
0.00012902
0.00012835
0.00012768
0.00012702
0.00012808
0.00019245
0.00017246
0.00016674
0.00018791
0.00016048
0.0001501
