0.49505
0.068331
0.094185
0.11333
0.12998
0.15616
0.19706
0.24765
0.28034
0.29414
0.2873
0.26679
0.23748
0.19218
0.13084
0.089707
0.060348
0.043156
0.033129
0.025465
0.019194
0.012407
0.011665
0.0092815
0.0050179
0.005283
0.0043733
0.0014618
0.0025818
0.0023225
0.0011688
0.0014114
0.0013597
0.000681
0.00082978
0.00082795
0.00021826
0.0004891
0.00064948
0.00014772
0.00051833
0.00068237
0.00017772
0.00053926
0.00064995
8.1137e-05
0.00040827
0.00056809
2.6651e-05
0.00036502
0.00055568
6.6743e-05
0.00042518
0.00061805
0.00011884
0.00052704
0.00067726
0.00016033
0.00051944
0.00068141
0.00017386
0.00053227
0.00069444
0.00018676
0.0005421
0.00070215
0.00019405
0.00054739
0.00070731
0.00019762
0.00054978
0.00065714
8.8524e-05
0.00041473
0.00060044
0.00010855
0.00049236
0.00066007
0.00015523
0.0005202
0.00068385
0.00017642
0.00053583
0.00069721
0.0001897
0.00054404
0.00070392
-0.00046201
2.8552e-05
0.00027356
-0.00037493
0.00012829
0.0006227
-0.00087777
-0.00038468
0.00028931
-0.00090024
-0.00053455
2.2781e-05
-0.001033
-0.00067645
-0.00016557
-0.0011199
-0.00076572
-0.00028347
-0.0011743
-0.00082047
-0.00035495
-0.0012079
-0.00085344
-0.00039799
-0.001228
-0.00087426
-0.00042572
-0.0012397
-0.00088635
-0.00043959
-0.0012467
-0.00089451
-0.00045121
-0.0012528
-0.00089983
-0.00045783
-0.001255
-0.0009013
-0.00046137
-0.0016053
-0.00098885
-0.00023574
-0.0014035
-0.0010342
-0.00042123
-0.0015038
-0.0011506
-0.00057967
-0.0015785
-0.0012277
-0.00068091
-0.0016253
-0.0012741
-0.00074142
-0.0016526
-0.00065078
-0.00066154
-0.0014958
-0.00093912
-0.00056109
-0.0010594
-0.00068993
-0.00035401
-0.00097489
-0.00062029
-0.00026965
-0.00093767
-0.0005828
-0.00022233
-0.00091524
-0.00055886
-0.00019197
-0.00090135
-0.00054461
-0.00017185
-0.00089217
-0.00053655
-0.00016081
-0.00088693
-0.00053122
-0.00015299
-0.00088359
-0.00052748
-0.00015
-0.00088206
-0.00052587
-0.00014884
-0.00088164
-0.00052619
-0.00014861
-0.00088177
-0.00052655
-0.00014983
-0.00088232
-0.00052545
-0.00014719
-0.00088065
-0.00052546
-0.00014681
-0.00088072
-0.00052485
-0.0001477
-0.00088116
-0.00052588
-0.00014729
-0.00088103
-0.00052582
-0.00014825
-0.00088217
-0.00052553
-0.00014735
-0.00088114
-0.0005259
