1.0169,1.0032,-0.2,-0.00062534,0.2,-0.00058623,0.033064
1.0154,1.0072,-0.2,-0.00038996,-0.2,-0.00043752,0.03544
1.0031,1.0215,-0.2,-0.0010099,-0.2,-0.00097712,0.048748
0.99453,1.0323,-0.2,-0.0013888,-0.2,-0.0014142,0.058381
1.0084,1.0202,-0.2,-0.00080728,-0.2,-0.00089055,0.045351
0.99866,1.0321,-0.2,-0.0012997,-0.2,-0.0013136,0.056123
1.0111,1.0213,-0.2,-0.00077838,-0.2,-0.00084924,0.044478
1.0011,1.0334,-0.2,-0.0012781,-0.2,-0.0012864,0.055485
1.0132,1.023,-0.2,-0.00077123,-0.2,-0.00083874,0.04422
1.0176,1.0202,-0.2,-0.00063632,-0.2,-0.00065689,0.040532
1.0065,1.0333,-0.2,-0.001175,-0.2,-0.0011596,0.052659
0.9985,1.0416,-0.2,-0.00148,-0.2,-0.0015748,0.060774
1.0186,1.0214,-0.2,-0.00079607,-0.2,-0.0008086,0.052645
1.0207,1.0193,-0.2,-0.00073993,-0.2,-0.00073993,0.052644
1.0207,1.0193,-0.2,-0.00074129,-0.2,-0.00074129,0.052644
1.0206,1.0194,-0.2,-0.00074266,-0.2,-0.00074266,0.052644
1.0207,1.0193,-0.2,-0.00074098,-0.2,-0.00074098,0.052644
1.0206,1.0194,-0.2,-0.00074235,-0.2,-0.00074235,0.052644
1.0207,1.0193,-0.2,-0.00074067,-0.2,-0.00074067,0.052644
1.0206,1.0194,-0.2,-0.00074204,-0.2,-0.00074204,0.052644
1.0207,1.0193,-0.2,-0.00074036,-0.2,-0.00074036,0.052644
1.0206,1.0194,-0.2,-0.00074173,-0.2,-0.00074173,0.052644
1.0207,1.0193,-0.2,-0.00074005,-0.2,-0.00074005,0.052644
1.0207,1.0193,-0.2,-0.00074142,-0.2,-0.00074142,0.052644
1.0206,1.0194,-0.2,-0.00074278,-0.2,-0.00074278,0.052644
1.0207,1.0193,-0.2,-0.00074111,-0.2,-0.00074111,0.052644
1.0206,1.0194,-0.2,-0.00074247,-0.2,-0.00074247,0.052644
1.0207,1.0193,-0.2,-0.00074079,-0.2,-0.00074079,0.052644
1.0206,1.0194,-0.2,-0.00074216,-0.2,-0.00074216,0.052644
1.0207,1.0193,-0.2,-0.00074048,-0.2,-0.00074048,0.052644
1.0206,1.0194,-0.2,-0.00074185,-0.2,-0.00074185,0.052644
1.0207,1.0193,-0.2,-0.00074017,-0.2,-0.00074017,0.052644
1.0206,1.0194,-0.2,-0.00074154,-0.2,-0.00074154,0.052644
1.0207,1.0193,-0.2,-0.00073986,-0.2,-0.00073986,0.052644
1.0207,1.0193,-0.2,-0.00074123,-0.2,-0.00074123,0.052644
1.0206,1.0194,-0.2,-0.00074259,-0.2,-0.00074259,0.052644
1.0207,1.0193,-0.2,-0.00074092,-0.2,-0.00074092,0.052644
1.0206,1.0194,-0.2,-0.00074228,-0.2,-0.00074228,0.052644
1.0207,1.0193,-0.2,-0.00074061,-0.2,-0.00074061,0.052644
1.0206,1.0194,-0.2,-0.00074197,-0.2,-0.00074197,0.052644
1.0207,1.0193,-0.2,-0.0007403,-0.2,-0.0007403,0.052644
1.0206,1.0194,-0.2,-0.00074166,-0.2,-0.00074166,0.052644
1.0207,1.0193,-0.2,-0.00073999,-0.2,-0.00073999,0.052644
1.0207,1.0193,-0.2,-0.00074135,-0.2,-0.00074135,0.052644
1.0206,1.0194,-0.2,-0.00074272,-0.2,-0.00074272,0.052644
1.0207,1.0193,-0.2,-0.00074104,-0.2,-0.00074104,0.052644
1.0206,1.0194,-0.2,-0.00074241,-0.2,-0.00074241,0.052644
1.0207,1.0193,-0.2,-0.00074073,-0.2,-0.00074073,0.052644
1.0206,1.0194,-0.2,-0.00074209,-0.2,-0.00074209,0.052644
1.0207,1.0193,-0.2,-0.00074042,-0.2,-0.00074042,0.052644
1.0206,1.0194,-0.2,-0.00074178,-0.2,-0.00074178,0.052644
1.0207,1.0193,-0.2,-0.00074011,-0.2,-0.00074011,0.052644
1.0207,1.0193,-0.2,-0.00074148,-0.2,-0.00074148,0.052644
1.0206,1.0194,-0.2,-0.00074284,-0.2,-0.00074284,0.052644
1.0207,1.0193,-0.2,-0.00074116,-0.2,-0.00074116,0.052644
1.0206,1.0194,-0.2,-0.00074253,-0.2,-0.00074253,0.052644
1.0207,1.0193,-0.2,-0.00074085,-0.2,-0.00074085,0.052644
1.0206,1.0194,-0.2,-0.00074222,-0.2,-0.00074222,0.052644
1.0207,1.0193,-0.2,-0.00074054,-0.2,-0.00074054,0.052644
1.0206,1.0194,-0.2,-0.00074191,-0.2,-0.00074191,0.052644
1.0207,1.0193,-0.2,-0.00074023,-0.2,-0.00074023,0.052644
1.0206,1.0194,-0.2,-0.0007416,-0.2,-0.0007416,0.052644
1.0207,1.0193,-0.2,-0.00073992,-0.2,-0.00073992,0.052644
1.0207,1.0193,-0.2,-0.00074129,-0.2,-0.00074129,0.052644
1.0206,1.0194,-0.2,-0.00074265,-0.2,-0.00074265,0.052644
1.0207,1.0193,-0.2,-0.00074098,-0.2,-0.00074098,0.052644
1.0206,1.0194,-0.2,-0.00074234,-0.2,-0.00074234,0.052644
1.0207,1.0193,-0.2,-0.00074067,-0.2,-0.00074067,0.052644
1.0206,1.0194,-0.2,-0.00074203,-0.2,-0.00074203,0.052644
1.0207,1.0193,-0.2,-0.00074036,-0.2,-0.00074036,0.052644
1.0206,1.0194,-0.2,-0.00074172,-0.2,-0.00074172,0.052644
1.0207,1.0193,-0.2,-0.00074005,-0.2,-0.00074005,0.052644
1.0207,1.0193,-0.2,-0.00074141,-0.2,-0.00074141,0.052644
1.0206,1.0194,-0.2,-0.00074277,-0.2,-0.00074277,0.052644
1.0207,1.0193,-0.2,-0.0007411,-0.2,-0.0007411,0.052644
1.0206,1.0194,-0.2,-0.00074246,-0.2,-0.00074246,0.052644
1.0207,1.0193,-0.2,-0.00074079,-0.2,-0.00074079,0.052644
1.0206,1.0194,-0.2,-0.00074215,-0.2,-0.00074215,0.052644
1.0207,1.0193,-0.2,-0.00074048,-0.2,-0.00074048,0.052644
1.0206,1.0194,-0.2,-0.00074184,-0.2,-0.00074184,0.052644
1.0207,1.0193,-0.2,-0.00074017,-0.2,-0.00074017,0.052644
1.0206,1.0194,-0.2,-0.00074153,-0.2,-0.00074153,0.052644
1.0207,1.0193,-0.2,-0.00073986,-0.2,-0.00073986,0.052644
1.0207,1.0193,-0.2,-0.00074122,-0.2,-0.00074122,0.052644
1.0206,1.0194,-0.2,-0.00074259,-0.2,-0.00074259,0.052644
1.0207,1.0193,-0.2,-0.00074091,-0.2,-0.00074091,0.052644
1.0206,1.0194,-0.2,-0.00074228,-0.2,-0.00074228,0.052644
1.0207,1.0193,-0.2,-0.0007406,-0.2,-0.0007406,0.052644
1.0206,1.0194,-0.2,-0.00074197,-0.2,-0.00074197,0.052644
1.0207,1.0193,-0.2,-0.00074029,-0.2,-0.00074029,0.052644
1.0206,1.0194,-0.2,-0.00074166,-0.2,-0.00074166,0.052644
1.0207,1.0193,-0.2,-0.00073998,-0.2,-0.00073998,0.052644
1.0207,1.0193,-0.2,-0.00074135,-0.2,-0.00074135,0.052644
1.0206,1.0194,-0.2,-0.00074271,-0.2,-0.00074271,0.052644
1.0207,1.0193,-0.2,-0.00074104,-0.2,-0.00074103,0.052644
1.0206,1.0194,-0.2,-0.00074239,-0.2,-0.0007424,0.052644
1.0207,1.0193,-0.2,-0.00074072,-0.2,-0.00074072,0.052644
1.0206,1.0194,-0.2,-0.00074209,-0.2,-0.00074209,0.052644
1.0207,1.0193,-0.2,-0.00074041,-0.2,-0.00074041,0.052644
1.0206,1.0194,-0.2,-0.00074178,-0.2,-0.00074178,0.052644
1.0207,1.0193,-0.2,-0.0007401,-0.2,-0.0007401,0.052644
1.0207,1.0193,-0.2,-0.00074147,-0.2,-0.00074147,0.052644
1.0206,1.0194,-0.2,-0.00074283,-0.2,-0.00074283,0.052644
1.0207,1.0193,-0.2,-0.00074116,-0.2,-0.00074116,0.052644
1.0206,1.0194,-0.2,-0.00074252,-0.2,-0.00074252,0.052644
1.0207,1.0193,-0.2,-0.00074085,-0.2,-0.00074085,0.052644
1.0206,1.0194,-0.2,-0.00074221,-0.2,-0.00074221,0.052644
1.0207,1.0193,-0.2,-0.00074054,-0.2,-0.00074054,0.052644
1.0206,1.0194,-0.2,-0.0007419,-0.2,-0.0007419,0.052644
1.0207,1.0193,-0.2,-0.00074023,-0.2,-0.00074023,0.052644
1.0206,1.0194,-0.2,-0.00074159,-0.2,-0.00074159,0.052644
1.0207,1.0193,-0.2,-0.00073992,-0.2,-0.00073992,0.052644
1.0207,1.0193,-0.2,-0.00074128,-0.2,-0.00074128,0.052644
1.0206,1.0194,-0.2,-0.00074264,-0.2,-0.00074264,0.052644
1.0207,1.0193,-0.2,-0.00074097,-0.2,-0.00074097,0.052644
1.0206,1.0194,-0.2,-0.00074233,-0.2,-0.00074233,0.052644
1.0207,1.0193,-0.2,-0.00074066,-0.2,-0.00074066,0.052644
1.0206,1.0194,-0.2,-0.00074202,-0.2,-0.00074202,0.052644
1.0207,1.0193,-0.2,-0.00074035,-0.2,-0.00074035,0.052644
1.0206,1.0194,-0.2,-0.00074171,-0.2,-0.00074171,0.052644
1.0207,1.0193,-0.2,-0.00074004,-0.2,-0.00074004,0.052644
1.0207,1.0193,-0.2,-0.0007414,-0.2,-0.0007414,0.052644
1.0206,1.0194,-0.2,-0.00074277,-0.2,-0.00074277,0.052644
1.0207,1.0193,-0.2,-0.00074109,-0.2,-0.00074109,0.052644
1.0206,1.0194,-0.2,-0.00074246,-0.2,-0.00074246,0.052644
1.0207,1.0193,-0.2,-0.00074078,-0.2,-0.00074078,0.052644
1.0206,1.0194,-0.2,-0.00074215,-0.2,-0.00074215,0.052644
1.0207,1.0193,-0.2,-0.00074047,-0.2,-0.00074047,0.052644
1.0206,1.0194,-0.2,-0.00074184,-0.2,-0.00074184,0.052644
1.0207,1.0193,-0.2,-0.00074016,-0.2,-0.00074016,0.052644
1.0206,1.0194,-0.2,-0.00074153,-0.2,-0.00074153,0.052644
1.0207,1.0193,-0.2,-0.00073985,-0.2,-0.00073985,0.052644
1.0207,1.0193,-0.2,-0.00074122,-0.2,-0.00074122,0.052644
1.0206,1.0194,-0.2,-0.00074258,-0.2,-0.00074258,0.052644
1.0207,1.0193,-0.2,-0.00074091,-0.2,-0.00074091,0.052644
1.0206,1.0194,-0.2,-0.00074227,-0.2,-0.00074227,0.052644
1.0207,1.0193,-0.2,-0.00074059,-0.2,-0.00074059,0.052644
1.0206,1.0194,-0.2,-0.00074196,-0.2,-0.00074196,0.052644
1.0207,1.0193,-0.2,-0.00074028,-0.2,-0.00074028,0.052644
1.0206,1.0194,-0.2,-0.00074165,-0.2,-0.00074165,0.052644
1.0207,1.0193,-0.2,-0.00073998,-0.2,-0.00073998,0.052644
1.0207,1.0193,-0.2,-0.00074134,-0.2,-0.00074134,0.052644
1.0206,1.0194,-0.2,-0.0007427,-0.2,-0.0007427,0.052644
1.0207,1.0193,-0.2,-0.00074103,-0.2,-0.00074103,0.052644
1.0206,1.0194,-0.2,-0.00074239,-0.2,-0.00074239,0.052644
1.0207,1.0193,-0.2,-0.00074072,-0.2,-0.00074072,0.052644
1.0206,1.0194,-0.2,-0.00074208,-0.2,-0.00074208,0.052644
1.0207,1.0193,-0.2,-0.00074041,-0.2,-0.00074041,0.052644
1.0206,1.0194,-0.2,-0.00074177,-0.2,-0.00074177,0.052644
1.0207,1.0193,-0.2,-0.0007401,-0.2,-0.0007401,0.052644
