1130.7
1.1396
0.41144
0.20823
0.20494
0.10375
0.10242
0.051881
0.051196
0.051004
0.025848
0.0010135
2.6867e-05
5.1005e-05
5.096e-05
5.1019e-05
5.0968e-05
5.1033e-05
5.0978e-05
5.1047e-05
5.0989e-05
5.1063e-05
5.1e-05
5.0957e-05
5.1014e-05
5.0965e-05
5.1027e-05
5.0974e-05
5.1041e-05
5.0984e-05
5.1057e-05
5.0995e-05
5.1073e-05
5.1008e-05
5.0961e-05
5.1022e-05
5.097e-05
5.1036e-05
5.098e-05
5.1051e-05
5.0991e-05
5.1066e-05
5.1003e-05
5.0958e-05
5.1016e-05
5.0967e-05
5.103e-05
5.0976e-05
5.1045e-05
5.0987e-05
5.106e-05
5.0998e-05
5.0955e-05
5.1011e-05
5.0963e-05
5.1024e-05
5.0972e-05
5.1039e-05
5.0982e-05
5.1054e-05
5.0993e-05
5.107e-05
5.1005e-05
5.096e-05
5.1019e-05
5.0969e-05
5.1033e-05
5.0978e-05
5.1048e-05
5.0989e-05
5.1063e-05
5.1e-05
5.0957e-05
5.1014e-05
5.0965e-05
5.1027e-05
5.0974e-05
5.1042e-05
5.0985e-05
5.1057e-05
5.0996e-05
5.1073e-05
5.1008e-05
5.0962e-05
5.1022e-05
5.0971e-05
5.1036e-05
5.098e-05
5.1051e-05
5.0991e-05
5.1067e-05
5.1003e-05
5.0958e-05
5.1017e-05
5.0967e-05
5.103e-05
5.0976e-05
5.1045e-05
5.0987e-05
5.106e-05
5.0998e-05
5.0955e-05
5.1011e-05
5.0963e-05
5.1025e-05
5.0973e-05
5.1039e-05
5.0983e-05
5.1054e-05
5.0994e-05
5.107e-05
5.1005e-05
5.096e-05
5.1019e-05
5.0969e-05
5.1033e-05
5.0978e-05
5.1048e-05
5.0989e-05
5.1064e-05
5.1001e-05
5.0957e-05
5.1014e-05
5.0965e-05
5.1028e-05
5.0975e-05
5.1042e-05
5.0985e-05
5.1057e-05
5.0996e-05
5.1074e-05
5.1008e-05
5.0962e-05
5.1022e-05
5.0971e-05
5.1036e-05
5.0981e-05
5.1051e-05
5.0991e-05
5.1067e-05
5.1003e-05
5.0959e-05
5.1017e-05
5.0967e-05
5.1031e-05
5.0977e-05
5.1045e-05
5.0987e-05
5.1061e-05
5.0998e-05
