141.42
0.28511
0.20634
0.2102
0.20529
0.20918
0.20506
0.20892
0.20499
0.20409
0.20778
0.03253
0.0029016
8.0091e-05
0.00010008
0.00014721
9.2108e-05
0.00013529
8.587e-05
0.00012394
8.1747e-05
0.00011331
8.0051e-05
0.00010361
0.00015204
9.5063e-05
0.00013993
8.8096e-05
0.00012833
8.3096e-05
0.00011739
8.0415e-05
0.0001073
8.0274e-05
9.8309e-05
0.00014471
9.0665e-05
0.00013289
8.4833e-05
0.00012167
8.1189e-05
0.00011122
8.0021e-05
0.00010175
0.00014952
9.3494e-05
0.0001375
8.6899e-05
0.00012603
8.2348e-05
0.00011525
8.0176e-05
0.00010536
0.00015435
9.6556e-05
0.00014216
8.9263e-05
0.00013046
8.3865e-05
0.00011938
8.0728e-05
0.00010912
8.0104e-05
9.9896e-05
0.00014695
9.1957e-05
0.00013504
8.576e-05
0.0001237
8.1685e-05
0.00011309
8.0043e-05
0.00010342
0.00015178
9.4898e-05
0.00013967
8.7968e-05
0.00012809
8.3014e-05
0.00011717
8.0386e-05
0.0001071
8.0299e-05
9.8132e-05
0.00014445
9.0521e-05
0.00013265
8.4731e-05
0.00012144
8.1138e-05
0.000111
8.0024e-05
0.00010156
0.00014926
9.3337e-05
0.00013726
8.678e-05
0.0001258
8.2276e-05
0.00011503
8.0158e-05
0.00010516
0.00015409
9.6385e-05
0.00014191
8.9128e-05
0.00013022
8.3774e-05
0.00011916
8.0688e-05
0.00010891
8.0119e-05
9.9713e-05
0.0001467
9.1807e-05
0.0001348
8.565e-05
0.00012347
8.1624e-05
0.00011287
8.0036e-05
0.00010323
0.00015152
9.4737e-05
0.00013943
8.7844e-05
0.00012786
8.2934e-05
0.00011695
8.0358e-05
0.0001069
8.0325e-05
9.7959e-05
0.0001442
9.0382e-05
0.00013241
8.4633e-05
0.00012122
8.109e-05
0.0001108
8.0028e-05
0.00010138
0.00014901
9.3185e-05
0.00013702
8.6666e-05
0.00012557
8.2208e-05
0.00011482
8.0141e-05
