122.93
27.118
7.9487
6.9469
5.8034
4.6502
3.7607
3.2839
3.1443
3.1616
3.2109
3.2428
3.2465
3.2255
3.1864
3.1352
3.0762
3.0128
2.9474
2.8815
2.8162
2.7517
2.6892
2.6282
2.5691
2.5119
2.4573
2.4047
2.354
2.3052
2.2581
2.2132
2.1699
2.1286
2.0883
2.0501
2.013
1.9776
1.943
1.91
1.878
1.8475
1.8174
1.7889
1.7609
1.7335
1.7082
1.6829
1.6584
1.635
1.6125
1.5907
1.5696
1.5493
1.5297
1.5107
1.4926
1.4752
1.4581
1.4418
1.4259
1.411
1.3969
1.383
1.3697
1.3567
1.3444
1.3327
1.3214
1.3102
1.2998
1.1703
1.4548
1.7488
1.9279
2.0291
2.0609
2.0454
2.0027
1.9482
1.8913
1.836
1.7829
1.7312
1.6802
1.63
1.5808
1.5327
1.4862
1.4413
1.3977
1.3555
1.3146
1.2748
1.2363
1.199
1.1628
1.1276
1.0937
1.0606
1.0286
0.99795
0.96754
0.93812
0.92326
0.90246
0.87891
0.85437
0.82977
0.80539
0.78114
0.7579
0.73532
0.71308
0.6915
0.67054
0.65025
0.63052
0.61142
0.59285
0.57481
0.55731
0.54049
0.5242
0.50845
0.49317
0.47832
0.46396
0.44999
0.43647
0.42334
0.41059
0.39824
0.3862
0.37456
0.36323
0.35226
0.34162
0.33132
0.32128
0.31156
0.30215
0.29302
0.28406
0.27536
0.2669
0.25875
0.25084
0.24318
0.23572
0.22852
0.22154
0.21472
0.20819
0.20176
0.19552
0.1895
0.18363
0.17808
0.17272
0.16759
0.16267
0.15785
0.15318
0.14867
0.1443
0.14007
0.13596
0.13196
0.12805
0.12429
0.12065
0.11711
0.11367
0.11032
0.10703
0.10388
0.10082
0.097859
0.094967
0.092184
0.089457
0.086818
0.084262
0.081755
0.079339
0.07703
0.074738
0.072558
0.070414
0.068387
0.066398
0.06442
0.062535
0.060664
0.058881
0.057115
0.055437
0.053748
0.052148
0.050616
0.049116
0.04776
0.0463
0.044884
0.043531
0.042212
0.040961
0.039778
0.038578
0.037428
0.036308
0.035273
0.034253
0.033263
0.032256
0.031288
0.030373
0.029474
0.028624
0.027778
0.026944
0.02618
0.02541
0.024691
0.023993
0.02331
0.022607
0.021945
0.021334
0.020736
0.020158
0.019558
0.019003
0.018418
0.017822
0.017287
0.016761
0.016254
0.015785
0.015346
0.014902
0.014451
0.014054
0.013653
0.013257
0.012819
0.012457
0.012067
0.01171
0.011383
0.011031
0.010678
0.010364
0.010062
0.0097692
0.0094805
0.0092132
0.0089138
0.0086349
0.008383
0.0081164
0.0078824
0.00764
0.007448
0.0072523
0.0070529
0.0068615
0.0066283
0.006456
0.0062492
0.0060662
0.0059083
0.0057812
0.0056297
0.0055076
0.0053567
0.0051912
0.0050729
0.0049424
0.0048045
0.0047076
0.004599
0.0044946
0.0043946
0.004299
0.0042027
0.0041172
0.0039861
0.0039232
0.0037987
0.003745
0.003648
0.0035833
0.0035301
0.0034391
0.0033741
0.0033254
0.003239
0.0031785
0.0031343
0.0030525
0.0029967
0.0029146
0.0028756
0.0028656
0.0028207
0.0027463
0.0027117
0.0026512
0.0026239
0.0025705
0.0025504
0.0024993
0.0024322
0.002403
0.002348
0.002326
0.0022732
0.0022585
0.002213
0.0021512
0.0021344
0.0021018
0.002062
0.0020653
0.0020348
0.0019953
0.0019515
0.0019528
0.0019302
0.0018937
0.0018529
0.0018572
0.0018376
0.001804
0.0017614
0.0017637
0.0017422
0.0017067
0.001667
0.0016772
0.0016097
0.0016113
0.0015844
0.0015483
0.0015623
0.0015475
0.0015138
0.0014758
0.0014386
0.0014514
0.0014354
0.0014054
0.0013713
0.001333
0.001352
0.0013393
0.0013275
0.0013107
0.0012947
0.0012786
0.0012634
0.0012971
0.0012413
0.001254
0.0012455
0.00123
0.0012124
0.0011977
0.0011809
0.0011669
0.0011508
0.0011865
0.0011418
0.0011587
0.0011539
0.0011421
0.0011282
0.001121
0.0011093
0.0010979
0.0010709
0.0010514
0.0010891
0.0010456
0.0010643
0.0010611
0.0010509
0.0010385
0.0010241
0.0010076
0.0009939
0.00097812
0.0009652
0.0010046
0.00096268
0.00098302
0.00093208
0.00095308
0.0009523
0.00093953
0.00092467
0.00090771
0.00089849
0.00088722
0.00087388
0.00086331
0.00090012
0.00085577
0.00087843
0.00082995
0.00085331
0.00085492
0.00084454
0.00083208
0.00081753
0.00080089
0.00079197
0.00078101
0.00077285
0.00076264
0.00079975
0.0007557
0.00077866
0.00073052
0.00075413
0.00075605
0.00074598
0.00073383
0.0007196
0.0007033
0.00069468
0.00068889
0.00068106
0.00067117
0.00065921
0.0006994
0.00065358
0.00067965
0.00062989
0.00065156
0.00065661
0.00064968
0.00063578
0.00061978
0.00061147
0.00060116
0.0005936
0.00058889
0.00057726
0.00056838
0.00056229
0.00055907
0.00059834
0.00055144
0.00057644
0.00053055
0.00055613
0.0005552
0.00054236
0.00052752
0.00051544
0.00050614
0.00049961
0.00049593
0.00049014
0.00048722
0.00047741
0.00048074
0.00048
0.00047089
0.00047024
0.00047015
0.00047233
0.00047024
0.00046548
0.00046121
0.00045934
0.00050815
0.00045314
0.00047647
0.00042035
0.00046197
0.00043459
0.00047091
0.00043146
0.00046059
0.00041947
0.00045105
0.00046134
0.00044022
0.00044362
0.00043719
0.0004455
0.00043205
0.00043835
0.00042277
0.00042711
0.0004261
