562.84
1.7414
0.61896
0.3809
0.20594
0.18603
0.15596
0.10489
0.084329
0.075
0.072177
0.10888
0.091792
0.065702
0.055056
0.032035
0.016924
0.0066932
0.0027496
0.0016969
0.0013797
0.00095365
0.0048424
0.0023516
0.00082805
8.8314e-05
0.00013112
0.0011161
4.7155e-05
5.4394e-05
0.016353
0.00015039
0.035053
0.00027337
0.00042194
0.044493
0.0005609
0.52589
0.5521
0.27184
0.15035
0.12798
0.10978
0.063409
0.025764
0.022842
0.11041
0.0049286
0.0033219
0.011295
0.02997
0.010426
0.0062045
0.0021418
0.015619
0.0086449
0.00051742
0.0083897
0.0088946
0.0011428
0.00016285
0.0025683
0.0020062
0.0019679
0.00098323
0.00032591
0.0012173
0.00051357
0.00027621
0.00012332
6.6285e-05
0.0025713
0.00069666
0.00040615
0.0010589
7.9063e-05
0.00011883
0.00011412
5.5398e-05
0.00046144
3.8386e-05
7.4169e-05
7.4046e-05
7.3985e-05
7.3951e-05
7.3957e-05
7.4205e-05
0.0044524
8.1632e-05
0.00014727
0.00014131
0.00013852
0.00013759
0.00013708
0.0001369
0.017934
0.038727
0.0083453
9.8601e-05
0.28138
0.14392
0.014311
0.13717
0.040793
0.0040926
0.1316
0.0067725
0.0037295
0.0017022
0.13267
0.036552
0.0068227
0.0039163
0.059667
0.014484
0.0013597
0.00062229
0.00063135
0.00026252
0.01417
0.00018166
0.0002548
9.3514e-05
8.0747e-05
0.010779
0.00011975
0.010257
0.04255
0.0033983
0.00013463
0.016891
0.00012878
0.00024722
0.010323
0.00012013
0.00011983
0.00011976
0.00011964
0.00011967
0.0001196
0.00011961
0.082468
0.033607
0.0056094
0.0018708
0.031086
0.0061671
0.026999
0.00037925
0.00038587
0.00026941
0.0089119
0.00016699
0.0070534
0.00026804
0.00026433
0.00026409
0.05971
0.00070931
0.00013855
0.00013466
0.003381
0.001564
0.0070725
4.0503e-05
5.6579e-05
0.00054738
0.012636
0.0060108
0.00070451
0.0018319
0.0022892
0.0016206
0.0007683
0.00032569
0.0002627
0.018593
0.00013022
0.00016335
0.0010592
0.0010869
0.0013007
0.0011628
0.00052213
0.00033496
0.00019368
9.9215e-05
0.0041704
0.00011806
8.0652e-05
5.3003e-05
3.5876e-05
1.7453e-05
1.2764e-05
1.3487e-05
1.8206e-05
6.4368e-06
5.3482e-06
0.00756
0.00014823
0.02596
0.053209
0.0040366
0.03627
0.0039148
0.019137
0.00023867
0.00040458
0.00023788
0.0021249
0.0085827
0.001193
0.0011871
0.00058787
0.00019865
0.0001123
9.291e-05
0.00056574
1.6112e-05
4.7186e-05
2.8821e-05
6.5661e-06
6.4537e-06
6.4475e-06
0.0035375
0.00014088
0.0047915
0.0030951
0.00027277
0.00027106
0.0013995
0.00027104
0.02701
0.00013507
0.00013478
0.00013442
0.0058057
0.00044942
0.002393
0.00013314
0.0001349
0.00013498
0.0014038
3.482e-05
3.4183e-05
4.5936e-05
2.2818e-05
1.8155e-05
1.7909e-05
