140.86
1.1385
0.1423
1.3433
0.052729
0.11924
0.33543
0.65268
0.13518
0.29028
0.14516
0.072572
0.036438
0.018041
0.070453
0.013821
0.037598
0.023333
0.0022763
0.0059663
0.019337
0.038045
0.014173
0.023748
0.011878
0.0059424
0.0029654
0.0014839
0.00074393
0.00037495
0.00019096
8.9438e-05
4.6122e-05
2.52e-05
5.5328e-06
6.5246e-06
0.051334
0.025667
0.012833
0.0064209
0.0032084
0.0016061
0.00080558
0.00040616
0.00020718
0.00010143
5.2546e-05
1.8312e-05
1.2558e-05
6.7986e-07
2.0178e-06
3.1819e-06
4.5843e-06
6.0174e-06
7.3405e-06
2.2875e-06
3.6334e-06
9.2974e-06
1.2418e-06
6.5183e-06
1.2193e-05
3.8311e-06
9.4129e-06
1.1004e-06
6.6813e-06
1.3833e-05
2.5851e-06
3.9931e-06
5.4322e-06
6.7263e-06
1.2484e-06
2.6545e-06
3.8395e-06
5.2453e-06
6.6772e-06
1.0311e-06
2.3996e-06
3.8414e-06
5.1019e-06
6.5046e-06
7.9303e-06
1.8733e-06
7.4154e-07
1.3755e-06
2.3615e-06
3.7684e-06
5.2083e-06
6.5139e-06
7.9145e-06
3.5355e-06
2.8004e-06
1.1862e-06
7.9372e-07
2.1651e-06
3.612e-06
4.8877e-06
6.2874e-06
7.7119e-06
3.6233e-06
2.4978e-06
