338.43
136.71
51.309
24.557
12.29
6.1474
3.073
3.0745
3.0697
3.0623
3.0464
3.0464
3.0485
3.0502
1.524
1.5248
1.5255
1.526
1.527
0.7647
0.76478
0.76483
0.7647
0.76419
0.37975
0.38079
0.38146
0.38178
0.38192
0.18978
0.19033
0.19065
0.19081
0.19089
0.19094
0.19097
0.19098
0.094864
0.1912
0.19105
0.19097
0.19094
0.19092
0.19091
0.094868
0.19121
0.19105
0.19097
0.19094
0.19092
0.19091
0.094868
0.19121
0.19105
0.19097
0.19094
0.19092
0.19091
0.094868
0.19121
0.19105
0.19097
0.19094
0.19092
0.19091
0.094868
0.19121
0.19105
0.19097
0.19094
0.19092
0.19091
0.094868
0.19121
0.19105
0.19097
0.19094
0.19092
0.19091
0.094868
0.19121
0.19105
0.19097
0.19094
0.19092
0.19091
0.094868
0.19121
0.19105
0.19097
0.19094
0.19092
0.19091
0.094868
0.19121
0.19105
0.19097
0.19094
0.19092
0.19091
0.094868
0.19121
0.19105
0.19097
0.19094
0.19092
0.19091
0.094868
0.19121
0.19105
0.19097
0.19094
0.19092
0.19091
0.094868
0.19121
0.19105
0.19097
0.19094
0.19092
0.19091
0.094868
0.19121
0.19105
0.19097
0.19094
0.19092
0.19091
0.094868
0.19121
0.19105
0.19097
0.19094
0.19092
0.19091
0.094868
0.19121
0.19105
