169.25
136.72
102.63
98.264
98.395
98.487
98.545
98.543
97.74
97.75
97.755
97.742
97.745
97.75
97.776
97.77
97.767
97.766
97.76
97.776
97.778
97.78
97.783
97.785
97.835
97.814
97.802
97.797
97.795
97.85
97.824
97.809
97.803
97.8
97.798
97.797
97.797
97.847
97.792
97.793
97.795
97.796
97.796
97.797
97.847
97.791
97.793
97.795
97.796
97.796
97.797
97.847
97.791
97.793
97.795
97.796
97.796
97.797
97.847
97.791
97.793
97.795
97.796
97.796
97.797
97.847
97.791
97.793
97.795
97.796
97.796
97.797
97.847
97.791
97.793
97.795
97.796
97.796
97.797
97.847
97.791
97.793
97.795
97.796
97.796
97.797
97.847
97.791
97.793
97.795
97.796
97.796
97.797
97.847
97.791
97.793
97.795
97.796
97.796
97.797
97.847
97.791
97.793
97.795
97.796
97.796
97.797
97.847
97.791
97.793
97.795
97.796
97.796
97.797
97.847
97.791
97.793
97.795
97.796
97.796
97.797
97.847
97.791
97.793
97.795
97.796
97.796
97.797
97.847
97.791
97.793
97.795
97.796
97.796
97.797
97.847
97.791
97.793
