9.1559e-05
0.00012118
0.00011792
0.00011836
0.00015176
9.8314e-05
0.00013117
9.7043e-05
9.0899e-05
8.2786e-05
7.4703e-05
7.4278e-05
0.00012281
0.00012428
0.00012446
0.0001207
0.00012071
0.00010523
9.2913e-05
8.0235e-05
7.4986e-05
7.1552e-05
7.2562e-05
6.6454e-05
0.0001242
0.00012423
0.0001206
0.00011705
0.00012105
0.00010278
8.8629e-05
0.00013735
0.00011737
9.8892e-05
9.0037e-05
8.8609e-05
8.861e-05
8.8616e-05
8.8617e-05
8.8618e-05
8.8617e-05
8.8604e-05
8.8588e-05
8.8574e-05
8.8569e-05
8.8568e-05
8.8568e-05
8.8567e-05
8.8568e-05
8.8568e-05
8.8492e-05
8.8635e-05
8.8604e-05
8.8605e-05
8.8606e-05
8.8606e-05
8.8606e-05
8.8606e-05
8.8527e-05
8.8607e-05
8.8607e-05
8.8606e-05
8.8607e-05
8.8607e-05
8.8607e-05
8.8606e-05
8.8527e-05
8.8607e-05
8.8607e-05
8.8607e-05
8.8606e-05
8.8606e-05
8.8606e-05
8.8526e-05
8.8607e-05
8.8607e-05
8.8606e-05
8.8606e-05
8.8606e-05
8.8606e-05
8.8522e-05
8.8607e-05
8.8606e-05
8.8607e-05
8.8606e-05
8.8606e-05
8.8606e-05
8.8526e-05
8.8607e-05
8.8606e-05
8.8606e-05
8.8606e-05
8.8607e-05
8.8606e-05
8.8606e-05
8.8606e-05
8.8527e-05
8.8607e-05
8.8606e-05
8.8607e-05
8.8607e-05
8.8606e-05
8.8607e-05
8.8606e-05
8.8607e-05
8.8606e-05
8.8607e-05
8.8528e-05
8.8607e-05
8.8607e-05
8.8607e-05
8.8607e-05
8.8607e-05
8.8607e-05
8.8528e-05
8.8607e-05
8.8607e-05
8.8607e-05
8.8607e-05
8.8607e-05
8.8607e-05
8.8528e-05
8.8607e-05
8.8607e-05
8.8607e-05
8.8607e-05
8.8607e-05
8.8607e-05
8.8527e-05
8.8607e-05
8.8607e-05
8.8607e-05
8.8607e-05
8.8607e-05
8.8607e-05
8.8527e-05
8.8607e-05
8.8607e-05
8.8607e-05
8.8607e-05
8.8607e-05
8.8607e-05
8.8528e-05
8.8607e-05
8.8607e-05
8.8607e-05
8.8607e-05
8.8607e-05
8.8607e-05
8.8528e-05
