70.679
0.069048
0.044809
0.044818
0.045832
0.044494
0.045161
0.043016
0.040841
0.039577
0.038868
0.038451
0.022642
0.022464
0.022464
0.022429
0.02243
0.021185
0.020248
0.019701
0.019382
0.019199
0.019095
0.01904
0.011332
0.011232
0.011215
0.011199
0.011183
0.010492
0.010061
0.0017894
0.0024092
0.0031313
0.001794
0.0014241
0.0016376
0.0018195
0.0019276
0.0019904
0.0020211
0.0016079
0.0012984
0.0011571
0.0010899
0.0010576
0.0010419
0.0010344
0.00103
0.0010281
0.00081265
0.00065522
0.00058137
0.00054622
0.00052957
0.00052128
0.00051716
0.00051497
0.00040652
0.0005528
0.00048223
0.00049774
0.0005053
0.00050912
0.00051123
0.00051216
0.00040505
0.00055077
0.00048199
0.00049741
0.00050503
0.00050905
0.00051122
0.00040455
0.00055033
0.00048221
0.00049706
0.00050503
0.00050905
0.00051122
0.00040471
0.00055045
0.00048203
0.00049711
0.00050504
0.00050904
0.00051122
0.00040454
0.00055071
0.00048206
0.00049712
0.00050502
0.00050923
0.00051125
0.00051214
0.00051247
0.00040535
0.000552
0.00048189
0.00049743
0.00050523
0.00050902
0.00051126
0.00051215
0.00051248
0.00051277
0.0005131
0.00040524
0.00055156
0.00048194
0.00049744
0.00050502
0.00050905
0.00051122
0.00040454
0.00055033
0.00048198
0.00049711
0.00050503
0.00050905
0.00051122
0.00040455
0.00055033
0.00048198
0.00049711
0.00050504
0.00050904
0.00051122
0.00040454
0.00055033
0.00048198
0.00049711
0.00050503
0.00050905
0.00051122
0.00040456
0.00055033
0.00048198
0.00049711
0.00050503
0.00050905
0.00051122
0.00040456
0.00055033
0.00048198
0.00049711
0.00050503
0.00050905
0.00051122
0.00040456
