8.8291
0.0039768
1.2349
0.92243
2.157
0.85174
0.49275
1.555
0.60207
0.47643
0.53923
0.0314
0.50781
0.26959
0.11912
0.19435
0.03759
0.078378
0.058014
0.010152
0.034052
0.01199
0.011062
0.011557
0.00012397
0.011495
0.0058387
0.0028592
0.0043441
0.00073794
0.0018077
0.001242
0.00031365
0.00081168
0.00024294
4.0082e-05
0.0001107
4.0107e-05
3.0992e-05
3.0993e-05
3.0961e-05
4.0081e-05
4.0082e-05
3.0961e-05
3.0992e-05
3.0993e-05
4.0107e-05
4.0081e-05
4.0082e-05
3.0961e-05
3.0992e-05
3.0992e-05
3.0998e-05
4.0081e-05
4.0081e-05
4.0086e-05
3.0992e-05
3.0992e-05
3.0993e-05
3.0961e-05
4.0081e-05
4.0082e-05
4.0107e-05
3.0992e-05
3.0993e-05
3.096e-05
3.0961e-05
4.0081e-05
4.0082e-05
4.0107e-05
3.0992e-05
3.0993e-05
7.7192e-05
4.0081e-05
4.0082e-05
4.0106e-05
4.0107e-05
3.0993e-05
3.096e-05
7.7192e-05
4.0082e-05
4.0106e-05
4.0106e-05
4.0106e-05
4.0106e-05
4.0106e-05
4.0106e-05
4.0106e-05
4.0106e-05
4.0106e-05
4.0106e-05
4.0106e-05
4.0106e-05
4.0106e-05
4.0106e-05
4.0106e-05
4.0106e-05
4.0107e-05
4.0107e-05
4.0106e-05
4.0106e-05
4.0107e-05
4.0107e-05
4.0106e-05
4.0107e-05
4.0106e-05
4.0107e-05
