4.2524e-05
0.0002856
0.00028548
0.00028544
0.00028539
0.00028538
0.00028533
0.00028532
0.00028532
0.00028529
0.00028525
0.00028523
0.00028524
0.00028524
0.00028524
0.0002852
0.00028514
0.00028516
0.00028516
0.00028517
0.00028517
0.00028517
0.00028517
0.00028514
0.00028508
0.00028506
0.00028507
0.00028507
0.00028507
0.00028507
0.00028507
0.00028507
0.00028507
0.00028507
0.00028507
0.00028506
0.00028498
0.00028492
0.00028492
0.00028485
0.00028485
0.00028485
0.00028485
0.00028485
0.00028485
0.00028485
0.00028485
0.00028485
0.00028485
0.00028479
0.00028479
0.00028479
0.00028479
0.00028479
0.00028479
0.00028479
0.00028479
0.00028477
0.00028477
0.00028477
0.00028477
0.00028477
0.00028477
0.00028477
0.00028477
0.00028477
0.00028478
0.00028478
0.00028478
0.00028478
0.00028478
0.00028478
0.00028478
0.00028478
0.00028478
0.00028478
0.00028478
0.00028478
0.00028478
0.00028476
0.00028477
0.00028477
0.00028477
0.00028477
0.00028477
0.00028477
0.00028477
0.00028477
0.00028477
0.00028477
0.00028477
0.00028473
0.00028466
0.00028466
0.00028466
0.00028466
0.00028466
0.00028466
0.00028466
0.00028466
0.00028466
0.00028466
0.00028466
0.00028466
0.00028466
0.00028466
0.00028465
0.00028465
0.00028465
0.00028465
0.00028465
0.00028465
0.00028465
0.00028465
0.00028465
0.00028465
0.00028465
0.00028465
0.00028465
0.00028465
0.00028465
0.00028465
0.00028465
0.00028465
0.00028456
0.00028465
0.00028465
0.00028465
0.00028465
0.00028465
0.00028465
0.00028457
0.00028457
0.00028459
0.00028462
0.00028462
0.00028462
0.00028462
0.00028462
0.00028464
0.00028464
0.00028464
0.00028464
0.00028464
0.00028464
0.00028464
0.00028464
0.00028464
0.00028464
0.00028464
