8.8215
0.0071369
0.00034122
0.004417
0.023526
0.022554
0.013217
0.0059458
0.0019168
0.0040273
0.0045222
0.0040649
0.004537
0.0043821
0.0030656
0.00050719
0.0030069
0.0027439
0.0026288
0.0023525
0.0021885
0.0027616
0.0025366
0.0010385
0.00032828
0.00033004
0.00035146
0.00037148
0.00033672
0.00024369
0.00035553
0.00034099
0.00033691
0.00033542
0.00033517
0.00017123
4.6114e-05
0.00013848
0.00020066
9.7318e-05
0.00012712
0.00013627
0.00011943
0.00012025
0.00012038
7.7333e-05
0.00011464
8.7942e-05
4.6047e-05
9.3223e-05
7.7471e-05
4.6485e-05
9.3233e-05
7.7508e-05
9.5031e-05
6.8977e-05
3.2228e-05
2.2593e-05
0.00016375
0.00016282
0.00012812
7.0593e-05
0.00015625
0.00013149
8.0537e-05
2.6523e-05
6.6469e-05
0.00011276
0.00013071
0.00033715
0.00031344
0.00024825
0.00013785
3.2334e-05
7.1416e-05
0.00033276
0.00033641
0.00032403
0.00032627
0.00016599
0.00016373
0.0001049
0.00015757
0.00016098
0.00010947
4.5141e-05
0.0001571
0.00014179
0.00015961
0.00016256
0.00016313
8.302e-05
6.2901e-05
6.4392e-05
4.5378e-05
3.8449e-05
7.6413e-05
6.9089e-05
6.7325e-05
5.3403e-05
4.3883e-05
7.3361e-05
6.4291e-05
6.7874e-05
6.6784e-05
6.662e-05
3.1465e-05
3.2262e-05
3.2853e-05
3.3075e-05
2.5526e-05
3.4768e-05
2.8898e-05
2.3632e-05
2.195e-05
2.3751e-05
3.9911e-05
3.501e-05
2.9442e-05
3.4146e-05
3.3593e-05
3.325e-05
3.3238e-05
3.3241e-05
1.5801e-05
3.4662e-05
2.9009e-05
3.4257e-05
2.8237e-05
3.4345e-05
2.8244e-05
1.319e-05
8.2446e-06
2.7304e-06
4.7055e-05
4.7927e-05
3.5832e-05
1.9121e-05
4.8944e-06
9.4023e-05
9.5325e-05
9.8921e-05
6.979e-05
9.5758e-05
9.8228e-05
7.0864e-05
3.0219e-05
9.259e-05
9.57e-05
9.9534e-05
