139.34
7.1091
1.7012
1.6599
1.7016
1.7421
1.7798
1.804
1.7955
1.7838
1.7761
1.777
1.7789
1.8846
1.8757
0.17578
0.16937
0.16309
0.12156
0.13862
0.089334
0.11231
0.13001
0.13823
0.14108
0.14423
0.14732
0.16134
0.018217
0.014075
0.014281
0.014475
0.014658
0.014829
0.014989
0.016364
0.017082
0.01746
0.01766
0.01766
0.017661
0.017661
0.01766
0.017661
0.017661
0.017661
0.012765
0.012766
0.012766
0.012766
0.012766
0.012766
0.012766
0.012766
0.012766
0.012766
0.012766
0.012766
0.012766
0.012766
0.012766
0.012766
0.012766
0.012766
0.012766
0.012766
0.012766
0.012766
0.012766
0.012766
0.012766
0.012766
0.012766
0.012766
0.012766
0.012766
0.012766
0.012766
0.012766
0.012766
0.012766
0.012766
0.012766
0.012766
0.012766
0.012766
0.012766
0.012766
0.012766
0.012766
0.012766
0.012766
0.012766
0.012766
0.012766
0.012766
0.012766
0.012766
0.012766
0.012766
0.012766
0.012766
0.012766
0.012766
0.012766
0.012766
0.012766
0.012766
0.012766
0.012766
0.012766
0.012766
0.012766
0.012766
0.012766
0.012766
0.012766
0.012766
0.012766
0.012766
0.012766
0.012766
0.012766
0.012766
0.012766
0.012766
0.012766
0.012766
0.012766
0.012766
0.012766
0.012766
0.012766
0.012766
0.012766
0.012766
0.012766
0.012766
