0.041471
0.041485
0.041482
0.041479
0.041476
0.041473
0.04147
0.04147
0.041467
0.041464
0.041464
0.041461
0.041458
0.041455
0.041455
0.041452
0.041449
0.041446
0.041443
0.04144
0.041437
0.041437
0.041434
0.041431
0.041431
0.041431
0.041431
0.041431
0.041431
0.041431
0.041431
0.041431
0.041431
0.041431
0.041431
0.041431
0.041428
0.041428
0.041428
0.041428
0.041425
0.041425
0.041425
0.041425
0.041425
0.041425
0.041425
0.041425
0.041425
0.041425
0.041425
0.041422
0.041422
0.041422
0.041422
0.041422
0.041422
0.04142
0.04142
0.04142
0.04142
0.041417
0.041417
0.041417
0.041417
0.041417
0.041417
0.041417
0.041417
0.041417
0.041417
0.041417
0.041417
0.041417
0.041417
0.041417
0.041411
0.041411
0.041411
0.041411
0.041411
0.041411
0.041411
0.041411
0.041411
0.041411
0.041411
0.041411
0.041411
0.041411
0.041411
0.041411
0.041411
0.041411
0.041411
0.041411
0.041411
0.041411
0.041411
0.041411
0.041411
