139.33
1.703
0.37383
0.49596
0.43443
0.88185
0.88415
0.21975
0.15681
0.21806
0.22431
0.037373
0.04438
0.064748
0.065517
0.0055416
0.0098827
0.0084362
0.0023789
0.0013539
0.0016916
0.008018
0.017628
0.0011903
0.0168
0.0065257
0.0082304
0.0020005
0.00232
0.0017182
0.0027668
0.0018808
0.0012548
0.0013158
0.001145
0.00094533
0.0011908
0.0012528
0.0012248
0.0011305
0.00082376
0.00074841
0.00072325
0.00064544
0.000665
0.00064491
0.00059353
0.00056335
0.00055638
0.00060155
0.0006825
0.00061816
0.00057804
0.00057684
0.00052199
0.00057209
0.00058806
0.00033747
0.00030199
0.00029347
0.00029071
0.00027215
0.00026356
0.00025895
0.00025706
0.00025753
0.00025559
0.000256
0.00025919
0.000258
0.00025534
0.00025581
0.00026329
0.000263
0.0002599
0.00026058
0.00025439
0.00025295
0.00026328
0.00027151
0.00025154
0.00025044
0.00031745
0.00027954
0.00028915
0.00026048
0.00025298
0.00028816
0.00025023
0.00025013
0.00051395
0.00056302
0.00043301
0.00068663
0.00057708
0.00095228
0.00078229
0.0012158
0.00097394
0.00097022
0.0016097
