139.38
3.9787
2.5876
1.5316
0.87335
0.50422
1.7988
1.0374
0.59895
0.4373
0.43674
0.17874
0.10322
0.13232
0.12701
0.050941
0.029394
0.016981
0.0098167
0.0056827
0.0033097
0.0035089
0.017342
0.03304
0.0039042
0.017233
0.0028986
0.0082789
0.0023376
0.0039992
0.0023738
0.0055537
0.003524
0.0017931
0.0019617
0.0017309
0.0022426
0.0023158
0.0023833
0.0019936
0.0017109
0.0013131
0.0011911
0.0011477
0.00085452
0.0010405
0.00093264
0.00069715
0.00056942
0.00060613
0.00082349
0.0010878
0.00070252
0.00056246
0.00066333
0.00060899
0.00078445
0.0015445
0.0012675
0.0011949
0.0011723
0.0022912
0.0021467
0.0021144
0.0020543
0.0020821
0.0020677
0.0020413
0.0020734
0.0020922
0.0020692
0.002037
0.0020725
0.0021272
0.0021078
0.0021006
0.0020872
0.0020456
0.0020375
0.0021217
0.0021849
0.0020249
0.0020162
0.0025507
0.0022477
0.0023236
0.002097
0.0020373
0.0023193
0.0020155
0.0020159
0.0041164
0.004509
0.003474
0.0054996
0.0046219
0.0076176
0.0062661
0.0097334
0.007799
0.0077669
