1.1,0.90002,0,-0.16003,1,-0.051185,0.90262,-0.16003,-0.16003,-0.16003
0.9,1.1,0,0.068199,0.49234,0.027684,1.0621,0.33306,0.034099,-0.0021289
1.0509,1.0092,0,0.056576,0.053308,0.04498,1.0615,0.8312,0.015619,0.91976
1.0137,1.0464,0,0.061892,0.2475,0.037398,1.0612,0.63679,0.020935,0.92019
1.028,1.0321,0,0.056368,0.40878,0.043786,1.061,-0.60736,0.0021946,0.97689
1.0302,1.0299,0,0.066336,-0.23821,0.033949,1.0608,-0.16689,0.0077183,0.97561
1.031,1.0291,0,0.064353,-0.49995,0.035978,1.0606,0.094838,0.005735,0.97488
1.0304,1.0297,0,0.062856,-0.3463,0.03744,1.0605,-0.058817,0.0042375,0.9754
1.0319,1.03,0,0.062853,-0.20024,0.037422,1.0604,-0.10761,0.0025171,0.97678
1.0296,1.0323,0,0.063974,-0.089263,0.036164,1.0603,-0.2186,0.0036385,0.97708
1.017,1.0312,0,0.063414,-0.09636,0.03679,1.0602,-0.14962,0.0024471,0.97668
1.0306,1.0176,0,0.064102,-0.096794,0.036928,1.0601,-0.1491,0.0031357,0.97665
1.0238,1.0244,0,0.063758,-0.11533,0.036859,1.0601,-0.192,0.00242,0.97652
1.024,1.0242,0,0.064006,-0.16851,0.036625,1.0601,-0.16389,0.002508,0.9764
1.0042,1.024,0,0.063992,-0.19404,0.036644,1.06,-0.11771,0.0024911,0.9763
1.024,1.0042,0,0.064393,-0.19722,0.037444,1.0599,-0.12188,0.0026354,0.97635
1.014,1.0142,0,0.064266,-0.17493,0.036961,1.0599,-0.14423,0.0025085,0.97642
1.014,1.0142,0,0.064222,-0.16569,0.037004,1.0599,-0.13719,0.002377,0.97638
1.0015,1.0144,0,0.06425,-0.15718,0.036972,1.0599,-0.15586,0.0026432,0.97638
1.0066,1.0019,0,0.064298,-0.1577,0.037307,1.0599,-0.17126,0.0027182,0.97642
1.0078,1.0007,0,0.064255,-0.1533,0.037425,1.0599,-0.17566,0.0026746,0.97644
0.99978,1.0044,0,0.06424,-0.1603,0.037217,1.0599,-0.16868,0.0026595,0.97641
1.0019,1,0,0.064328,-0.16638,0.037394,1.0599,-0.15018,0.0029324,0.97624
1.0019,1,0,0.064243,-0.16198,0.037412,1.0599,-0.15207,0.0029811,0.97624
1.0008,1.0011,0,0.064176,-0.15967,0.037412,1.0599,-0.15647,0.0028732,0.97626
1.0007,1.0012,0,0.064095,-0.15511,0.03749,1.0598,-0.16543,0.0026844,0.97629
1.0008,1.0011,0,0.06417,-0.15501,0.037423,1.0597,-0.16553,0.002759,0.97629
1.0008,1.0011,0,0.064227,-0.15949,0.037366,1.0597,-0.15002,0.0031923,0.97617
0.99949,1.0011,0,0.064101,-0.15732,0.037491,1.0597,-0.15251,0.0030955,0.97617
1.0007,0.99987,0,0.064104,-0.15671,0.037526,1.0597,-0.15531,0.0029724,0.97618
0.99954,1.0004,0,0.064134,-0.15723,0.037461,1.0597,-0.15759,0.0028794,0.97619
0.99981,0.99978,0,0.064135,-0.15717,0.037497,1.0597,-0.15117,0.0031883,0.97613
0.99962,0.99984,0,0.06408,-0.15616,0.03754,1.0597,-0.1521,0.0031508,0.97613
0.99956,0.99983,0,0.064073,-0.1558,0.037543,1.0597,-0.15242,0.0031436,0.97612
0.99975,0.99984,0,0.064073,-0.15566,0.037541,1.0597,-0.15261,0.0031422,0.97612
0.99942,1.0002,0,0.063959,-0.15292,0.037641,1.0596,-0.15803,0.0029206,0.97614
0.99966,0.99996,0,0.064037,-0.15289,0.037578,1.0595,-0.15277,0.0031775,0.97611
0.99901,1,0,0.064049,-0.15383,0.037565,1.0595,-0.15455,0.0031173,0.97612
0.99916,0.99937,0,0.06405,-0.15451,0.037602,1.0594,-0.15387,0.0031185,0.97612
0.99933,0.9992,0,0.064085,-0.15529,0.037564,1.0594,-0.15364,0.0031233,0.97612
0.99885,0.99944,0,0.06409,-0.15573,0.037544,1.0594,-0.15297,0.0031332,0.97612
0.99909,0.9992,0,0.064091,-0.1558,0.037551,1.0594,-0.14924,0.0032977,0.97608
0.99897,0.99932,0,0.064033,-0.1546,0.037601,1.0594,-0.15045,0.003247,0.97607
0.99896,0.99933,0,0.064031,-0.15421,0.037603,1.0594,-0.1513,0.003198,0.97607
0.99897,0.99932,0,0.064047,-0.15422,0.037587,1.0594,-0.15214,0.0031646,0.97607
0.99853,0.99932,0,0.064063,-0.15452,0.037571,1.0594,-0.15055,0.0032815,0.97604
0.99895,0.9989,0,0.064033,-0.15419,0.037614,1.0594,-0.15087,0.0032546,0.97603
0.99854,0.9991,0,0.064028,-0.15407,0.037606,1.0594,-0.15099,0.0032495,0.97602
0.99864,0.9989,0,0.06403,-0.15403,0.037611,1.0594,-0.15103,0.0032512,0.97601
0.99858,0.9989,0,0.064029,-0.15402,0.037608,1.0594,-0.15104,0.0032503,0.97599
0.99862,0.99885,0,0.063976,-0.15297,0.037662,1.0593,-0.15313,0.0031467,0.976
0.99853,0.99892,0,0.06401,-0.15296,0.037625,1.0591,-0.15105,0.0032662,0.97593
0.99855,0.9989,0,0.064016,-0.15332,0.03762,1.0591,-0.15174,0.003237,0.97593
0.99854,0.9989,0,0.064027,-0.15378,0.037608,1.0591,-0.15197,0.0032194,0.97593
0.99854,0.99889,0,0.064037,-0.15416,0.037598,1.0591,-0.15182,0.0032117,0.97593
0.99854,0.99889,0,0.064043,-0.15437,0.037592,1.0591,-0.14964,0.0033124,0.97581
0.99852,0.9989,0,0.06401,-0.15378,0.037625,1.0591,-0.15023,0.0032806,0.97579
0.99853,0.99889,0,0.06401,-0.15359,0.037625,1.0591,-0.15065,0.0032453,0.97579
0.99853,0.99889,0,0.064021,-0.1536,0.037614,1.0591,-0.15106,0.0032212,0.97579
0.99853,0.99889,0,0.064033,-0.15374,0.037602,1.0591,-0.15133,0.003209,0.97579
0.99843,0.99889,0,0.064041,-0.15393,0.037594,1.0591,-0.15008,0.0033121,0.97571
0.99852,0.99879,0,0.064009,-0.15363,0.037629,1.0591,-0.15038,0.0032809,0.97569
0.99847,0.99884,0,0.064008,-0.15354,0.037627,1.0591,-0.15085,0.0032442,0.97569
0.99843,0.99884,0,0.06402,-0.15363,0.037615,1.0591,-0.15123,0.0032195,0.97569
0.99845,0.99879,0,0.064033,-0.15382,0.037604,1.0591,-0.15019,0.0033052,0.97561
0.99845,0.99879,0,0.064007,-0.1536,0.037628,1.0591,-0.1506,0.0032677,0.97561
0.99844,0.9988,0,0.064011,-0.15359,0.037624,1.0591,-0.15102,0.0032338,0.97561
0.99843,0.9988,0,0.064024,-0.15372,0.037611,1.0591,-0.15029,0.0032969,0.97549
0.99843,0.9988,0,0.064005,-0.15356,0.03763,1.0591,-0.15074,0.0032573,0.97549
0.99843,0.9988,0,0.064013,-0.15361,0.037622,1.0591,-0.15114,0.0032253,0.97549
0.99843,0.99879,0,0.064026,-0.15378,0.037609,1.0591,-0.15137,0.0032062,0.97549
0.99843,0.99878,0,0.064036,-0.15396,0.037599,1.0591,-0.15005,0.0033104,0.97533
0.99843,0.99879,0,0.064004,-0.15365,0.037631,1.0591,-0.15036,0.0032778,0.97526
0.99842,0.99879,0,0.064003,-0.15354,0.037632,1.0591,-0.15047,0.0032767,0.97519
0.99842,0.99879,0,0.064002,-0.1535,0.037633,1.0591,-0.1505,0.003276,0.97506
0.99843,0.99879,0,0.064001,-0.15349,0.037634,1.0591,-0.15051,0.0032748,0.97493
0.99842,0.9988,0,0.063955,-0.15297,0.037681,1.059,-0.15156,0.0031845,0.97494
0.99843,0.99879,0,0.06403,-0.15374,0.037605,1.0591,-0.15026,0.0033031,0.97467
0.99842,0.99879,0,0.063997,-0.15357,0.037638,1.0591,-0.1507,0.0032552,0.97467
0.99843,0.99879,0,0.064002,-0.1536,0.037632,1.0591,-0.15111,0.0032126,0.97467
0.99842,0.99879,0,0.064018,-0.15376,0.037617,1.0591,-0.15031,0.0032927,0.97384
0.99842,0.99879,0,0.063989,-0.1536,0.037646,1.0591,-0.15072,0.0032362,0.97384
0.99842,0.99879,0,0.063997,-0.15362,0.037638,1.0591,-0.15111,0.0031883,0.97384
0.99842,0.99879,0,0.064016,-0.15377,0.037619,1.0591,-0.15135,0.0031596,0.97384
0.99844,0.99878,0,0.064032,-0.15395,0.037603,1.0591,-0.14996,0.0033088,0.972
0.99842,0.9988,0,0.063969,-0.15361,0.037665,1.0591,-0.15036,0.0032329,0.972
0.99843,0.99879,0,0.063973,-0.15351,0.037662,1.0591,-0.15086,0.0031611,0.972
0.99843,0.99879,0,0.063999,-0.15361,0.037636,1.0591,-0.15126,0.0031148,0.972
0.99842,0.99879,0,0.064022,-0.15381,0.037612,1.0591,-0.15146,0.0030922,0.972
0.99842,0.99879,0,0.064038,-0.15402,0.037597,1.0591,-0.15,0.0033149,0.96915
0.99843,0.99879,0,0.06394,-0.15366,0.037695,1.0591,-0.15035,0.0032169,0.96858
0.99841,0.9988,0,0.063934,-0.15354,0.0377,1.0591,-0.15082,0.0031062,0.96858
0.99843,0.99878,0,0.063969,-0.15361,0.037666,1.0591,-0.15039,0.0032462,0.96744
0.99841,0.99879,0,0.063923,-0.15352,0.037712,1.0591,-0.15088,0.0031241,0.96745
0.99843,0.99878,0,0.063948,-0.15362,0.037687,1.0591,-0.15039,0.003225,0.9663
0.99841,0.9988,0,0.063911,-0.15352,0.037723,1.0591,-0.15088,0.0030911,0.96631
0.99842,0.99879,0,0.063944,-0.15362,0.037692,1.0591,-0.15127,0.0029896,0.96631
0.99842,0.99879,0,0.063988,-0.15382,0.037647,1.0591,-0.15146,0.0029329,0.96631
0.99844,0.99878,0,0.064022,-0.15401,0.037613,1.0591,-0.15146,0.0029102,0.96631
0.99843,0.99879,0,0.064041,-0.15414,0.037594,1.0591,-0.15133,0.0029062,0.96631
0.99843,0.99879,0,0.064049,-0.15418,0.037586,1.0591,-0.1498,0.0033269,0.95713
0.99841,0.99881,0,0.063817,-0.15369,0.037817,1.0591,-0.1503,0.0030957,0.95488
0.99842,0.9988,0,0.063795,-0.15353,0.03784,1.0591,-0.15048,0.0030734,0.95263
0.99842,0.9988,0,0.063772,-0.15348,0.037863,1.0591,-0.15054,0.0030505,0.95038
0.99842,0.9988,0,0.06375,-0.15346,0.037885,1.0591,-0.15109,0.0027552,0.95039
0.99842,0.9988,0,0.06384,-0.15363,0.037795,1.0591,-0.15147,0.0025505,0.9504
0.99843,0.99878,0,0.063939,-0.15388,0.037696,1.0591,-0.15013,0.0032169,0.94366
0.9984,0.99881,0,0.063681,-0.15358,0.037953,1.0591,-0.15043,0.0029588,0.94144
0.99841,0.9988,0,0.063659,-0.15349,0.037976,1.0591,-0.15095,0.0025731,0.94145
0.99843,0.99878,0,0.063781,-0.15359,0.037855,1.0591,-0.15137,0.0023088,0.94146
0.99842,0.99879,0,0.063909,-0.15381,0.037726,1.0591,-0.15157,0.0021728,0.94146
0.99842,0.99879,0,0.063997,-0.15401,0.037638,1.0591,-0.15157,0.002125,0.94146
0.99843,0.99877,0,0.064043,-0.15416,0.037593,1.0591,-0.15142,0.0021228,0.94146
0.99842,0.99878,0,0.064058,-0.1542,0.037576,1.0591,-0.14981,0.0033355,0.92599
0.99841,0.99882,0,0.063502,-0.15367,0.038131,1.0591,-0.15034,0.0027794,0.92165
0.9984,0.99883,0,0.063459,-0.1535,0.038175,1.0591,-0.15051,0.0027354,0.91731
0.99841,0.99882,0,0.063414,-0.15343,0.03822,1.0591,-0.15109,0.0021048,0.91733
0.99843,0.9988,0,0.063611,-0.15358,0.038025,1.0591,-0.15043,0.0028874,0.90442
0.9984,0.99883,0,0.063284,-0.15344,0.03835,1.0591,-0.151,0.0021263,0.90444
0.99841,0.99882,0,0.063429,-0.15355,0.038206,1.0591,-0.15046,0.0027052,0.88755
0.9984,0.99883,0,0.063113,-0.15342,0.038521,1.0591,-0.15105,0.0017737,0.88758
0.99842,0.99881,0,0.063319,-0.15353,0.038316,1.0591,-0.15153,0.0010479,0.8876
0.99843,0.9988,0,0.06363,-0.15376,0.038006,1.0591,-0.15178,0.00063277,0.88761
0.99844,0.99879,0,0.063872,-0.154,0.037764,1.0591,-0.15001,0.0031464,0.85472
0.99835,0.99888,0,0.062781,-0.15353,0.038852,1.0591,-0.15049,0.0018825,0.85476
0.99841,0.99882,0,0.06284,-0.15339,0.038796,1.0591,-0.15111,0.00067727,0.8548
0.99844,0.99881,0,0.063261,-0.15349,0.038374,1.0591,-0.15163,0.0010987,0.85479
0.99842,0.99884,0,0.063261,-0.15374,0.038374,1.0591,-0.15027,0.002534,0.82313
0.9984,0.99889,0,0.062461,-0.15342,0.039172,1.0591,-0.15059,0.0017343,0.81544
0.99839,0.9989,0,0.062384,-0.1533,0.03925,1.0591,-0.15071,0.0016565,0.8078
0.99841,0.99888,0,0.062306,-0.15326,0.039329,1.0591,-0.15146,-8.226e-05,0.80786
0.99845,0.99884,0,0.062861,-0.15347,0.038775,1.0591,-0.152,0.00047263,0.80784
0.99842,0.99886,0,0.062861,-0.1538,0.038774,1.0591,-0.15023,0.0021341,0.78521
0.99837,0.9989,0,0.062077,-0.15341,0.039557,1.0591,-0.15061,0.0013518,0.77783
0.99838,0.99888,0,0.062002,-0.15326,0.039633,1.0591,-0.15136,-0.00069117,0.77789
0.99843,0.99883,0,0.062659,-0.15342,0.038977,1.0591,-0.15059,0.001935,0.7632
0.99841,0.99891,0,0.061853,-0.15325,0.03978,1.0591,-0.15135,-0.00025695,0.76327
0.99841,0.9989,0,0.062316,-0.15339,0.039319,1.0591,-0.15197,0.00020568,0.76325
0.99844,0.99889,0,0.062316,-0.15369,0.039319,1.0591,-0.15031,0.0016008,0.74891
0.99838,0.99895,0,0.061705,-0.15332,0.039928,1.0591,-0.151,-0.00073902,0.74898
0.99845,0.99888,0,0.062283,-0.15331,0.039353,1.0591,-0.1507,0.0015694,0.7454
0.99839,0.99894,0,0.061669,-0.15319,0.039964,1.0591,-0.15152,-0.00080626,0.74547
0.99849,0.99888,0,0.062258,-0.15339,0.039378,1.0591,-0.15062,0.0015449,0.74189
0.99843,0.99898,0,0.061633,-0.15322,0.039999,1.0591,-0.15141,-0.00086717,0.74197
0.99846,0.99894,0,0.06223,-0.15337,0.039405,1.0591,-0.15205,-0.00027027,0.74195
0.99846,0.99894,0,0.06223,-0.15368,0.039405,1.0591,-0.15238,-0.00027003,0.74195
0.99846,0.99894,0,0.06223,-0.154,0.039405,1.0591,-0.15002,0.0015167,0.73492
0.99851,0.99897,0,0.061563,-0.15342,0.040071,1.0591,-0.15061,-0.0009649,0.735
0.99847,0.999,0,0.062169,-0.15322,0.039465,1.0591,-0.1514,-0.0003596,0.73498
0.9985,0.99897,0,0.062169,-0.15336,0.039466,1.0591,-0.15205,-0.00035944,0.73498
