139.55
3.5353
1.2893
0.62244
0.56699
1.0988
0.4721
0.25999
0.23741
0.12585
0.064353
0.029892
0.092392
0.1066
0.22732
0.53114
0.34703
0.16985
0.072638
0.062538
0.12297
0.077518
0.041413
0.01952
0.0078561
0.002573
0.0016233
0.001723
0.0032319
0.0021026
0.0012047
0.00041857
0.00018616
0.00014484
0.000248
0.00014947
8.2608e-05
5.7246e-05
4.8706e-05
4.3608e-05
3.9128e-05
3.0735e-05
2.3208e-05
1.712e-05
6.1804e-06
1.6483e-05
2.3702e-06
1.1307e-05
7.3873e-06
6.556e-06
1.8753e-05
1.3304e-05
1.6226e-05
1.0518e-06
1.2869e-05
1.1084e-05
1.1472e-05
8.1067e-06
1.4625e-05
2.8357e-05
1.4288e-05
1.3903e-05
9.223e-06
2.5389e-05
2.5429e-05
1.6349e-05
1.5515e-05
1.7667e-05
1.6244e-05
5.6739e-06
9.5074e-06
1.7094e-05
4.713e-06
4.0417e-06
1.2066e-05
1.0171e-05
1.0391e-05
8.0864e-06
1.1482e-05
1.1573e-05
5.5432e-06
9.2066e-06
0.0012495
0.00072927
6.2856e-05
8.7605e-05
0.00014781
7.7443e-05
0.0044557
0.0022607
0.0011185
0.00057708
0.00029022
0.0001444
6.2762e-05
3.1682e-05
1.1925e-05
5.5689e-06
1.0558e-05
