139.53
1.3719
0.21789
2.0482
1.2086
0.57181
0.61668
0.56472
0.30015
0.039506
0.34041
0.34882
0.54501
0.84112
1.0824
0.71834
0.24462
0.090617
0.2758
0.26777
0.15825
0.073986
0.035968
0.014296
0.0075108
0.0042507
0.0036866
0.0032833
0.0020826
0.0011106
0.00057289
0.00064988
0.00028521
0.00024159
0.00014413
8.3247e-05
5.4385e-05
4.4629e-05
4.6608e-05
3.277e-05
2.9918e-05
2.6217e-05
1.5918e-05
1.3586e-05
2.7184e-05
1.1386e-05
4.1472e-05
2.012e-05
3.4286e-05
6.1492e-05
3.5368e-05
6.9025e-05
2.8825e-05
5.0474e-05
3.3662e-05
5.7459e-05
3.2178e-05
4.1955e-05
6.5676e-05
2.4828e-05
3.0899e-05
2.0412e-05
3.9144e-05
4.8371e-05
3.3773e-05
2.4903e-05
2.9187e-05
3.9064e-05
2.8342e-05
1.9205e-05
2.2113e-05
2.8528e-05
1.5789e-05
1.9542e-05
2.6283e-05
2.1515e-05
1.8693e-05
1.528e-05
1.5957e-05
2.2528e-05
1.5562e-05
1.4379e-05
0.0024941
0.0014613
0.0001323
0.00036321
0.0003182
0.00015191
0.0089179
0.0045257
0.0022447
0.0011536
0.0005871
0.00028974
0.00011957
5.0037e-05
2.6751e-05
1.4027e-05
2.7418e-05
4.0369e-05
