1.0463,1.0497,0.34322,0.00078727,0.67637,0.001609,0.91148,0.33314,0.00078727,-0.0011351
0.98393,0.98332,-0.36529,0.00024047,-0.064118,0.000509,0.27152,0.30116,0.00024047,-0.00092289
1.0223,1.0217,-0.19146,-0.0011887,-0.081749,-0.0023684,0.053091,0.10971,-0.0011887,-0.00029737
1.0224,1.0221,-0.070018,-0.00041831,-0.030326,-0.00083335,0.048362,0.039692,-0.00041831,-0.00010795
1.0223,1.0222,-0.026049,-0.00016384,-0.012407,-0.00032657,0.017087,0.013642,-0.00016384,-3.6486e-05
1.0565,1.0563,-0.0091638,-0.00069253,-0.0046856,-0.0013853,3.2197e-05,0.0044782,-0.00069253,7.4391e-06
1.0564,1.0564,-0.0029441,-0.00021294,-0.0014103,-0.00042593,0.022721,0.0015339,-0.00021294,1.8103e-06
1.075,1.075,-0.0010603,-0.00037731,-0.00058675,-0.00075492,1.7589e-05,0.00047354,-0.00037731,1.0031e-05
1.075,1.075,-0.0003239,-0.00012012,-0.0001742,-0.00024033,0.012416,0.0001497,-0.00012012,3.196e-06
1.0856,1.0856,-0.00012127,-0.00021467,-9.2858e-05,-0.00042953,-6.8107e-06,2.8431e-05,-0.00021467,6.4394e-06
1.0912,1.0912,-3.3525e-05,-0.00014672,-3.8633e-05,-0.00029358,0.0033326,-5.0944e-06,-0.00014672,4.4757e-06
1.0912,1.0912,-1.309e-06,-4.7339e-05,-7.7171e-06,-9.4722e-05,0.0048555,-6.4038e-06,-4.7339e-05,1.4586e-06
1.0912,1.0912,2.7012e-06,-1.5663e-05,-1.0028e-06,-3.1341e-05,0.0015861,-3.7025e-06,-1.5663e-05,4.8746e-07
1.0912,1.0912,1.9071e-06,-5.6051e-06,1.1125e-07,-1.1216e-05,0.00051919,-1.7954e-06,-5.6051e-06,1.7586e-07
1.094,1.0939,-4.3216e-06,-5.5184e-05,-1.0444e-05,-0.00011042,4.2711e-06,-6.1169e-06,-5.5184e-05,1.6962e-06
1.094,1.0939,2.1203e-06,-1.9568e-05,-1.8781e-06,-3.9154e-05,0.0017822,-3.9966e-06,-1.9568e-05,6.07e-07
1.0975,1.0974,-4.4619e-06,-7.1263e-05,-1.2927e-05,-0.00014259,3.3492e-06,-8.4585e-06,-7.1263e-05,2.1921e-06
1.0975,1.0974,3.297e-06,-2.3403e-05,-1.8669e-06,-4.6828e-05,0.0023069,-5.1617e-06,-2.3403e-05,7.2709e-07
1.0975,1.0974,2.6031e-06,-8.3673e-06,4.3788e-08,-1.6743e-05,0.00074386,-2.5585e-06,-8.3673e-06,2.6214e-07
1.0975,1.0974,1.374e-06,-3.3143e-06,1.8916e-07,-6.6317e-06,0.00026247,-1.1845e-06,-3.3143e-06,1.0436e-07
1.0975,1.0974,5.5966e-07,-2.2998e-06,-6.5401e-08,-4.6017e-06,8.857e-05,-6.2484e-07,-2.2998e-06,7.1809e-08
1.0975,1.0974,2.8811e-07,-1.2847e-06,-4.8802e-08,-2.5706e-06,6.5596e-05,-3.3678e-07,-1.2847e-06,4.008e-08
1.0975,1.0974,-4.9435e-09,-2.2946e-06,-3.4688e-07,-4.5913e-06,4.6742e-05,-3.4172e-07,-2.2946e-06,7.0795e-08
1.0975,1.0974,9.9891e-08,-1.2792e-06,-1.4207e-07,-2.5596e-06,6.5483e-05,-2.4184e-07,-1.2792e-06,3.9624e-08
1.0975,1.0974,-6.7688e-08,-2.2891e-06,-3.7743e-07,-4.5803e-06,4.6649e-05,-3.0953e-07,-2.2891e-06,7.0529e-08
1.0981,1.098,-1.1352e-06,-1.3415e-05,-2.5812e-06,-2.6843e-05,1.7823e-05,-1.4447e-06,-1.3415e-05,4.1222e-07
1.0981,1.098,5.3493e-07,-4.2817e-06,-3.7525e-07,-8.5675e-06,0.00041358,-9.0977e-07,-4.2817e-06,1.3294e-07
1.0991,1.0991,-1.643e-06,-2.2495e-05,-4.1978e-06,-4.5011e-05,4.6179e-06,-2.5528e-06,-2.2495e-05,6.9161e-07
1.0991,1.0991,8.7415e-07,-8.2756e-06,-8.0527e-07,-1.6559e-05,0.00072615,-1.6786e-06,-8.2756e-06,2.5669e-07
1.0985,1.0985,1.708e-06,5.8928e-06,1.738e-06,1.1791e-05,0.00067405,2.9405e-08,5.8928e-06,-1.7923e-07
1.0985,1.0985,-3.8794e-08,-1.9158e-07,-4.8217e-08,-3.8335e-07,4.56e-05,-9.4045e-09,-1.9158e-07,5.858e-09
1.0985,1.0985,-6.3583e-09,-9.4932e-08,-1.7427e-08,-1.8995e-07,6.852e-05,-1.106e-08,-9.4932e-08,2.9195e-09
1.0993,1.0992,-1.5218e-06,-1.5366e-05,-3.0673e-06,-3.0746e-05,6.0631e-06,-1.544e-06,-1.5366e-05,4.7182e-07
1.0952,1.0952,5.9788e-06,4.9495e-05,1.0418e-05,9.9036e-05,0.0031681,4.4348e-06,4.9495e-05,-1.5181e-06
1.0952,1.0952,-2.8756e-06,8.0991e-07,-1.3164e-06,1.6207e-06,3.7934e-06,1.5592e-06,8.0991e-07,-2.9338e-08
1.0976,1.0976,-5.3357e-06,-4.816e-05,-9.8963e-06,-9.6364e-05,1.2909e-06,-4.5561e-06,-4.816e-05,1.4779e-06
1.0976,1.0976,1.4762e-06,-1.5616e-05,-1.6053e-06,-3.1246e-05,0.0015835,-3.08e-06,-1.5616e-05,4.8407e-07
1.0976,1.0976,1.4973e-06,-5.556e-06,-8.6013e-08,-1.1117e-05,0.00051686,-1.5827e-06,-5.556e-06,1.7373e-07
1.0976,1.0976,9.0418e-07,-1.509e-06,2.2542e-07,-3.0194e-06,0.00018993,-6.7862e-07,-1.509e-06,4.7942e-08
1.0989,1.0988,-2.0255e-06,-2.4779e-05,-4.7319e-06,-4.9581e-05,-6.6771e-07,-2.7041e-06,-2.4779e-05,7.615e-07
1.0989,1.0988,8.4847e-07,-9.541e-06,-1.008e-06,-1.9091e-05,0.00078216,-1.8555e-06,-9.541e-06,2.9568e-07
1.0989,1.0988,7.8808e-07,-4.4878e-06,-2.7976e-07,-8.9799e-06,0.00028444,-1.0674e-06,-4.4878e-06,1.3967e-07
1.0995,1.0995,-7.4867e-07,-1.4603e-05,-2.5662e-06,-2.922e-05,3.0845e-06,-1.8162e-06,-1.4603e-05,4.4946e-07
1.1,1.1,-2.4766e-07,-1.4584e-05,-2.3128e-06,-2.9181e-05,3.7956e-05,-2.0638e-06,-1.4584e-05,4.4963e-07
1.0941,1.0942,9.6706e-06,6.9224e-05,1.522e-05,0.00013851,0.0048571,5.5431e-06,6.9224e-05,-2.1213e-06
1.0941,1.0942,-3.5775e-06,1.1805e-06,-1.6118e-06,2.3623e-06,2.3423e-06,1.9657e-06,1.1805e-06,-4.186e-08
1.0971,1.0971,-6.4645e-06,-5.8093e-05,-1.1952e-05,-0.00011624,-1.0708e-05,-5.4817e-06,-5.8093e-05,1.7827e-06
1.0971,1.0971,1.7128e-06,-1.9421e-05,-2.0578e-06,-3.8861e-05,0.0019095,-3.7688e-06,-1.9421e-05,6.0187e-07
1.0991,1.099,-1.3628e-06,-3.8754e-05,-6.4981e-06,-7.7543e-05,3.05e-06,-5.1317e-06,-3.8754e-05,1.1937e-06
1.0989,1.0988,1.883e-06,-1.5372e-05,-1.367e-06,-3.0758e-05,0.0011232,-3.2486e-06,-1.5372e-05,4.7716e-07
1.0965,1.0966,4.777e-06,2.6133e-05,6.3078e-06,5.2291e-05,0.0020058,1.5283e-06,2.6133e-05,-7.9911e-07
1.0962,1.0963,-3.3493e-07,6.8399e-06,8.5918e-07,1.3686e-05,-9.8216e-07,1.1935e-06,6.8399e-06,-2.1156e-07
1.0962,1.0963,-6.1837e-07,1.7728e-06,-4.3072e-08,3.5472e-06,1.2858e-05,5.7513e-07,1.7728e-06,-5.5645e-08
1.0966,1.0966,-1.0157e-06,-6.3233e-06,-1.4569e-06,-1.2653e-05,7.2042e-06,-4.4063e-07,-6.3233e-06,1.9357e-07
1.0966,1.0966,6.729e-08,-2.265e-06,-3.0627e-07,-4.5321e-06,0.00021185,-3.7335e-07,-2.265e-06,6.9992e-08
1.0984,1.0983,-3.3163e-06,-3.5652e-05,-7.0092e-06,-7.1337e-05,3.692e-06,-3.6896e-06,-3.5652e-05,1.095e-06
1.0984,1.0983,1.232e-06,-1.2277e-05,-1.2268e-06,-2.4566e-05,0.0011432,-2.4577e-06,-1.2277e-05,3.8066e-07
1.092,1.092,9.7233e-06,8.0883e-05,1.6997e-05,0.00016184,0.0046015,7.2657e-06,8.0883e-05,-2.4809e-06
1.092,1.092,-4.8667e-06,-2.267e-07,-2.4677e-06,-4.5338e-07,-3.1954e-06,2.3991e-06,-2.267e-07,-4.1736e-10
1.092,1.092,-8.1099e-07,-1.1356e-07,-4.2249e-07,-2.272e-07,3.7475e-05,3.8851e-07,-1.1356e-07,2.2712e-09
1.0944,1.0944,-5.3971e-06,-4.8791e-05,-1.0022e-05,-9.7628e-05,-2.4962e-06,-4.6201e-06,-4.8791e-05,1.4973e-06
1.0944,1.0944,1.456e-06,-1.6244e-05,-1.7097e-06,-3.2503e-05,0.0016082,-3.1642e-06,-1.6244e-05,5.0342e-07
1.0935,1.0934,2.8069e-06,6.9863e-06,2.4503e-06,1.3979e-05,0.0011704,-3.572e-07,6.9863e-06,-2.1128e-07
1.0935,1.0934,2.2529e-07,-1.282e-07,9.3417e-08,-2.5653e-07,3.4402e-06,-1.3186e-07,-1.282e-07,4.2963e-09
1.0947,1.0947,-2.593e-06,-2.637e-05,-5.2544e-06,-5.2764e-05,-1.7499e-06,-2.6589e-06,-2.637e-05,8.0972e-07
1.0947,1.0947,9.6374e-07,-8.0886e-06,-7.3218e-07,-1.6185e-05,0.00086736,-1.6952e-06,-8.0886e-06,2.5105e-07
1.0947,1.0947,9.2688e-07,-2.0304e-06,1.5846e-07,-4.0628e-06,0.00026715,-7.6822e-07,-2.0304e-06,6.4061e-08
1.0947,1.0947,5.1151e-07,-6.321e-09,2.5477e-07,-1.2672e-08,7.7927e-05,-2.5675e-07,-6.321e-09,9.714e-10
1.0947,1.0947,1.7054e-07,-6.167e-09,8.4335e-08,-1.2348e-08,3.7264e-05,-8.6207e-08,-6.167e-09,4.4955e-10
1.0957,1.0957,-1.9098e-06,-2.0248e-05,-3.9939e-06,-4.0514e-05,-7.7586e-07,-2.0822e-06,-2.0248e-05,6.2185e-07
1.0963,1.0962,-1.272e-07,-1.5153e-05,-2.338e-06,-3.0321e-05,0.00030062,-2.2094e-06,-1.5153e-05,4.6737e-07
1.0963,1.0962,8.7041e-07,-6.0233e-06,-4.6915e-07,-1.2052e-05,0.00046552,-1.339e-06,-6.0233e-06,1.8718e-07
1.0963,1.0962,5.9394e-07,-2.9864e-06,-1.5139e-07,-5.9755e-06,0.0001728,-7.4506e-07,-2.9864e-06,9.305e-08
1.0963,1.0962,2.9956e-07,-1.9709e-06,-1.4608e-07,-3.9436e-06,9.6213e-05,-4.4546e-07,-1.9709e-06,6.127e-08
1.0956,1.0956,1.1123e-06,8.1544e-06,1.78e-06,1.6316e-05,0.00047076,6.6688e-07,8.1544e-06,-2.4992e-07
1.0956,1.0956,-4.3967e-07,4.9318e-08,-2.1246e-07,9.8702e-08,5.0358e-06,2.272e-07,4.9318e-08,-2.1885e-09
1.0956,1.0956,-7.3234e-08,2.4962e-08,-3.2865e-08,4.995e-08,3.7443e-05,4.0366e-08,2.4962e-08,-8.8156e-10
1.0956,1.0956,-4.8774e-08,5.043e-08,-1.6814e-08,1.0091e-07,5.9846e-05,3.1956e-08,5.043e-08,-1.6302e-09
1.0956,1.0956,-2.3479e-07,-1.9219e-06,-4.0585e-07,-3.8455e-06,9.7547e-05,-1.7088e-07,-1.9219e-06,5.8944e-08
1.0956,1.0956,-7.7869e-08,-1.9179e-06,-3.268e-07,-3.8376e-06,0.00013082,-2.4875e-07,-1.9179e-06,5.906e-08
1.0956,1.0956,1.5105e-07,-1.806e-06,-1.9557e-07,-3.6137e-06,0.00014251,-3.4645e-07,-1.806e-06,5.5956e-08
1.0979,1.0978,-4.3001e-06,-4.531e-05,-8.9508e-06,-9.0663e-05,-1.1779e-06,-4.6465e-06,-4.531e-05,1.3916e-06
1.1,1.0999,-1.5284e-06,-4.6261e-05,-7.7076e-06,-9.2564e-05,8.8672e-05,-6.1749e-06,-4.6261e-05,1.4251e-06
1.1,1.1,-1.0061e-06,-9.239e-05,-1.4371e-05,-0.00018487,0.00021866,-1.3356e-05,-9.239e-05,2.8492e-06
1.0756,1.0757,4.4976e-05,0.00027278,6.3266e-05,0.0005458,0.022308,1.8265e-05,0.00027278,-8.348e-06
1.0756,1.0757,-5.9655e-06,1.2255e-06,-2.7988e-06,2.4524e-06,-6.4801e-06,3.1666e-06,1.2255e-06,-4.6839e-08
1.0861,1.0861,-2.2039e-05,-0.00020983,-4.2514e-05,-0.00041986,9.0011e-06,-2.0456e-05,-0.00020983,6.4411e-06
1.0937,1.0937,-3.6293e-06,-0.00017267,-2.773e-05,-0.00034549,0.0018419,-2.4084e-05,-0.00017267,5.3222e-06
1.0937,1.0937,1.0399e-05,-5.6337e-05,-3.2912e-06,-0.00011273,0.0056973,-1.3685e-05,-5.6337e-05,1.7542e-06
1.0976,1.0975,-3.2688e-06,-7.8304e-05,-1.3387e-05,-0.00015668,6.2085e-06,-1.0111e-05,-7.8304e-05,2.4112e-06
1.0975,1.0975,4.0013e-06,-2.7359e-05,-2.111e-06,-5.4744e-05,0.0024941,-6.1097e-06,-2.7359e-05,8.5031e-07
1.0874,1.0875,1.6814e-05,0.00012756,2.753e-05,0.00025525,0.0076009,1.0704e-05,0.00012756,-3.9105e-06
1.0709,1.0709,1.9432e-05,0.00026576,4.9592e-05,0.00053178,0.0068723,3.0136e-05,0.00026576,-8.1709e-06
1.0709,1.0709,-2.015e-05,-5.896e-07,-1.0163e-05,-1.1788e-06,-5.5653e-06,9.9864e-06,-5.896e-07,-1.2336e-08
1.0709,1.0709,-3.358e-06,-2.9545e-07,-1.723e-06,-5.9103e-07,7.7663e-05,1.635e-06,-2.9545e-07,4.0114e-09
1.0709,1.0709,-1.1193e-06,-2.9428e-07,-6.0371e-07,-5.8879e-07,7.7644e-05,5.1566e-07,-2.9428e-07,7.3787e-09
1.0709,1.0709,-7.4618e-07,-5.8693e-07,-4.6111e-07,-1.1744e-06,9.1278e-05,2.8512e-07,-5.8693e-07,1.6976e-08
1.0855,1.0855,-2.9838e-05,-0.00029458,-5.9134e-05,-0.00058944,1.3057e-05,-2.9268e-05,-0.00029458,9.0443e-06
1.0855,1.0855,1.0074e-05,-9.4403e-05,-9.1304e-06,-0.00018889,0.0096868,-1.9195e-05,-9.4403e-05,2.9281e-06
1.0922,1.0921,-7.0879e-06,-0.00013486,-2.3786e-05,-0.00026985,1.1243e-05,-1.6685e-05,-0.00013486,4.1504e-06
1.0961,1.096,1.4247e-06,-9.695e-05,-1.3845e-05,-0.00019399,0.0018045,-1.526e-05,-9.695e-05,2.9936e-06
1.0961,1.096,6.8652e-06,-3.2979e-05,-1.5327e-06,-6.5989e-05,0.0031656,-8.3948e-06,-3.2979e-05,1.028e-06
1.0961,1.096,4.3926e-06,-1.2009e-05,3.8888e-07,-2.4029e-05,0.0010676,-4.0025e-06,-1.2009e-05,3.7725e-07
1.0961,1.096,2.173e-06,-4.9457e-06,3.4325e-07,-9.8962e-06,0.00036816,-1.8293e-06,-4.9457e-06,1.5591e-07
1.0961,1.096,1.0287e-06,-1.9071e-06,2.279e-07,-3.816e-06,0.0001725,-8.0061e-07,-1.9071e-06,6.041e-08
1.0978,1.0977,-2.9956e-06,-3.5294e-05,-6.7952e-06,-7.0621e-05,-2.6008e-06,-3.7963e-06,-3.5294e-05,1.0845e-06
1.0988,1.0988,-1.8256e-07,-2.7134e-05,-4.164e-06,-5.4293e-05,0.00043414,-3.9789e-06,-2.7134e-05,8.3696e-07
1.1,1.1,-5.907e-08,-2.7116e-05,-4.0995e-06,-5.4257e-05,5.8182e-05,-4.0379e-06,-2.7116e-05,8.366e-07
1.0992,1.0991,1.692e-06,-3.6905e-05,-4.6953e-06,-7.3844e-05,0.00083471,-6.3838e-06,-3.6905e-05,1.1413e-06
1.099,1.0989,2.693e-06,-1.5612e-05,-9.9928e-07,-3.1238e-05,0.0010444,-3.6909e-06,-1.5612e-05,4.8582e-07
1.099,1.0989,9.5449e-07,-2.7565e-06,6.3311e-08,-5.5156e-06,0.00022638,-8.9091e-07,-2.7565e-06,8.6509e-08
1.099,1.0989,4.1969e-07,-1.7425e-06,-5.1729e-08,-3.4866e-06,7.8507e-05,-4.7126e-07,-1.7425e-06,5.4404e-08
1.099,1.0989,2.4137e-07,-7.2809e-07,1.1382e-08,-1.4569e-06,5.8735e-05,-2.2991e-07,-7.2809e-07,2.2831e-08
1.0995,1.0994,-1.0324e-06,-1.1856e-05,-2.2958e-06,-2.3724e-05,2.62e-05,-1.2623e-06,-1.1856e-05,3.6427e-07
1.0995,1.0994,3.6643e-07,-4.7509e-06,-5.2989e-07,-9.5063e-06,0.00035907,-8.9587e-07,-4.7509e-06,1.4713e-07
1.0987,1.0987,1.3371e-06,7.4004e-06,1.7791e-06,1.4808e-05,0.00062365,4.4128e-07,7.4004e-06,-2.2631e-07
1.0987,1.0987,-3.6485e-07,-7.0633e-07,-2.8848e-07,-1.4133e-06,3.7252e-05,7.6434e-08,-7.0633e-07,2.1244e-08
1.0974,1.0974,1.7613e-06,1.7868e-05,3.5626e-06,3.5752e-05,0.00087819,1.7995e-06,1.7868e-05,-5.4865e-07
1.0974,1.0974,-1.2363e-06,-3.6633e-07,-6.7317e-07,-7.3295e-07,-6.0647e-07,5.6318e-07,-3.6633e-07,9.4334e-09
1.0974,1.0974,-2.0599e-07,-1.8256e-07,-1.3038e-07,-3.6527e-07,4.3539e-05,7.5621e-08,-1.8256e-07,5.32e-09
1.0974,1.0974,-1.3722e-07,-3.6399e-07,-1.2323e-07,-7.2832e-07,6.8911e-05,1.4025e-08,-3.6399e-07,1.1023e-08
1.0974,1.0974,-9.1351e-08,-7.2658e-07,-1.5472e-07,-1.4538e-06,5.4637e-05,-6.3304e-08,-7.2658e-07,2.228e-08
1.0976,1.0976,-2.6305e-07,-3.4746e-06,-6.5304e-07,-6.9524e-06,3.4812e-05,-3.8966e-07,-3.4746e-06,1.0681e-07
1.0977,1.0977,-8.7136e-08,-3.4691e-06,-5.6426e-07,-6.9414e-06,9.4175e-05,-4.768e-07,-3.4691e-06,1.0691e-07
1.0976,1.0976,5.5027e-07,-8.54e-07,1.4686e-07,-1.7088e-06,0.00032753,-4.0333e-07,-8.54e-07,2.7191e-08
1.0973,1.0974,3.9536e-07,2.6094e-06,5.893e-07,5.2211e-06,0.00019274,1.937e-07,2.6094e-06,-7.9913e-08
1.097,1.0971,4.3509e-07,5.6423e-06,1.0644e-06,1.129e-05,0.00016312,6.2879e-07,5.6423e-06,-1.7344e-07
1.0968,1.0968,1.4441e-07,5.6361e-06,9.1814e-07,1.1278e-05,7.2736e-05,7.732e-07,5.6361e-06,-1.7369e-07
1.0968,1.0968,-1.1191e-06,-8.8209e-07,-6.9196e-07,-1.7649e-06,3.4021e-05,4.2726e-07,-8.8209e-07,2.551e-08
1.0968,1.0968,-1.8636e-07,-4.3954e-07,-1.5913e-07,-8.7948e-07,7.3133e-05,2.7269e-08,-4.3954e-07,1.3279e-08
1.0968,1.0968,-1.2399e-07,-8.7648e-07,-1.9353e-07,-1.7538e-06,0.00014896,-6.9461e-08,-8.7648e-07,2.6856e-08
1.0968,1.0968,-8.2289e-08,-1.7491e-06,-3.0366e-07,-3.4998e-06,0.00017377,-2.2121e-07,-1.7491e-06,5.3845e-08
1.0968,1.0968,1.4814e-07,-1.4679e-06,-1.4627e-07,-2.9372e-06,0.00022716,-2.9428e-07,-1.4679e-06,4.5516e-08
1.094,1.094,3.8713e-06,3.7733e-05,7.599e-06,7.5501e-05,0.0018945,3.7242e-06,3.7733e-05,-1.1584e-06
1.0943,1.0942,-1.6842e-06,-4.4281e-06,-1.5068e-06,-8.8602e-06,2.9888e-06,1.7782e-07,-4.4281e-06,1.3407e-07
1.0952,1.0952,-2.1016e-06,-2.0423e-05,-4.1161e-06,-4.0864e-05,2.1701e-05,-2.0126e-06,-2.0423e-05,6.2697e-07
1.0952,1.0952,7.2083e-07,-6.2097e-06,-5.7152e-07,-1.2425e-05,0.00067494,-1.2918e-06,-6.2097e-06,1.9268e-07
1.0952,1.0952,3.222e-07,-1.0836e-06,-1.5978e-09,-2.1683e-06,0.00015373,-3.2369e-07,-1.0836e-06,3.3926e-08
1.0977,1.0976,-4.6478e-06,-4.8636e-05,-9.6238e-06,-9.7317e-05,1.5946e-06,-4.9715e-06,-4.8636e-05,1.4936e-06
1.0977,1.0976,1.604e-06,-1.7103e-05,-1.7653e-06,-3.4223e-05,0.0015676,-3.3676e-06,-1.7103e-05,5.3014e-07
1.0952,1.0952,4.9837e-06,2.7408e-05,6.6024e-06,5.4842e-05,0.0021636,1.6161e-06,2.7408e-05,-8.3812e-07
1.0952,1.0952,-9.7502e-07,1.0238e-06,-3.3384e-07,2.0486e-06,-3.4911e-06,6.4108e-07,1.0238e-06,-3.3081e-08
1.0952,1.0952,-3.6488e-07,-1.5119e-06,-4.0934e-07,-3.0251e-06,5.3279e-05,-4.4326e-08,-1.5119e-06,4.6095e-08
1.0952,1.0952,-1.2134e-07,-1.509e-06,-2.8715e-07,-3.0194e-06,8.6229e-05,-1.6567e-07,-1.509e-06,4.6376e-08
1.0952,1.0952,1.2198e-07,-9.8904e-07,-8.7465e-08,-1.979e-06,0.00015177,-2.0936e-07,-9.8904e-07,3.0703e-08
1.0952,1.0952,4.0845e-08,-9.8716e-07,-1.2775e-07,-1.9753e-06,0.00011414,-1.6851e-07,-9.8716e-07,3.0522e-08
1.0952,1.0952,2.7565e-08,-1.9711e-06,-2.8208e-07,-3.944e-06,9.7253e-05,-3.0946e-07,-1.9711e-06,6.0861e-08
1.0927,1.0928,3.5623e-06,3.1499e-05,6.5086e-06,6.3027e-05,0.0017628,2.9434e-06,3.1499e-05,-9.6652e-07
1.0927,1.0928,-9.2624e-07,5.4922e-07,-3.8072e-07,1.099e-06,2.2584e-05,5.4546e-07,5.4922e-07,-1.836e-08
1.0928,1.0927,-2.5544e-07,-7.3629e-07,-2.382e-07,-1.4733e-06,0.00010907,1.7301e-08,-7.3629e-07,2.2331e-08
1.0928,1.0927,-1.8614e-07,-1.7461e-06,-3.5515e-07,-3.4939e-06,9.3762e-05,-1.6884e-07,-1.7461e-06,5.3596e-08
1.0946,1.0946,-3.7042e-06,-3.8167e-05,-7.5808e-06,-7.637e-05,-4.8126e-07,-3.873e-06,-3.8167e-05,1.1721e-06
1.0953,1.0953,3.9323e-07,-2.1887e-05,-3.0886e-06,-4.3795e-05,0.00078932,-3.4798e-06,-2.1887e-05,6.7601e-07
1.0953,1.0953,1.5487e-06,-7.7066e-06,-3.832e-07,-1.542e-05,0.00072149,-1.9311e-06,-7.7066e-06,2.4014e-07
1.0953,1.0953,9.2086e-07,-3.6638e-06,-8.9818e-08,-7.3311e-06,0.00026823,-1.0103e-06,-3.6638e-06,1.1445e-07
1.0953,1.0953,5.0985e-07,-1.6362e-06,9.2363e-09,-3.2739e-06,0.00016559,-5.0045e-07,-1.6362e-06,5.1257e-08
1.0913,1.0914,5.535e-06,5.2019e-05,1.0574e-05,0.00010409,0.0026884,5.0345e-06,5.2019e-05,-1.5967e-06
1.0913,1.0914,-3.3215e-06,3.482e-07,-1.6086e-06,6.9688e-07,1.5379e-06,1.7129e-06,3.482e-07,-1.581e-08
1.0957,1.0957,-9.2547e-06,-8.6837e-05,-1.7661e-05,-0.00017375,1.9994e-06,-8.3982e-06,-8.6837e-05,2.6654e-06
1.0927,1.0926,6.7967e-06,1.197e-05,5.1962e-06,2.395e-05,0.0048889,-1.6016e-06,1.197e-05,-3.5902e-07
1.0927,1.0927,7.9532e-07,-2.7239e-06,-1.1219e-08,-5.4503e-06,-4.5789e-06,-8.0628e-07,-2.7239e-06,8.5263e-08
1.0964,1.0964,-7.1519e-06,-7.4207e-05,-1.4714e-05,-0.00014848,2.8372e-06,-7.5551e-06,-7.4207e-05,2.2789e-06
1.0928,1.0928,7.3856e-06,2.3492e-05,7.2184e-06,4.7007e-05,0.0048395,-1.6945e-07,2.3492e-05,-7.1364e-07
1.0928,1.0928,1.9008e-07,7.7086e-07,2.1079e-07,1.5424e-06,-7.2664e-06,2.0633e-08,7.7086e-07,-2.3496e-08
1.0928,1.0928,3.1646e-08,3.8525e-07,7.3644e-08,7.7086e-07,4.0812e-05,4.1961e-08,3.8525e-07,-1.1839e-08
1.0914,1.0915,1.7417e-06,1.7977e-05,3.5691e-06,3.5971e-05,0.00087391,1.8257e-06,1.7977e-05,-5.5205e-07
1.0928,1.0928,-3.8733e-06,-2.6562e-05,-5.9234e-06,-5.3148e-05,1.4782e-06,-2.0476e-06,-2.6562e-05,8.137e-07
1.0971,1.097,-7.2572e-06,-8.6223e-05,-1.657e-05,-0.00017253,4.4612e-06,-9.3048e-06,-8.6223e-05,2.6494e-06
1.097,1.097,3.288e-06,-2.9139e-05,-2.7316e-06,-5.8305e-05,0.0027942,-6.0168e-06,-2.9139e-05,9.0413e-07
1.097,1.097,3.0978e-06,-9.1157e-06,1.7799e-07,-1.824e-05,0.00096826,-2.919e-06,-9.1157e-06,2.8599e-07
1.097,1.097,1.6394e-06,-3.0623e-06,3.5952e-07,-6.1275e-06,0.00030119,-1.2796e-06,-3.0623e-06,9.6985e-08
1.0909,1.0909,9.0487e-06,8.1981e-05,1.6826e-05,0.00016404,0.0041994,7.7691e-06,8.1981e-05,-2.5158e-06
1.091,1.0909,-5.1882e-06,-8.7733e-08,-2.6072e-06,-1.7531e-07,-1.2843e-07,2.5809e-06,-8.7733e-08,-5.2333e-09
1.093,1.093,-5.1141e-06,-4.2538e-05,-8.9418e-06,-8.5116e-05,-1.7548e-06,-3.8237e-06,-4.2538e-05,1.3048e-06
1.093,1.093,1.1425e-06,-1.407e-05,-1.5401e-06,-2.8153e-05,0.0013992,-2.6812e-06,-1.407e-05,4.3591e-07
1.0918,1.0919,2.9066e-06,1.1201e-05,3.1331e-06,2.2413e-05,0.0012322,2.2544e-07,1.1201e-05,-3.4119e-07
1.0918,1.0919,-1.4663e-07,3.6401e-08,-6.7842e-08,7.2842e-08,-1.1941e-06,7.8787e-08,3.6401e-08,-1.3456e-09
1.096,1.0959,-8.2441e-06,-8.1916e-05,-1.6417e-05,-0.00016391,1.2002e-06,-8.1653e-06,-8.1916e-05,2.5151e-06
1.096,1.0959,2.6533e-06,-2.7901e-05,-2.8613e-06,-5.5827e-05,0.0026604,-5.512e-06,-2.7901e-05,8.6499e-07
1.096,1.0959,2.5841e-06,-1.0892e-05,-3.4503e-07,-2.1794e-05,0.00089413,-2.928e-06,-1.0892e-05,3.4e-07
1.0959,1.0959,1.6709e-06,-2.8068e-06,4.1359e-07,-5.6164e-06,0.00036019,-1.2571e-06,-2.8068e-06,8.9138e-08
1.0959,1.0959,7.5968e-07,-7.8317e-07,2.6219e-07,-1.5671e-06,9.5645e-05,-4.9742e-07,-7.8317e-07,2.5322e-08
1.0959,1.0959,2.5337e-07,-7.821e-07,9.2773e-09,-1.5649e-06,4.1826e-05,-2.4402e-07,-7.821e-07,2.4518e-08
1.0959,1.0959,1.6919e-07,-1.5616e-06,-1.4982e-07,-3.1247e-06,6.7808e-05,-3.1885e-07,-1.5616e-06,4.8441e-08
1.0959,1.0959,3.1566e-07,-1.0945e-06,-6.4768e-09,-2.19e-06,0.000122,-3.2204e-07,-1.0945e-06,3.4251e-08
1.0965,1.0964,-8.0525e-07,-1.0199e-05,-1.9335e-06,-2.0408e-05,2.8449e-06,-1.1273e-06,-1.0199e-05,3.1349e-07
1.0965,1.0964,4.4175e-07,-3.0976e-06,-2.4409e-07,-6.1982e-06,0.00030305,-6.8555e-07,-3.0976e-06,9.6263e-08
1.0983,1.0983,-3.2927e-06,-3.7497e-05,-7.2745e-06,-7.503e-05,3.5488e-06,-3.9783e-06,-3.7497e-05,1.152e-06
1.0983,1.0983,1.3419e-06,-1.3101e-05,-1.2956e-06,-2.6214e-05,0.0012367,-2.6363e-06,-1.3101e-05,4.0625e-07
1.0983,1.0983,1.2536e-06,-5.0356e-06,-1.2948e-07,-1.0076e-05,0.00043348,-1.3827e-06,-5.0356e-06,1.5727e-07
1.0983,1.0983,8.23e-07,-9.8634e-07,2.633e-07,-1.9736e-06,0.00017654,-5.596e-07,-9.8634e-07,3.1686e-08
1.0983,1.0983,2.7451e-07,-9.8546e-07,-1.069e-08,-1.9719e-06,8.2284e-05,-2.8511e-07,-9.8546e-07,3.0825e-08
1.0983,1.0983,3.857e-07,5.5824e-08,2.012e-07,1.1168e-07,8.1519e-05,-1.8451e-07,5.5824e-08,-1.1368e-09
1.0992,1.0991,-1.5914e-06,-1.7144e-05,-3.369e-06,-3.4305e-05,1.4522e-06,-1.7759e-06,-1.7144e-05,5.2659e-07
1.0943,1.0943,7.1723e-06,5.9885e-05,1.2574e-05,0.00011983,0.0037606,5.3964e-06,5.9885e-05,-1.8369e-06
1.0957,1.0957,-6.3256e-06,-2.7279e-05,-7.2573e-06,-5.4584e-05,-6.5349e-06,-9.2917e-07,-2.7279e-05,8.3213e-07
1.0957,1.0957,-2.7914e-07,-8.9952e-06,-1.4882e-06,-1.7999e-05,0.00089737,-1.2083e-06,-8.9952e-06,2.7714e-07
1.0957,1.0957,5.1171e-07,-2.9374e-06,-1.8516e-07,-5.8776e-06,0.00030609,-6.9659e-07,-2.9374e-06,9.1418e-08
1.0957,1.0957,3.7315e-07,-9.117e-07,4.9678e-08,-1.8243e-06,0.00015066,-3.2339e-07,-9.117e-07,2.87e-08
1.0979,1.0978,-4.2261e-06,-4.4417e-05,-8.7797e-06,-8.8875e-05,-6.4673e-07,-4.5495e-06,-4.4417e-05,1.3641e-06
1.0979,1.0978,1.5399e-06,-1.493e-05,-1.4711e-06,-2.9875e-05,0.0014287,-3.0097e-06,-1.493e-05,4.6301e-07
1.0979,1.0978,1.419e-06,-5.8695e-06,-1.7212e-07,-1.1745e-05,0.00046388,-1.5906e-06,-5.8695e-06,1.8327e-07
1.0979,1.0978,7.7703e-07,-2.8329e-06,-3.681e-08,-5.6684e-06,0.00016394,-8.1357e-07,-2.8329e-06,8.8594e-08
1.099,1.0989,-1.8653e-06,-2.4077e-05,-4.5465e-06,-4.8177e-05,-1.4956e-06,-2.6789e-06,-2.4077e-05,7.401e-07
1.099,1.0989,9.0156e-07,-8.8426e-06,-8.7661e-07,-1.7693e-05,0.00075226,-1.7773e-06,-8.8426e-06,2.742e-07
1.099,1.0989,8.0587e-07,-3.7892e-06,-1.6602e-07,-7.5819e-06,0.00025963,-9.7153e-07,-3.7892e-06,1.1814e-07
1.0996,1.0995,-6.416e-07,-1.2893e-05,-2.2559e-06,-2.5798e-05,2.6373e-05,-1.6131e-06,-1.2893e-05,3.9685e-07
1.0965,1.0965,4.6497e-06,3.5748e-05,7.6897e-06,7.1529e-05,0.0024224,3.0366e-06,3.5748e-05,-1.096e-06
1.0965,1.0965,-2.1001e-06,-7.5707e-07,-1.1637e-06,-1.5148e-06,1.3535e-07,9.3648e-07,-7.5707e-07,2.0134e-08
1.0983,1.0982,-3.8911e-06,-3.579e-05,-7.3173e-06,-7.1613e-05,1.7589e-06,-3.4229e-06,-3.579e-05,1.0984e-06
1.0983,1.0982,1.0406e-06,-1.2414e-05,-1.3428e-06,-2.484e-05,0.001147,-2.3823e-06,-1.2414e-05,3.8463e-07
1.0983,1.0982,1.0522e-06,-5.3569e-06,-2.7838e-07,-1.0719e-05,0.00037762,-1.33e-06,-5.3569e-06,1.669e-07
1.0983,1.0982,6.5479e-07,-2.3182e-06,-2.0639e-08,-4.6385e-06,0.00015742,-6.7521e-07,-2.3182e-06,7.2526e-08
1.0992,1.0991,-1.5015e-06,-1.9516e-05,-3.68e-06,-3.9051e-05,-2.9341e-06,-2.1767e-06,-1.9516e-05,5.9991e-07
1.0992,1.0991,8.192e-07,-6.3191e-06,-5.3899e-07,-1.2644e-05,0.00060661,-1.3576e-06,-6.3191e-06,1.9623e-07
1.0992,1.0991,5.7626e-07,-3.2872e-06,-2.0539e-07,-6.5775e-06,0.00018836,-7.8134e-07,-3.2872e-06,1.023e-07
1.0967,1.0967,3.6342e-06,3.1138e-05,6.49e-06,6.2305e-05,0.0017066,2.8529e-06,3.1138e-05,-9.5527e-07
1.0976,1.0976,-3.6491e-06,-1.7472e-05,-4.4469e-06,-3.496e-05,-3.9674e-07,-7.9626e-07,-1.7472e-05,5.3355e-07
1.0993,1.0992,-2.7319e-06,-3.2627e-05,-6.263e-06,-6.5284e-05,-1.7208e-06,-3.5281e-06,-3.2627e-05,1.0026e-06
1.1,1.1,-9.0618e-07,-3.2582e-05,-5.3435e-06,-6.5195e-05,7.8366e-05,-4.4343e-06,-3.2582e-05,1.004e-06
1.0987,1.0987,2.0436e-06,-3.8672e-05,-4.7852e-06,-7.738e-05,0.001286,-6.8251e-06,-3.8672e-05,1.1964e-06
1.095,1.095,8.1792e-06,3.6357e-05,9.5365e-06,7.2748e-05,0.0037383,1.3539e-06,3.6357e-05,-1.1094e-06
1.0966,1.0966,-4.1689e-06,-3.2663e-05,-6.987e-06,-6.5357e-05,2.1764e-06,-2.815e-06,-3.2663e-05,1.0015e-06
1.0966,1.0966,8.4585e-07,-1.0311e-05,-1.1243e-06,-2.0632e-05,0.0010744,-1.9691e-06,-1.0311e-05,3.1942e-07
1.0966,1.0966,8.8631e-07,-4.2628e-06,-1.9698e-07,-8.5296e-06,0.00034735,-1.0829e-06,-4.2628e-06,1.3289e-07
1.0966,1.0966,4.9823e-07,-2.2358e-06,-8.6551e-08,-4.4737e-06,0.00018118,-5.8457e-07,-2.2358e-06,6.975e-08
1.0984,1.0983,-3.1725e-06,-3.5622e-05,-6.9329e-06,-7.1277e-05,-3.3935e-06,-3.7571e-06,-3.5622e-05,1.0943e-06
1.0984,1.0983,1.2798e-06,-1.2248e-05,-1.1986e-06,-2.4507e-05,0.0011381,-2.4773e-06,-1.2248e-05,3.7983e-07
1.0984,1.0983,1.1322e-06,-5.1897e-06,-2.1324e-07,-1.0384e-05,0.00037977,-1.345e-06,-5.1897e-06,1.6185e-07
1.0993,1.0993,-1.0387e-06,-1.9353e-05,-3.4242e-06,-3.8725e-05,8.1437e-06,-2.3837e-06,-1.9353e-05,5.9559e-07
1.1,1.1,-3.4365e-07,-1.9328e-05,-3.0728e-06,-3.8674e-05,5.5889e-05,-2.7274e-06,-1.9328e-05,5.9585e-07
1.1,1.1,-2.241e-07,-3.8605e-05,-5.9066e-06,-7.7247e-05,8.9994e-05,-5.6789e-06,-3.8605e-05,1.1909e-06
1.0985,1.0985,2.907e-06,-4.6614e-05,-5.5484e-06,-9.3271e-05,0.0015254,-8.451e-06,-4.6614e-05,1.4428e-06
1.0985,1.0984,2.0017e-06,-8.1432e-06,-2.2268e-07,-1.6294e-05,0.00077013,-2.2237e-06,-8.1432e-06,2.543e-07
1.0985,1.0984,4.3475e-07,-3.064e-06,-2.4259e-07,-6.131e-06,0.00011116,-6.7705e-07,-3.064e-06,9.5205e-08
1.0985,1.0984,2.4656e-07,-2.0479e-06,-1.8413e-07,-4.0978e-06,8.3732e-05,-4.3049e-07,-2.0479e-06,6.3567e-08
1.0985,1.0984,1.8368e-07,-1.0332e-06,-6.3251e-08,-2.0674e-06,6.2458e-05,-2.4683e-07,-1.0332e-06,3.2159e-08
1.0992,1.0992,-1.5575e-06,-1.722e-05,-3.3634e-06,-3.4456e-05,4.7667e-06,-1.8043e-06,-1.722e-05,5.2898e-07
1.1,1.1,-5.1685e-07,-1.7197e-05,-2.8396e-06,-3.441e-05,5.3616e-05,-2.3212e-06,-1.7197e-05,5.2985e-07
1.0993,1.0993,1.0789e-06,-2.0154e-05,-2.4863e-06,-4.0328e-05,0.00069081,-3.5634e-06,-2.0154e-05,6.2353e-07
1.0993,1.0992,1.6767e-06,-6.9825e-06,-2.1065e-07,-1.3972e-05,0.00065121,-1.8866e-06,-6.9825e-06,2.1801e-07
1.0967,1.0968,3.8223e-06,3.1941e-05,6.7043e-06,6.3911e-05,0.001748,2.879e-06,3.1941e-05,-9.7974e-07
1.0976,1.0976,-3.5865e-06,-1.6671e-05,-4.2955e-06,-3.3358e-05,3.2332e-06,-7.0746e-07,-1.6671e-05,5.0896e-07
1.0992,1.0992,-2.8122e-06,-3.2838e-05,-6.3348e-06,-6.5706e-05,4.1685e-06,-3.5196e-06,-3.2838e-05,1.009e-06
1.0991,1.099,9.9361e-07,-1.3526e-05,-1.5337e-06,-2.7066e-05,0.00096619,-2.526e-06,-1.3526e-05,4.1889e-07
1.099,1.099,1.1394e-06,-5.4433e-06,-2.4777e-07,-1.0892e-05,0.00041871,-1.3866e-06,-5.4433e-06,1.6968e-07
1.099,1.099,7.8498e-07,-1.3935e-06,1.8322e-07,-2.7883e-06,0.00018333,-6.0162e-07,-1.3935e-06,4.419e-08
1.0995,1.0995,-7.4993e-07,-1.151e-05,-2.1026e-06,-2.3031e-05,2.6954e-05,-1.3516e-06,-1.151e-05,3.5402e-07
1.0995,1.0995,5.617e-07,-3.3933e-06,-2.2851e-07,-6.7898e-06,0.00037967,-7.899e-07,-3.3933e-06,1.0556e-07
