140.72
1.2771
0.54965
0.25332
0.093579
0.034661
0.047752
0.030754
0.033812
0.027495
0.029148
0.027378
0.026194
0.026065
0.026052
0.026239
0.026178
0.026364
0.0013484
0.00047922
0.00019096
0.00013185
7.3551e-05
0.00013153
7.3245e-05
0.00014859
0.00076683
0.0011215
0.0012553
0.00068283
0.00044571
8.0289e-05
0.0058002
0.0033811
0.0034553
0.0014003
0.0027471
0.00089665
0.000318
0.0028019
0.0014153
0.00054752
0.0079031
0.0016768
0.0050593
0.0048246
0.0026012
0.0033134
0.0014244
0.0020186
0.0020371
0.0018219
0.00048689
0.00012869
0.00036103
0.0029023
0.0020368
0.0051919
0.0056427
4.1864e-05
1.7116e-05
0.002787
0.0012133
0.00048876
7.5732e-06
0.001505
0.00046325
0.00011683
4.5417e-05
3.1547e-06
0.0012394
0.00086626
0.00034574
0.00017056
0.00051022
0.00057292
4.6911e-05
7.5371e-05
0.00012354
0.00013744
0.00021992
0.00091036
0.014555
0.014306
0.022516
0.0093489
4.382e-05
0.013487
0.0098857
0.0096057
0.0043859
0.0083555
0.015377
0.018646
8.5155e-05
8.4901e-05
9.4275e-05
0.0015036
0.016808
0.0034118
0.008344
0.0055485
0.0019036
0.00068901
0.00028293
0.00013408
0.0021988
0.0038866
0.0024108
0.0018875
0.0004485
0.00015864
9.9995e-05
0.0013027
0.00067831
0.00063419
0.00054431
0.0010627
0.0012471
4.7201e-05
7.2775e-05
5.6079e-05
8.484e-05
0.00020005
0.00041394
0.00022032
0.00033954
0.00045153
0.00081148
7.6107e-05
0.00015546
0.00017402
0.00024341
0.002291
0.0013186
0.0001424
0.0011661
0.00018854
0.00040908
0.002778
0.0021914
0.0019086
9.0616e-05
9.7173e-05
0.00018393
0.00011478
0.00011956
0.0020145
0.0011154
0.00014544
9.4918e-05
0.00012361
0.0022521
0.0012514
0.00044143
0.00021646
0.0032295
0.003634
0.00080039
0.0055485
0.00079685
0.001202
0.0051568
0.0016054
6.9348e-05
0.0011032
0.0012561
0.0033673
0.0049057
0.0016801
0.00052235
0.0050251
0.0057254
7.7144e-06
0.0024279
0.0012393
0.00078014
0.0021
0.0046744
0.0016082
0.00062346
0.00016053
4.8942e-05
9.1523e-05
0.00017986
7.522e-05
0.00058351
0.0090013
0.0021409
0.00075139
0.00028831
8.3083e-05
0.0001144
0.0097001
0.0040394
0.0059784
0.001557
0.00051545
0.00018044
0.00090148
0.0025373
0.00085794
0.0003374
0.0020053
0.0013599
0.00050742
0.013801
0.0025585
0.0024939
0.0010014
0.0020446
0.00071292
0.0003071
0.0165
0.00111
0.00036111
0.0019686
0.0017811
0.005173
0.0062525
0.0028795
0.0037434
0.0069344
0.0018643
0.00059135
0.00024871
0.0072018
0.0020325
0.00070217
0.0032104
0.0054452
0.0069021
0.0034133
0.0013209
0.00023481
0.00017629
0.00011723
0.0062003
0.0093315
0.0015203
0.0011222
0.0020121
0.0068837
0.012826
0.0016925
0.00076678
0.00031122
0.0056008
0.00065399
