544.33
8.0274
2.6643
3.9933
5.3376
3.005
0.3363
2.5006
2.6688
1.3765
0.042067
1.3134
1.3344
0.6725
0.0052634
0.66461
0.66723
0.33428
0.00067282
0.33327
0.33362
0.16688
0.00013961
0.16676
0.16681
0.083413
9.5779e-05
0.083399
0.083407
0.041703
7.7686e-05
0.041704
0.041704
0.020851
8.8475e-06
0.020852
0.020852
0.010427
0.00010369
0.010428
0.01043
0.0052121
8.2061e-05
0.0052144
0.0052143
0.002606
5.8049e-05
0.0026082
0.002624
0.001305
6.8447e-05
0.0013105
0.001311
0.00065653
7.4091e-05
0.00066839
0.00072198
0.0003316
0.00015364
0.00035429
0.00035477
0.0002169
0.00031124
0.00031673
0.00032172
0.00030941
0.00031092
0.00030752
0.00014426
0.00014312
0.00014273
0.0003108
0.00013394
0.00013383
0.00013376
0.00030677
0.00014279
0.00014272
0.00014265
0.00031071
0.00013406
0.000134
0.00013394
0.00030688
0.00014248
0.00014241
0.00014234
0.00031054
0.00013453
0.00013447
0.00013442
0.0003071
0.00014193
0.00014185
0.00014176
0.00031026
0.00030745
0.00031024
0.00030747
0.00031021
0.00030749
0.00031019
0.00030752
0.00014113
0.00014106
0.00014099
0.00030998
0.00013557
0.00013551
0.00013544
0.00030749
0.00014115
0.00014107
0.00014101
0.00030997
0.00013563
0.00013558
0.00013553
0.00030754
0.00014099
0.00014092
0.00014086
0.00030989
0.00013586
0.0001358
0.00013575
0.00030766
0.0001407
0.00014062
0.00014056
0.00030974
0.00013623
0.00013617
0.00013612
0.00030784
0.00014028
0.00014021
0.00014015
0.00013986
0.00013979
0.00013972
0.00013963
0.00013933
0.00013926
0.0001392
0.00013913
0.00013879
0.00013873
0.00013866
0.0001386
0.00013826
0.00013819
0.00013813
0.00013806
0.00013772
0.00013765
0.00013759
0.00013752
0.00013718
0.00013712
0.00013705
0.00013696
0.00013666
0.0001366
0.00013652
0.00013646
0.00013619
0.00013611
0.00013605
0.00013601
0.00013575
0.00013568
0.00013563
0.00013556
0.00013538
0.0001353
0.00013524
0.00013517
0.00013503
0.00013496
0.0001349
0.00013485
0.00013474
0.00013467
0.00013461
0.00013454
0.0003071
0.00014203
0.00014197
0.0001419
0.00014181
0.00014174
0.00014167
0.00014161
0.00014144
0.00014138
0.00014131
0.00014124
0.00014103
0.00014096
