141.28
0.32333
0.18745
0.06607
0.066588
0.064851
0.030992
0.0030155
0.0054344
0.0041186
0.007926
0.0020195
0.0039741
0.0010885
0.0020076
0.0039648
0.0010847
0.0020064
0.0039636
0.0010842
0.0020076
0.0039632
0.0010847
0.0020067
0.0039643
0.0010846
0.0020066
0.003964
0.0010845
0.0020065
0.0039638
0.0010843
0.0020063
0.0039635
0.0010842
0.0020075
0.0039632
0.0010847
0.0020067
0.0039643
0.0010846
0.0020066
0.003964
0.0010845
0.0020065
0.0039638
0.0010843
0.0020063
0.0039635
0.0010842
0.0020075
0.0039632
0.0010847
0.0020067
0.0039643
0.0010846
0.0020066
0.003964
0.0010845
0.0020065
0.0039638
0.0010843
0.0020063
0.0039635
0.0010842
0.0020075
0.0039632
0.0010847
0.0020067
0.0039643
0.0010846
0.0020066
0.003964
0.0010845
0.0020065
0.0039638
0.0010843
0.0020063
0.0039635
0.0010842
0.0020075
0.0039632
0.0010847
0.0020067
0.0039643
0.0010846
0.0020066
0.003964
0.0010845
0.0020065
0.0039638
0.0010843
0.0020063
0.0039635
0.0010842
0.0020075
0.0039632
0.0010847
0.0020067
0.0039643
0.0010846
0.0020066
