68.305
1.0984
0.15563
0.42736
0.18796
0.12571
0.24504
0.17096
0.17616
0.17884
0.17536
0.11816
0.19342
0.11032
0.10857
0.10629
0.10393
0.10208
0.081527
0.14705
0.14088
0.14121
0.14434
0.14653
0.090512
0.045928
0.077173
0.13808
0.15273
0.11769
0.10509
0.10147
0.061666
0.057585
0.028617
0.049053
0.049305
0.043803
0.083825
0.087802
0.088459
0.05144
0.050455
0.049843
0.049432
0.049195
0.031464
0.030615
0.030033
0.029625
0.029332
0.02912
0.028969
0.02886
0.028778
0.019264
0.028503
0.028484
0.018939
0.028313
0.028336
0.018803
0.026747
0.026417
0.017851
0.02637
0.026418
0.02736
0.026425
0.017915
0.024967
0.026122
0.025224
0.025402
0.025596
0.02667
0.025651
0.017522
0.017359
0.017638
0.016945
0.016811
0.016733
0.017063
0.016472
0.016388
0.016367
0.016752
0.016207
0.016165
0.016179
0.0113
0.015952
0.015941
0.010956
0.016311
0.015826
0.010861
0.015778
0.016239
