2.0041
0.037053
0.0022907
-0.033439
-0.03398
-0.03241
-0.033343
-0.032656
-0.019599
-0.018163
-0.017288
-0.016765
-0.016829
-0.010174
-0.0093058
-0.0087789
0.0037898
0.024722
0.019758
0.019762
0.01915
0.011774
0.011142
0.010807
0.010987
0.0063649
0.0058875
-0.0040848
-0.011141
-0.0060628
-0.00033032
0.003707
0.0025811
0.00067328
-0.0010458
-0.00092132
-0.00028649
0.00011594
0.00030668
0.00016578
8.4119e-06
-0.00010196
-5.2364e-05
-1.0507e-06
3.383e-05
1.7079e-05
1.6741e-07
-1.1206e-05
-5.6067e-06
-5.1929e-08
3.7299e-06
1.8698e-06
-3.3154e-08
-5.9062e-07
-3.8901e-07
-4.0903e-08
5.4172e-08
1.2221e-07
3.0045e-08
-4.8404e-08
-2.0314e-08
-1.8858e-08
-1.7403e-08
-1.5548e-08
-1.3693e-08
-1.1838e-08
-9.9823e-09
-8.5362e-09
-1.3482e-09
5.8405e-09
1.323e-08
7.2963e-09
1.3628e-09
-4.5708e-09
-1.0504e-08
-2.9139e-09
4.6767e-09
1.2267e-08
1.3197e-08
7.263e-09
1.1289e-09
-4.805e-09
-1.0739e-08
-3.3492e-09
4.0408e-09
1.1632e-08
1.2561e-08
6.8288e-09
1.0965e-09
-4.8362e-09
-1.0969e-08
-3.5788e-09
3.8113e-09
1.1201e-08
1.193e-08
-2.0448e-08
4.6491e-10
1.3936e-09
2.3223e-09
3.0507e-09
3.579e-09
