139.54
3.0965
2.0471
1.5952
1.3782
1.5548
1.7459
3.4555
2.8857
2.4636
2.2087
2.0553
3.7624
3.098
2.5928
2.2867
1.1942
1.0488
0.82669
0.96598
2.0348
1.7315
1.5128
1.3854
2.5085
2.055
1.646
0.93055
0.5081
0.28775
0.16604
0.095524
0.055151
0.061558
0.032736
0.018898
0.021742
0.012544
0.0068404
0.0039488
0.002278
0.0013106
0.0012858
0.00074084
0.00042731
0.00042408
0.00024396
0.00014077
0.00014047
8.1571e-05
4.7008e-05
4.6775e-05
2.792e-05
1.5266e-05
8.6138e-06
8.4761e-06
1.2173e-05
1.0159e-05
1.348e-06
1.8213e-06
3.6224e-06
5.6905e-06
7.7846e-06
2.8701e-06
2.2351e-06
7.1243e-06
1.2066e-05
1.9635e-05
1.0416e-05
1.5454e-06
1.5252e-06
3.1655e-06
5.1984e-06
7.3013e-06
9.4244e-06
4.4525e-06
1.1709e-06
5.7616e-06
1.0695e-05
8.5715e-06
1.1655e-06
2.9887e-06
5.0554e-06
7.0322e-06
9.1124e-06
4.2482e-06
1.5252e-06
5.997e-06
1.0947e-05
8.888e-06
1.2522e-06
2.5499e-06
4.5417e-06
6.6308e-06
8.6925e-06
3.8687e-06
1.646e-06
6.406e-06
1.1359e-05
9.2879e-06
1.0121e-06
