279.03
2.8262
1.0535
2.9665
3.3421
3.5772
3.778
2.9893
2.4908
2.2279
2.0684
1.9717
1.5871
1.3115
1.1543
0.89952
1.3433
2.0233
1.9889
2.1613
1.73
1.4893
1.3718
1.3042
1.0079
0.83346
0.49209
0.35573
0.90998
0.49517
0.026986
0.30277
0.21082
0.054993
0.085416
0.075252
0.023401
0.0094671
0.025053
0.013543
0.00068911
0.0083217
0.0042752
8.5774e-05
0.0027599
0.0013932
2.4842e-05
0.00091872
0.00045851
2.9828e-05
0.00030433
0.00015376
2.9792e-05
5.2901e-05
3.823e-05
2.018e-05
3.4788e-05
3.1218e-05
9.3426e-06
9.0772e-06
9.2949e-06
8.453e-06
2.9535e-05
1.9837e-05
1.9835e-05
1.9835e-05
3.4554e-05
1.4883e-05
1.4832e-05
4.4292e-06
4.7218e-06
4.3511e-06
4.348e-06
4.3468e-06
1.4924e-05
1.0096e-05
1.0088e-05
1.0211e-05
1.7423e-05
1.4824e-05
4.3864e-06
4.3795e-06
4.8836e-06
4.4797e-06
1.4817e-05
1.0218e-05
1.0124e-05
1.0034e-05
1.7344e-05
1.4783e-05
4.5798e-06
4.3559e-06
4.3528e-06
4.649e-06
1.4838e-05
1.0196e-05
9.9775e-06
9.9776e-06
1.7311e-05
1.4761e-05
4.1912e-06
