8.7842
0.042041
0.006461
0.012402
0.006393
0.0056492
0.01098
0.0076175
0.013028
0.010445
0.0032491
0.0042699
0.0060332
0.0046043
0.0048401
0.0041788
0.0054212
0.0026494
0.0013067
0.00062133
0.00061643
0.00057125
0.00055843
0.00055021
0.001318
0.0013995
0.00091272
0.00061614
0.000493
0.00044416
0.00042387
0.0027794
0.0023766
0.0017435
0.00076145
0.0010189
0.00065954
0.00072749
0.0043222
0.0039061
0.0030757
0.00051446
0.001943
0.0019914
0.0017208
0.00089585
0.0021295
0.0022074
0.0019871
0.0018161
0.0016213
0.0015391
0.0014069
0.0015117
0.00084654
0.001825
0.0013781
0.0012763
0.0006488
0.0013245
0.0023473
0.0014632
0.0012865
0.0011398
0.00096484
0.00074653
0.00069419
0.00067405
0.00039217
0.00035279
0.00048841
0.00053852
0.00036364
0.00043391
0.0004305
0.0010798
0.0010486
0.00063645
0.0011442
0.0022595
0.0015814
0.0011511
0.0018114
0.0017813
0.0014867
0.0011961
0.0011524
0.00088437
0.00080184
0.00076339
0.0044227
0.0018636
0.0022588
0.001163
0.0015778
0.0051964
0.0050184
0.0047327
0.0022422
0.0035955
