4.0065
0.074075
0.0044687
-0.00048012
-0.001938
-0.0013434
-0.00064345
-0.00026429
-0.00045856
-0.00058954
-0.00059887
-0.00081657
-0.0009332
-0.0011245
-0.00081006
-0.00017699
-0.0001471
-0.00017922
-0.0002261
-0.00011271
-0.0001186
-0.0001254
-0.00012717
-7.0372e-05
-6.0701e-05
-5.7605e-05
-5.7441e-05
-5.4811e-05
-5.6015e-05
-2.8648e-05
-2.7786e-05
3.107e-05
1.6279e-05
1.0346e-05
9.8592e-06
9.6967e-06
7.4176e-06
-4.3523e-05
-4.5933e-05
-4.7101e-05
-4.7722e-05
-4.8025e-05
-3.6064e-05
-9.7023e-06
1.5595e-06
2.9417e-06
3.1913e-06
-2.8803e-06
-4.3632e-06
-4.1906e-06
-3.5637e-06
-3.2746e-06
-3.1431e-06
-4.3569e-06
-4.31e-06
-8.9791e-07
2.0535e-06
9.9489e-07
6.3145e-07
5.097e-07
4.5042e-07
4.1654e-07
-4.1936e-06
2.0325e-06
3.4058e-06
3.8629e-06
4.0032e-06
4.0477e-06
1.9913e-06
-2.2505e-08
2.9593e-08
2.4768e-08
2.4116e-08
1.5138e-08
1.4751e-08
1.4751e-08
1.4124e-08
5.1655e-09
-6.3347e-08
-5.1682e-08
-6.1259e-08
-5.4179e-08
-4.7099e-08
-3.952e-08
-4.9099e-08
-8.6979e-09
-1.6161e-09
1.4296e-08
1.3045e-08
1.1795e-08
1.0549e-08
9.8006e-09
8.5541e-09
7.3083e-09
6.0656e-09
5.3213e-09
1.2409e-08
-5.4944e-09
9.946e-09
8.7221e-09
7.9951e-09
1.5102e-08
-2.7812e-09
-3.9946e-09
-4.7103e-09
-5.924e-09
-7.1347e-09
-8.3472e-09
-9.0607e-09
-1.0273e-08
-3.1551e-09
3.9605e-09
-5.0811e-09
2.0372e-09
9.1568e-09
7.9475e-09
6.7363e-09
6.0258e-09
4.8169e-09
3.6091e-09
1.0729e-08
1.002e-08
8.8127e-09
7.606e-09
1.473e-08
-3.137e-09
-3.8368e-09
-5.0327e-09
-6.2275e-09
-7.4212e-09
-8.1167e-09
-9.3087e-09
-1.05e-08
-1.1689e-08
-4.5519e-09
3.0816e-09
1.8866e-09
9.0249e-09
-2.5484e-08
-1.8348e-08
-2.737e-08
-2.0232e-08
-2.9753e-08
1.0702e-08
1.0004e-08
8.8086e-09
7.6136e-09
6.4192e-09
1.3555e-08
-3.8024e-09
-4.9882e-09
-6.1718e-09
-7.3543e-09
-8.038e-09
-9.2199e-09
-1.04e-08
-1.1578e-08
-3.9285e-09
3.2198e-09
2.0399e-09
9.1898e-09
-2.5307e-08
-1.7661e-08
-2.722e-08
-2.0062e-08
-2.9613e-08
-3.1642e-08
-3.3976e-08
-3.6314e-08
-3.8645e-08
-3.9981e-08
-2.5659e-08
-6.1316e-08
-6.3635e-08
-6.5948e-08
-6.726e-08
-6.9572e-08
-7.1883e-08
-7.4192e-08
-7.6497e-08
-7.78e-08
-6.3445e-08
-4.9094e-08
-3.4747e-08
-5.371e-08
-3.8359e-08
-5.7222e-08
-4.2859e-08
-6.181e-08
-4.7445e-08
-1.5417e-08
-1.7715e-08
-2.0012e-08
-2.2308e-08
-2.4603e-08
-9.2345e-09
-4.4845e-08
-6.3678e-08
-6.5942e-08
-6.8205e-08
-6.9461e-08
-7.1724e-08
-7.3985e-08
-7.6245e-08
-6.1841e-08
-4.6441e-08
-3.2041e-08
-5.0956e-08
-3.655e-08
-5.5463e-08
-4.0058e-08
-5.8973e-08
-4.4566e-08
-4.6818e-08
3.4223e-08
3.1968e-08
3.0712e-08
2.8461e-08
2.6211e-08
2.3962e-08
2.172e-08
2.0478e-08
1.8236e-08
3.2653e-08
-3.6225e-08
-7.1773e-08
-7.3001e-08
-7.5224e-08
-6.0787e-08
-4.6354e-08
-3.192e-08
-5.0801e-08
-3.5364e-08
-5.4244e-08
-3.9809e-08
-5.8692e-08
-4.4253e-08
-2.8814e-08
-3.1038e-08
-3.3262e-08
-3.5485e-08
-3.7702e-08
-3.8917e-08
-4.1133e-08
-4.3348e-08
-4.5557e-08
3.5526e-08
4.9975e-08
3.2101e-08
-3.417e-09
-5.6068e-09
8.868e-09
-5.9958e-08
-4.4482e-08
-4.6669e-08
-3.2192e-08
-5.0925e-08
-3.6411e-08
-5.5198e-08
-6.0653e-09
9.2709e-09
8.4351e-09
7.9233e-09
4.0971e-08
5.7339e-08
2.4673e-08
7.6687e-09
-4.2647e-08
-4.2968e-08
-4.3288e-08
-4.3609e-08
-4.2929e-08
-4.325e-08
-4.357e-08
-4.3891e-08
-2.7553e-08
-2.7874e-08
-2.7194e-08
-2.7515e-08
-2.7836e-08
-2.8156e-08
-2.8477e-08
-2.8797e-08
-2.8117e-08
-2.8438e-08
-2.8759e-08
-2.908e-08
-2.9399e-08
-2.9719e-08
-2.9039e-08
-2.936e-08
-2.9681e-08
-3.0002e-08
-3.0322e-08
-3.0642e-08
-2.9962e-08
-3.0283e-08
-3.0603e-08
-3.0923e-08
-3.1244e-08
-3.0564e-08
-3.0885e-08
-3.1206e-08
-3.1527e-08
-3.1847e-08
-3.2168e-08
-3.1487e-08
-3.1808e-08
-3.2129e-08
-3.245e-08
-3.2771e-08
-3.3091e-08
-3.2412e-08
-3.2733e-08
-3.3054e-08
-3.3375e-08
-3.3696e-08
-3.4015e-08
-3.3336e-08
-3.3657e-08
-3.3978e-08
-3.4299e-08
-3.462e-08
-3.494e-08
-3.4261e-08
-3.4582e-08
-3.4903e-08
-3.5223e-08
-3.5544e-08
-3.5864e-08
-3.5184e-08
-3.5505e-08
-3.5826e-08
-3.6147e-08
-3.6467e-08
-3.6787e-08
-3.6107e-08
-3.6428e-08
-3.6749e-08
-3.707e-08
-3.739e-08
-3.7711e-08
-3.7031e-08
-3.7352e-08
-3.7673e-08
-3.7994e-08
-3.8314e-08
-3.8634e-08
-3.7955e-08
-3.8276e-08
-3.8597e-08
-3.8918e-08
-3.9238e-08
-3.9558e-08
-3.8879e-08
-3.92e-08
-3.952e-08
-3.9841e-08
-4.0161e-08
-4.0481e-08
-3.9801e-08
-4.0122e-08
-4.0443e-08
-4.0764e-08
-4.1084e-08
-4.1403e-08
-4.0723e-08
-4.1044e-08
-4.1365e-08
-4.1686e-08
-4.2006e-08
-4.2326e-08
-4.1646e-08
-4.1967e-08
-4.2288e-08
-4.2609e-08
-4.2928e-08
-4.3249e-08
-4.2569e-08
-4.289e-08
-4.3211e-08
-4.3532e-08
-4.3852e-08
-4.3172e-08
-4.3493e-08
-4.3814e-08
-4.4135e-08
-2.7797e-08
-2.8117e-08
-2.7437e-08
-2.7759e-08
-2.808e-08
-2.84e-08
-2.8721e-08
-2.9041e-08
-2.8361e-08
-2.8683e-08
-2.9004e-08
-2.9325e-08
-2.9646e-08
-2.9965e-08
-2.9286e-08
-2.9607e-08
-2.9928e-08
-3.0249e-08
-3.0569e-08
-3.089e-08
-3.021e-08
-3.0531e-08
-3.0852e-08
-3.1172e-08
-3.1493e-08
-3.1813e-08
-3.1134e-08
-3.1455e-08
-3.1776e-08
-3.2097e-08
-3.2418e-08
-3.2738e-08
-3.2057e-08
-3.2378e-08
-3.2699e-08
-3.302e-08
-3.3341e-08
-3.3661e-08
-3.2981e-08
-3.3302e-08
-3.3623e-08
-3.3944e-08
-3.4264e-08
-3.4584e-08
-3.3904e-08
-3.4225e-08
-3.4546e-08
-3.4867e-08
-3.5188e-08
-3.5508e-08
-3.4828e-08
-3.5149e-08
-3.5469e-08
-3.579e-08
-3.611e-08
-3.643e-08
-3.575e-08
-3.6071e-08
-3.6392e-08
-3.6713e-08
-3.7034e-08
-3.7353e-08
-3.6674e-08
-3.6995e-08
-3.7316e-08
-3.7637e-08
-3.7957e-08
-3.8277e-08
-3.7597e-08
-3.7918e-08
-3.8239e-08
-3.856e-08
-3.8879e-08
-3.9199e-08
-3.8519e-08
-3.884e-08
-3.9161e-08
-3.9481e-08
-3.9802e-08
-3.9122e-08
-3.9443e-08
-3.9764e-08
-4.0085e-08
-4.0405e-08
-4.0725e-08
-4.0046e-08
-4.0367e-08
-4.0688e-08
-4.1009e-08
-4.133e-08
-4.165e-08
-4.097e-08
-4.1291e-08
-4.1612e-08
-4.1933e-08
-4.2254e-08
-4.2574e-08
-4.1895e-08
-4.2216e-08
-4.2537e-08
-4.2858e-08
-4.3179e-08
-4.3498e-08
-4.2819e-08
-4.314e-08
-4.3461e-08
-4.3782e-08
-4.4103e-08
-2.7765e-08
-2.7085e-08
-2.7406e-08
-2.7727e-08
-2.8048e-08
-2.8369e-08
-2.8689e-08
-2.8009e-08
-2.833e-08
-2.8651e-08
-2.8972e-08
-2.9293e-08
-2.9613e-08
-2.8933e-08
-2.9254e-08
-2.9575e-08
-2.9896e-08
-3.0216e-08
-3.0536e-08
-2.9856e-08
-3.0177e-08
-3.0498e-08
-3.0819e-08
-3.114e-08
-3.146e-08
-3.078e-08
-3.1101e-08
-3.1422e-08
-3.1742e-08
-3.2063e-08
-3.2383e-08
-3.1703e-08
-3.2024e-08
-3.2345e-08
-3.2666e-08
-3.2986e-08
-3.3305e-08
-3.2625e-08
-3.2946e-08
-3.3267e-08
-3.3587e-08
-3.3908e-08
-3.4228e-08
-3.3548e-08
-3.3869e-08
-3.419e-08
-3.451e-08
-3.483e-08
-3.515e-08
-3.447e-08
-3.4791e-08
-3.5112e-08
-3.5433e-08
-3.5753e-08
-3.5074e-08
-3.5395e-08
-3.5716e-08
-3.6037e-08
-3.6357e-08
-3.6677e-08
-3.5998e-08
-3.6319e-08
-3.664e-08
-3.6961e-08
-3.7281e-08
-3.7602e-08
-3.6921e-08
-3.7242e-08
-3.7563e-08
-3.7884e-08
-3.8204e-08
-3.8525e-08
-3.7845e-08
-3.8166e-08
-3.8487e-08
-3.8808e-08
-3.9128e-08
-3.9448e-08
-3.8768e-08
-3.9089e-08
-3.941e-08
-3.9731e-08
-4.0052e-08
-4.0372e-08
-3.9693e-08
-4.0014e-08
-4.0335e-08
-4.0655e-08
-4.0976e-08
-4.1296e-08
-4.0617e-08
-4.0938e-08
-4.1259e-08
-4.158e-08
-4.19e-08
-4.2221e-08
-4.154e-08
-4.1861e-08
-4.2182e-08
-4.2503e-08
-4.2824e-08
-4.3144e-08
-4.2464e-08
-4.2785e-08
-4.3106e-08
-4.3426e-08
-4.3747e-08
-4.4066e-08
-2.6728e-08
-2.7049e-08
-2.737e-08
-2.7691e-08
-2.8011e-08
-2.8331e-08
-2.7652e-08
-2.7973e-08
-2.8294e-08
-2.8614e-08
-2.8935e-08
-2.9254e-08
-2.8575e-08
-2.8896e-08
-2.9217e-08
-2.9538e-08
-2.9858e-08
-3.0178e-08
-2.9498e-08
-2.9819e-08
-3.014e-08
-3.0461e-08
-3.0781e-08
-3.0601e-08
-3.0422e-08
-3.0243e-08
-3.0064e-08
-3.0886e-08
-3.0707e-08
-3.0529e-08
-3.1351e-08
-3.1172e-08
-3.0994e-08
-3.1816e-08
-3.1637e-08
-3.1458e-08
-3.2279e-08
-3.21e-08
-3.1922e-08
-3.2744e-08
-3.2565e-08
-3.2387e-08
-3.3209e-08
-3.303e-08
-3.2851e-08
-3.3673e-08
-3.3494e-08
-3.3316e-08
-3.4138e-08
-3.3959e-08
-3.3781e-08
-3.4603e-08
-3.4424e-08
-3.4245e-08
-3.5066e-08
-3.4887e-08
-3.4709e-08
-3.5531e-08
-3.5352e-08
-3.5174e-08
-3.5995e-08
-3.5816e-08
-3.5637e-08
-3.6459e-08
-3.628e-08
-3.6102e-08
-3.6923e-08
-3.6744e-08
-3.6566e-08
-3.7387e-08
-3.7208e-08
-3.7029e-08
-3.7851e-08
-3.7672e-08
-3.7494e-08
-3.8315e-08
-3.8136e-08
-3.7958e-08
-3.8779e-08
-3.86e-08
-3.842e-08
-3.9242e-08
-3.9063e-08
-3.8884e-08
-3.9706e-08
-3.9527e-08
-3.9348e-08
-4.017e-08
-3.9991e-08
-3.9812e-08
-4.0633e-08
-4.0454e-08
-4.0275e-08
-4.1097e-08
-4.0918e-08
-4.0739e-08
-4.1561e-08
-4.1382e-08
-4.1203e-08
-4.2024e-08
-4.1845e-08
-4.1666e-08
-4.2488e-08
-4.2309e-08
-4.213e-08
-4.2952e-08
-4.2773e-08
-4.2594e-08
-4.3415e-08
-4.3236e-08
-4.3057e-08
-4.3878e-08
-2.7041e-08
-2.6862e-08
-2.7684e-08
-2.7505e-08
-2.7326e-08
-2.8147e-08
-2.7968e-08
-2.7789e-08
-2.861e-08
-2.8431e-08
-2.8252e-08
-2.9073e-08
-2.8894e-08
-2.8715e-08
-2.9537e-08
-2.9358e-08
-2.9179e-08
-3e-08
-2.9822e-08
-2.9642e-08
-3.0464e-08
-3.0285e-08
-3.0106e-08
-3.0928e-08
-3.0748e-08
-3.0569e-08
-3.1391e-08
-3.1212e-08
-3.1032e-08
-3.1853e-08
-3.1674e-08
-3.1495e-08
-3.2316e-08
-3.2137e-08
-3.1958e-08
-3.278e-08
-3.26e-08
-3.2421e-08
-3.2242e-08
-3.3064e-08
-3.2885e-08
-3.2707e-08
-3.3529e-08
-3.335e-08
-3.3172e-08
-3.3994e-08
-3.3815e-08
-3.3636e-08
-3.4458e-08
-3.4279e-08
-3.4101e-08
-3.4923e-08
-3.4744e-08
-3.4566e-08
-3.5388e-08
-3.5209e-08
-3.503e-08
-3.5851e-08
-3.5672e-08
-3.5494e-08
-3.6316e-08
-3.6137e-08
-3.5958e-08
-3.678e-08
-3.6601e-08
-3.6422e-08
-3.7244e-08
-3.7065e-08
-3.6886e-08
-3.7708e-08
-3.7529e-08
-3.735e-08
-3.8172e-08
-3.7993e-08
-3.7814e-08
-3.8636e-08
-3.8457e-08
-3.8278e-08
-3.91e-08
-3.8921e-08
-3.8742e-08
-3.9564e-08
-3.9385e-08
-3.9205e-08
-4.0027e-08
-3.9848e-08
-3.9669e-08
-4.0491e-08
-4.0312e-08
-4.0133e-08
-4.0955e-08
-4.0776e-08
-4.0596e-08
-4.1418e-08
-4.1239e-08
-4.106e-08
-4.1882e-08
-4.1703e-08
-4.1524e-08
-4.2346e-08
-4.2167e-08
-4.1987e-08
-4.2809e-08
-4.263e-08
-4.2451e-08
-4.3273e-08
-4.3094e-08
-4.2915e-08
-4.3737e-08
-4.3558e-08
-4.3379e-08
7.4406e-09
2.4278e-08
4.1114e-08
4.0292e-08
5.713e-08
4.0651e-08
5.6487e-08
4.0008e-08
5.6844e-08
3.9365e-08
5.6202e-08
3.9722e-08
5.5559e-08
3.9079e-08
5.5916e-08
3.8437e-08
5.5273e-08
3.8794e-08
5.4631e-08
3.8151e-08
5.4988e-08
3.7508e-08
5.4345e-08
3.7865e-08
5.3702e-08
3.7223e-08
5.4059e-08
3.658e-08
5.3417e-08
3.6937e-08
5.2774e-08
3.6294e-08
5.3131e-08
3.5652e-08
5.2488e-08
3.6009e-08
5.1846e-08
3.5367e-08
5.2204e-08
3.4724e-08
5.1562e-08
3.5082e-08
5.0919e-08
3.4441e-08
5.1277e-08
3.3798e-08
5.0636e-08
3.4156e-08
4.9993e-08
3.3513e-08
5.035e-08
3.3871e-08
4.9707e-08
3.3228e-08
5.0065e-08
3.2584e-08
4.9421e-08
3.2941e-08
4.8777e-08
3.2297e-08
4.9134e-08
3.1654e-08
4.849e-08
3.2011e-08
4.7847e-08
3.1367e-08
4.8204e-08
3.0723e-08
4.756e-08
3.1081e-08
4.6916e-08
3.0437e-08
4.7274e-08
2.9793e-08
4.663e-08
3.015e-08
4.5986e-08
2.9506e-08
4.6343e-08
2.8863e-08
4.5699e-08
2.922e-08
4.5056e-08
2.8576e-08
4.5413e-08
2.7933e-08
4.477e-08
2.8291e-08
4.4127e-08
2.7648e-08
4.4485e-08
2.7005e-08
4.3842e-08
2.7362e-08
4.3199e-08
2.6719e-08
4.3556e-08
2.6076e-08
4.2913e-08
2.6434e-08
4.2271e-08
2.5791e-08
4.2628e-08
2.5148e-08
4.1985e-08
2.5505e-08
4.1341e-08
2.4862e-08
4.1699e-08
4.0877e-08
5.7713e-08
4.1234e-08
4.0412e-08
5.7249e-08
4.0769e-08
5.6605e-08
4.0125e-08
5.6962e-08
3.9483e-08
5.6319e-08
3.984e-08
5.5677e-08
3.9197e-08
5.6034e-08
3.8554e-08
5.5391e-08
3.8912e-08
5.4748e-08
3.8269e-08
5.5106e-08
3.7626e-08
5.4463e-08
3.7983e-08
5.382e-08
3.734e-08
5.4177e-08
3.6698e-08
5.3534e-08
3.7055e-08
5.2892e-08
3.6412e-08
5.3249e-08
3.5769e-08
5.2606e-08
3.6127e-08
5.1963e-08
3.5484e-08
5.232e-08
3.4841e-08
5.1678e-08
3.5198e-08
5.1035e-08
3.4555e-08
5.1392e-08
3.3913e-08
5.0749e-08
3.427e-08
5.0107e-08
3.3627e-08
5.0464e-08
3.2984e-08
4.9821e-08
3.3341e-08
4.9178e-08
3.2699e-08
4.9535e-08
3.3056e-08
4.8893e-08
3.2413e-08
4.925e-08
3.1769e-08
4.8606e-08
3.2127e-08
