139.51
3.0796
2.0267
1.1296
0.56741
0.25271
0.09902
0.035995
0.028966
0.028552
0.028042
0.042715
0.050102
0.064465
0.11619
0.079404
0.055019
0.046651
0.077822
0.063433
0.05738
0.056325
0.092547
0.075062
0.065931
0.061328
0.059011
0.057948
0.0914
0.072248
0.049758
0.020555
0.005989
0.0037862
0.0035439
0.003465
0.0061447
0.028737
0.030576
0.031517
0.032038
0.032288
0.055181
0.038156
0.01778
0.017428
0.017435
0.026126
0.019318
0.016731
0.015527
0.015003
0.01478
0.014577
0.023988
0.009714
0.0046656
0.0054771
0.0057892
0.0058965
0.0059493
0.0059795
0.0094426
0.0040857
0.0034202
0.0033309
0.0033197
0.0033182
0.0033271
0.00015759
6.0041e-05
7.3256e-05
9.2603e-05
0.00012183
8.4844e-05
8.4844e-05
9.0629e-05
0.00011021
0.00012455
3.5867e-05
6.5051e-05
7.5046e-05
0.00010484
5.4034e-05
6.063e-05
6.7795e-05
9.3358e-05
4.1287e-05
4.2593e-05
6.5561e-05
9.5553e-05
5.9005e-05
5.7716e-05
7.4649e-05
0.00010084
7.7545e-05
7.432e-05
8.6334e-05
0.00010754
0.0001184
6.5377e-05
7.4424e-05
9.5863e-05
0.00012282
8.3688e-05
8.9271e-05
0.00010588
0.00012838
0.00010284
0.0001053
0.00011545
0.00013426
0.00012241
0.00012067
0.00012874
0.00014262
0.00016282
0.00013914
0.00014229
0.00015346
0.00017002
0.00015783
0.00015898
0.00016602
0.00017823
0.00019601
0.00017682
0.00017998
0.00019003
0.00020332
0.00019659
0.00019723
0.00020307
0.00021297
0.00022663
0.000216
0.00021842
0.00022525
0.00023569
0.00018279
0.00016199
0.0001654
0.00017494
0.00014065
8.9278e-05
8.7781e-05
9.9318e-05
0.00011806
0.00014279
0.00010551
0.00011268
0.00012741
0.0001493
0.00012439
0.00012716
0.00013885
0.00015559
0.00014366
0.0001428
0.00015052
0.00016424
0.00018146
0.00011033
0.00011518
6.4736e-05
9.2847e-05
1.9436e-05
2.7593e-05
5.296e-05
8.2201e-05
5.1746e-05
4.0676e-05
5.25e-05
7.3816e-05
0.00010042
6.5487e-05
6.283e-05
7.5087e-05
9.4292e-05
0.00011862
8.3286e-05
8.3771e-05
9.565e-05
0.00011327
0.00013522
7.1976e-05
7.5609e-05
4.9691e-05
7.6869e-05
0.00010104
3.4619e-05
3.7584e-05
5.7121e-05
8.2319e-05
0.00010847
5.5734e-05
5.8362e-05
7.3291e-05
7.2425e-05
9.9013e-05
4.1222e-05
4.0101e-05
5.5111e-05
7.7225e-05
0.00010027
6.1673e-05
5.9349e-05
6.8282e-05
6.8463e-05
9.2477e-05
5.5237e-05
4.5755e-05
3.6417e-05
5.6972e-05
8.0796e-05
0.00010175
4.199e-05
4.1666e-05
5.7776e-05
7.8994e-05
0.00010284
6.5035e-05
6.3325e-05
7.1882e-05
8.7801e-05
9.4991e-05
7.0669e-05
6.3425e-05
6.7269e-05
8.0795e-05
9.9986e-05
0.00012133
6.0614e-05
6.1633e-05
5.5087e-05
7.5893e-05
9.2136e-05
5.2338e-05
4.607e-05
5.5442e-05
7.2896e-05
9.5784e-05
7.5751e-05
6.9692e-05
7.3243e-05
8.5658e-05
0.00010162
0.00010686
6.7551e-05
6.8147e-05
7.7013e-05
9.2282e-05
0.00011218
4.9618e-05
3.8662e-05
4.1166e-05
5.7101e-05
6.3394e-05
8.8023e-05
3.5889e-05
1.7079e-05
1.7776e-05
3.8596e-05
6.353e-05
8.7672e-05
3.5634e-05
1.2591e-05
1.6624e-05
3.9434e-05
6.3052e-05
8.6825e-05
3.2371e-05
1.0751e-05
1.8255e-05
4.117e-05
6.4443e-05
8.8278e-05
3.0128e-05
7.3442e-06
1.87e-05
4.229e-05
6.61e-05
8.9931e-05
2.8522e-05
6.2254e-06
2.0327e-05
4.3939e-05
6.7747e-05
9.1578e-05
2.6927e-05
5.3882e-06
2.1954e-05
4.5585e-05
6.9395e-05
9.3226e-05
2.5341e-05
4.9847e-06
2.3591e-05
4.7236e-05
7.1047e-05
4.7294e-05
2.3594e-05
5.152e-06
2.5397e-05
4.9059e-05
7.2872e-05
4.5507e-05
2.186e-05
5.9108e-06
2.7209e-05
5.0884e-05
7.4699e-05
4.3723e-05
2.0145e-05
7.0775e-06
2.9025e-05
5.2709e-05
7.6526e-05
4.1943e-05
1.8453e-05
8.4852e-06
3.0843e-05
5.4536e-05
7.8353e-05
4.0169e-05
1.6792e-05
1.0079e-05
3.2643e-05
5.635e-05
8.0151e-05
3.8468e-05
1.525e-05
1.1608e-05
3.4417e-05
5.8114e-05
8.1907e-05
3.6739e-05
1.3692e-05
1.3274e-05
3.6186e-05
5.9875e-05
8.3683e-05
3.5048e-05
1.2264e-05
1.4931e-05
3.7939e-05
6.1626e-05
8.5429e-05
3.3383e-05
1.0941e-05
1.6591e-05
3.9683e-05
6.3374e-05
8.7178e-05
3.1728e-05
9.7545e-06
1.8262e-05
4.1424e-05
6.5119e-05
8.8899e-05
3.0156e-05
8.8235e-06
1.9897e-05
4.3092e-05
6.6781e-05
9.0556e-05
2.8611e-05
8.1224e-06
2.1511e-05
4.4749e-05
6.8439e-05
9.2213e-05
2.7082e-05
7.7232e-06
2.3127e-05
4.6402e-05
7.0095e-05
9.3867e-05
2.5571e-05
7.6688e-06
2.475e-05
4.8057e-05
7.1752e-05
4.7222e-05
2.3915e-05
7.9975e-06
2.6543e-05
4.9422e-05
7.3261e-05
4.5e-05
2.1279e-05
5.5354e-06
2.7509e-05
5.1247e-05
7.5084e-05
4.3207e-05
1.9538e-05
6.8395e-06
2.9322e-05
5.307e-05
7.6908e-05
4.1417e-05
1.7817e-05
8.3469e-06
3.1139e-05
5.4892e-05
7.8733e-05
3.9632e-05
1.6121e-05
1.0012e-05
3.2938e-05
5.6705e-05
8.0528e-05
3.7919e-05
1.454e-05
1.1585e-05
3.4707e-05
5.8465e-05
8.2279e-05
3.6227e-05
1.3006e-05
1.3233e-05
3.6446e-05
6.0204e-05
8.402e-05
3.4543e-05
1.1532e-05
1.4897e-05
3.8182e-05
6.1943e-05
8.5758e-05
3.2867e-05
1.0146e-05
1.6579e-05
3.992e-05
6.3683e-05
8.7497e-05
3.1198e-05
8.8887e-06
1.8287e-05
4.1628e-05
6.5371e-05
8.9172e-05
2.9622e-05
7.8869e-06
1.9911e-05
4.3287e-05
6.7026e-05
9.0827e-05
2.8058e-05
7.1314e-06
2.1532e-05
4.4938e-05
6.868e-05
9.2478e-05
2.6508e-05
6.7088e-06
2.3163e-05
4.6594e-05
7.0338e-05
9.4134e-05
2.4971e-05
6.6893e-06
2.4793e-05
4.8247e-05
7.1992e-05
4.6733e-05
2.3286e-05
7.1093e-06
2.6596e-05
5.0075e-05
7.3822e-05
4.4969e-05
2.1624e-05
7.9432e-06
2.8405e-05
5.1905e-05
7.5653e-05
4.3211e-05
1.9993e-05
9.0771e-06
3.0217e-05
5.3735e-05
7.7484e-05
4.146e-05
1.84e-05
1.0414e-05
3.2033e-05
5.5565e-05
7.9296e-05
3.9734e-05
1.6865e-05
1.1902e-05
3.3818e-05
5.734e-05
8.0787e-05
3.751e-05
1.3993e-05
1.1635e-05
3.4915e-05
5.8722e-05
8.256e-05
3.5798e-05
1.2413e-05
1.3268e-05
3.6677e-05
6.0479e-05
8.4309e-05
3.4098e-05
1.0887e-05
1.4954e-05
3.8414e-05
6.2216e-05
8.6048e-05
3.2407e-05
9.4382e-06
1.6648e-05
4.0149e-05
6.3952e-05
8.7784e-05
3.0724e-05
8.1077e-06
1.8358e-05
4.1854e-05
6.5638e-05
8.9457e-05
2.9131e-05
7.0326e-06
1.9995e-05
4.351e-05
6.7291e-05
9.111e-05
2.7548e-05
6.2148e-06
2.1621e-05
4.5159e-05
6.8941e-05
9.2759e-05
2.5977e-05
5.7699e-06
2.3252e-05
4.6809e-05
7.0593e-05
9.441e-05
2.4419e-05
5.7878e-06
2.4887e-05
4.846e-05
7.2248e-05
4.6273e-05
2.2706e-05
6.323e-06
2.67e-05
5.0291e-05
7.4077e-05
4.4498e-05
2.1013e-05
7.2921e-06
2.8513e-05
5.2118e-05
7.5905e-05
4.2727e-05
1.9347e-05
8.5508e-06
3.033e-05
5.3947e-05
7.7735e-05
4.0964e-05
1.7714e-05
9.9907e-06
3.2148e-05
5.5776e-05
7.9542e-05
3.9223e-05
1.6135e-05
1.1552e-05
3.3933e-05
5.7545e-05
8.1325e-05
3.7535e-05
1.467e-05
1.3127e-05
3.569e-05
5.934e-05
8.3109e-05
3.5865e-05
1.3289e-05
1.4708e-05
3.7462e-05
6.1102e-05
8.4865e-05
3.4214e-05
1.2006e-05
1.6338e-05
3.9199e-05
6.2848e-05
8.6607e-05
3.2577e-05
1.0852e-05
1.8005e-05
4.091e-05
6.4537e-05
8.831e-05
3.0298e-05
7.4283e-06
1.8495e-05
4.2106e-05
6.5923e-05
8.9759e-05
2.8674e-05
6.2812e-06
2.0151e-05
4.3767e-05
6.7577e-05
9.1409e-05
2.7076e-05
5.4009e-06
2.1781e-05
4.5416e-05
6.9228e-05
9.3059e-05
2.5486e-05
4.9424e-06
2.3413e-05
4.7062e-05
7.0876e-05
2.4493e-05
2.3594e-05
7.0131e-05
0.0001169
2.2432e-05
6.8931e-05
0.0001157
2.1277e-05
6.7733e-05
0.00011449
2.0129e-05
6.6537e-05
0.00011329
1.8989e-05
6.5339e-05
0.00011209
1.7861e-05
6.4144e-05
0.00011089
1.6744e-05
6.295e-05
0.00010969
1.5641e-05
6.1754e-05
0.00010849
1.4558e-05
6.06e-05
0.0001073
1.3503e-05
5.9411e-05
0.00010614
1.254e-05
5.8245e-05
0.00010496
1.1538e-05
5.7104e-05
0.00010382
1.0659e-05
5.5948e-05
0.00010265
9.7556e-06
5.4808e-05
0.00010151
8.9999e-06
5.3696e-05
0.00010039
8.33e-06
5.2549e-05
9.9216e-05
7.6996e-06
5.1414e-05
9.808e-05
7.2819e-06
5.0306e-05
9.6961e-05
7.0184e-06
4.9205e-05
9.5847e-05
6.9288e-06
4.8107e-05
9.4734e-05
7.0233e-06
4.7011e-05
9.3621e-05
7.2902e-06
4.5917e-05
9.2511e-05
7.7199e-06
4.4823e-05
9.1399e-05
8.279e-06
4.3734e-05
9.0289e-05
8.9479e-06
4.2647e-05
8.9181e-05
9.7062e-06
4.1559e-05
8.807e-05
1.0529e-05
4.0477e-05
8.6962e-05
1.1408e-05
3.9396e-05
8.5853e-05
1.2325e-05
3.8319e-05
8.4747e-05
1.3304e-05
3.6685e-05
8.3409e-05
1.2533e-05
3.5629e-05
8.2348e-05
1.3546e-05
3.4535e-05
8.1242e-05
1.4638e-05
3.3499e-05
8.0192e-05
1.565e-05
3.2412e-05
7.9094e-05
1.6737e-05
3.1382e-05
7.8044e-05
1.7767e-05
3.03e-05
7.6947e-05
1.8853e-05
2.9273e-05
7.5898e-05
1.99e-05
2.8263e-05
7.4864e-05
2.0933e-05
2.7257e-05
7.3834e-05
2.1961e-05
2.6255e-05
7.2803e-05
2.2985e-05
2.5256e-05
7.1776e-05
2.4018e-05
2.4262e-05
7.0747e-05
0.00011751
2.3106e-05
6.9551e-05
0.0001163
2.1957e-05
6.8353e-05
0.0001151
2.0816e-05
6.7159e-05
0.0001139
1.9685e-05
6.5965e-05
0.0001127
1.8564e-05
6.4772e-05
0.0001115
1.7455e-05
6.3577e-05
0.0001103
1.6363e-05
6.2386e-05
0.0001091
1.5289e-05
6.1233e-05
0.00010792
1.4245e-05
6.0047e-05
0.00010676
1.329e-05
5.8882e-05
0.00010558
1.2299e-05
5.7744e-05
0.00010444
1.1427e-05
5.659e-05
0.00010327
1.053e-05
5.5453e-05
0.00010213
9.7731e-06
5.4343e-05
0.00010101
9.0958e-06
5.3198e-05
9.9839e-05
8.4488e-06
5.2066e-05
9.8703e-05
7.9963e-06
5.0961e-05
9.7586e-05
7.6815e-06
4.9863e-05
9.6473e-05
7.5225e-06
4.8769e-05
9.5361e-05
7.5322e-06
4.7674e-05
9.4249e-05
7.7109e-06
4.6582e-05
9.3138e-05
8.0423e-06
4.5494e-05
9.203e-05
8.5126e-06
4.4407e-05
9.0922e-05
9.1038e-06
4.3321e-05
8.9812e-05
6.8801e-06
4.1582e-05
8.8584e-05
1.0169e-05
4.1948e-05
8.7369e-05
1.4315e-05
3.9707e-05
8.6674e-05
1.173e-05
3.9604e-05
8.4987e-05
1.5598e-05
3.7347e-05
8.4302e-05
1.3542e-05
3.7328e-05
8.267e-05
1.7015e-05
3.5035e-05
8.1985e-05
1.5445e-05
3.5073e-05
8.0366e-05
1.863e-05
3.2744e-05
7.9685e-05
1.7425e-05
3.2827e-05
7.8066e-05
2.0375e-05
3.0457e-05
7.7384e-05
1.9477e-05
3.059e-05
7.5766e-05
2.2227e-05
2.8238e-05
7.5146e-05
2.1531e-05
2.8441e-05
7.3547e-05
2.4075e-05
2.6038e-05
7.2929e-05
2.3588e-05
2.6306e-05
7.1333e-05
2.5978e-05
2.3843e-05
7.0714e-05
0.00011695
2.403e-05
6.893e-05
0.00011591
2.1245e-05
6.8081e-05
0.0001143
2.1509e-05
6.6268e-05
0.00011326
1.8645e-05
6.5433e-05
0.00011165
1.9074e-05
6.3622e-05
0.00011061
1.6076e-05
6.2791e-05
0.00010901
1.6712e-05
6.0982e-05
0.00010797
1.357e-05
6.0175e-05
0.00010639
1.4468e-05
5.84e-05
0.0001054
1.1117e-05
5.759e-05
0.00010382
1.2406e-05
5.5836e-05
0.00010283
8.7879e-06
5.5035e-05
0.00010127
1.0567e-05
5.3284e-05
0.00010028
6.6716e-06
5.2537e-05
9.878e-05
9.1306e-06
5.0808e-05
9.7803e-05
4.9772e-06
5.0069e-05
9.6314e-05
8.1978e-06
4.8343e-05
9.5333e-05
4.1416e-06
4.7603e-05
9.3854e-05
7.956e-06
4.588e-05
9.2865e-05
8.1257e-06
4.6091e-05
9.161e-05
8.4808e-06
4.4852e-05
9.0356e-05
1.292e-05
4.2636e-05
8.9604e-05
9.6312e-06
4.242e-05
8.7887e-05
1.3836e-05
4.0174e-05
8.7135e-05
1.1216e-05
3.9991e-05
8.5451e-05
1.51e-05
3.773e-05
8.4702e-05
1.3053e-05
3.7628e-05
8.302e-05
1.6593e-05
3.5337e-05
8.2307e-05
1.502e-05
3.5289e-05
8.0637e-05
1.8268e-05
3.2964e-05
7.9922e-05
1.7088e-05
3.2959e-05
7.8254e-05
2.0089e-05
3.0594e-05
7.7537e-05
1.9232e-05
3.0639e-05
7.5899e-05
2.1979e-05
2.8282e-05
7.5224e-05
2.1358e-05
2.8407e-05
7.3597e-05
2.3916e-05
2.6002e-05
7.2923e-05
2.3509e-05
2.6191e-05
7.1299e-05
2.591e-05
2.3724e-05
7.0622e-05
0.00011686
2.3833e-05
6.8827e-05
0.00011582
2.1117e-05
6.7977e-05
0.00011422
