557.95
5.654
1.909
1.0002
0.54478
0.26289
0.10741
0.040567
0.044531
0.055621
0.081885
0.097993
0.12801
0.12129
0.077385
0.053119
0.046273
0.045063
0.033693
0.029266
0.02795
0.028011
0.020488
0.017172
0.015744
0.01502
0.014629
0.014433
0.010272
0.0084687
0.003213
0.0029693
0.001333
0.00091101
0.00087428
0.00086207
0.003803
0.0036936
0.0038773
0.0039697
0.0040202
0.0040488
0.002973
0.0015506
0.0020438
0.0021521
0.0021804
0.0013703
0.0011054
0.0010039
0.00095203
0.00092931
0.00092279
0.00091001
0.00066826
0.00037894
0.00075997
0.00074719
0.00074455
0.00074751
0.00074942
0.00075072
0.00036246
0.00029587
0.00037091
0.00040092
0.00041026
0.00041312
0.00020453
4.8694e-06
9.7551e-06
1.0328e-05
1.172e-05
1.1378e-05
1.1987e-05
1.3333e-05
1.3562e-05
9.5869e-06
1.779e-05
1.4597e-05
1.5409e-05
1.6159e-05
1.6424e-05
1.418e-05
1.1889e-05
1.2444e-05
1.3295e-05
1.4055e-05
1.4854e-05
1.567e-05
1.663e-05
1.7611e-05
1.862e-05
1.9516e-05
2.0388e-05
2.1664e-05
2.2263e-05
1.7279e-05
1.8271e-05
1.9128e-05
2.0418e-05
2.1437e-05
2.2474e-05
2.3381e-05
2.4442e-05
2.5508e-05
2.645e-05
2.7384e-05
2.8164e-05
2.9119e-05
3.0238e-05
3.1323e-05
3.2288e-05
3.3194e-05
3.4168e-05
3.5283e-05
3.6262e-05
3.7242e-05
3.8387e-05
3.9494e-05
4.0619e-05
4.1603e-05
4.2578e-05
4.3748e-05
4.4738e-05
4.5726e-05
4.6855e-05
4.7987e-05
4.8981e-05
4.9972e-05
5.1104e-05
5.2097e-05
5.3145e-05
5.4138e-05
5.5154e-05
5.6274e-05
5.728e-05
4.0018e-05
4.0916e-05
4.1986e-05
4.2887e-05
3.054e-05
2.2453e-05
2.3516e-05
2.4455e-05
2.5399e-05
2.6332e-05
2.7564e-05
2.8643e-05
2.9737e-05
3.0836e-05
3.1796e-05
3.2756e-05
3.3726e-05
3.4835e-05
3.5678e-05
3.6648e-05
3.766e-05
3.8752e-05
3.9748e-05
2.8532e-05
2.9493e-05
1.3511e-05
1.4048e-05
9.5915e-06
1.9296e-05
2.0525e-05
2.2108e-05
2.3591e-05
2.5593e-05
2.7414e-05
2.9584e-05
3.1262e-05
3.3228e-05
3.4943e-05
3.6961e-05
3.8761e-05
4.06e-05
4.2709e-05
4.4305e-05
4.6443e-05
4.8607e-05
5.0238e-05
3.7997e-05
3.9694e-05
2.1285e-05
2.182e-05
2.038e-05
2.1828e-05
2.28e-05
2.4369e-05
2.6257e-05
2.796e-05
3.0153e-05
3.2101e-05
3.4248e-05
1.9832e-05
2.095e-05
2.2333e-05
2.398e-05
2.5757e-05
2.7626e-05
2.8957e-05
3.0717e-05
3.2707e-05
3.4344e-05
2.7246e-05
2.8691e-05
2.4486e-05
2.5253e-05
2.1832e-05
2.3417e-05
2.528e-05
2.1473e-05
2.2991e-05
2.462e-05
2.6532e-05
2.8262e-05
3.0039e-05
3.2077e-05
3.4162e-05
3.5947e-05
3.8142e-05
2.9837e-05
3.2344e-05
3.3848e-05
3.5345e-05
3.7437e-05
3.9566e-05
4.1091e-05
3.1776e-05
3.3355e-05
2.7045e-05
2.7977e-05
2.3609e-05
2.5194e-05
2.6673e-05
2.8403e-05
3.0176e-05
3.2264e-05
3.4367e-05
3.6207e-05
3.8074e-05
4.0241e-05
4.2217e-05
3.1815e-05
3.4249e-05
3.6873e-05
3.8924e-05
4.032e-05
4.2243e-05
2.0701e-05
2.2237e-05
2.374e-05
2.4814e-05
1.6393e-05
1.695e-05
1.4531e-05
1.3454e-05
1.436e-05
1.4153e-05
1.7575e-05
1.5641e-05
1.5227e-05
1.2835e-05
1.2346e-05
1.2105e-05
1.2109e-05
1.212e-05
1.2151e-05
1.2117e-05
1.2097e-05
1.2104e-05
1.3022e-05
1.2157e-05
1.213e-05
1.2107e-05
1.2097e-05
1.2097e-05
1.2109e-05
1.2162e-05
1.213e-05
1.2107e-05
1.2098e-05
1.2097e-05
1.2112e-05
1.2162e-05
1.213e-05
1.2107e-05
1.2098e-05
1.2097e-05
1.2112e-05
1.2162e-05
1.213e-05
1.2107e-05
1.2097e-05
1.2097e-05
1.2112e-05
1.2158e-05
1.2119e-05
1.2107e-05
1.2098e-05
1.2097e-05
1.2112e-05
1.2158e-05
1.2119e-05
1.2107e-05
1.2098e-05
1.2097e-05
1.2112e-05
1.2158e-05
1.2119e-05
1.2107e-05
1.2098e-05
1.2097e-05
1.2112e-05
1.2158e-05
1.2119e-05
1.2107e-05
1.2098e-05
1.2097e-05
1.2112e-05
1.2158e-05
1.2119e-05
1.2097e-05
1.2097e-05
1.2094e-05
1.2137e-05
1.2138e-05
1.2113e-05
1.2103e-05
1.2098e-05
1.21e-05
1.2145e-05
1.217e-05
1.2125e-05
1.2098e-05
1.2103e-05
1.2104e-05
1.2117e-05
1.2151e-05
1.2117e-05
1.2097e-05
1.2104e-05
1.2107e-05
1.212e-05
1.2151e-05
1.2117e-05
1.2097e-05
1.2104e-05
1.2107e-05
1.212e-05
1.2151e-05
1.2115e-05
1.2097e-05
1.2104e-05
1.2107e-05
1.2157e-05
1.213e-05
1.2107e-05
1.2097e-05
1.2107e-05
1.2112e-05
1.2162e-05
1.213e-05
1.2107e-05
1.2097e-05
1.2107e-05
1.2112e-05
1.2162e-05
1.213e-05
1.2107e-05
1.2098e-05
1.2107e-05
1.2112e-05
1.2162e-05
1.213e-05
1.2107e-05
1.2098e-05
1.2097e-05
1.2112e-05
1.2158e-05
1.2119e-05
1.2107e-05
1.2098e-05
1.3013e-05
1.2109e-05
1.2158e-05
1.2119e-05
1.2107e-05
1.2098e-05
1.2097e-05
1.2112e-05
1.2158e-05
1.2119e-05
1.2107e-05
1.2098e-05
1.2097e-05
1.2112e-05
1.2158e-05
1.2119e-05
1.2107e-05
1.2098e-05
1.2097e-05
1.2112e-05
1.2158e-05
1.2119e-05
1.2097e-05
1.2097e-05
1.2094e-05
1.2137e-05
1.2138e-05
1.2111e-05
1.2103e-05
1.2098e-05
1.2098e-05
1.2149e-05
1.2135e-05
1.2109e-05
1.2103e-05
1.2099e-05
1.21e-05
1.2145e-05
1.2135e-05
1.2109e-05
1.2102e-05
1.2099e-05
1.21e-05
1.2145e-05
1.2135e-05
1.2109e-05
1.2102e-05
1.2088e-05
1.21e-05
1.2145e-05
1.2135e-05
1.2109e-05
1.2097e-05
1.2097e-05
1.2109e-05
1.2162e-05
1.213e-05
1.2107e-05
1.2097e-05
1.2097e-05
1.2112e-05
1.2162e-05
1.213e-05
1.2107e-05
1.2098e-05
1.2097e-05
1.2112e-05
1.2162e-05
1.213e-05
1.2107e-05
1.2097e-05
1.2097e-05
1.2112e-05
1.2162e-05
1.213e-05
1.2107e-05
1.2098e-05
1.2097e-05
1.2112e-05
1.2158e-05
1.2119e-05
1.2107e-05
1.2098e-05
1.2097e-05
1.2112e-05
1.2158e-05
1.2119e-05
1.2107e-05
1.2098e-05
1.2097e-05
1.2112e-05
1.2158e-05
1.2119e-05
1.2107e-05
1.2098e-05
1.2097e-05
1.2112e-05
1.2158e-05
1.2119e-05
1.2107e-05
1.2098e-05
1.2097e-05
1.2141e-05
1.217e-05
1.2127e-05
1.2098e-05
1.2102e-05
1.2104e-05
1.3032e-05
1.2151e-05
1.2117e-05
1.2097e-05
1.2087e-05
1.2095e-05
1.2137e-05
1.2138e-05
1.2111e-05
1.2103e-05
1.2088e-05
1.2098e-05
1.2149e-05
1.2135e-05
1.2109e-05
1.2103e-05
1.2088e-05
1.21e-05
1.2145e-05
1.2135e-05
1.2109e-05
1.2102e-05
1.2088e-05
1.21e-05
1.2145e-05
1.2135e-05
1.2109e-05
1.2097e-05
1.2095e-05
1.2109e-05
1.2162e-05
1.213e-05
1.2107e-05
1.2097e-05
1.2097e-05
1.2112e-05
1.2162e-05
1.213e-05
1.2107e-05
1.2098e-05
1.2097e-05
1.2112e-05
1.2162e-05
1.213e-05
1.2107e-05
1.2098e-05
1.2097e-05
1.2112e-05
1.2162e-05
1.213e-05
1.2107e-05
1.2098e-05
1.2097e-05
1.2109e-05
1.2158e-05
1.2119e-05
1.2107e-05
1.2098e-05
1.2097e-05
1.2112e-05
1.2158e-05
1.2119e-05
1.2107e-05
1.2098e-05
1.2097e-05
1.2112e-05
1.2158e-05
1.2119e-05
1.2107e-05
1.2098e-05
1.2097e-05
1.2112e-05
1.2158e-05
1.2119e-05
1.2107e-05
1.2098e-05
1.2097e-05
1.2145e-05
1.2175e-05
1.2125e-05
1.2098e-05
1.2101e-05
1.2104e-05
1.2117e-05
1.2151e-05
1.2117e-05
1.2097e-05
1.2097e-05
1.2094e-05
1.2137e-05
1.2138e-05
1.2111e-05
1.2103e-05
1.2098e-05
1.21e-05
1.2145e-05
1.2135e-05
1.2109e-05
1.2102e-05
1.2099e-05
1.2098e-05
1.2149e-05
1.2135e-05
1.2109e-05
1.2097e-05
1.2107e-05
1.2109e-05
1.2123e-05
1.3024e-05
1.2115e-05
1.2097e-05
1.2094e-05
1.2107e-05
1.2157e-05
1.213e-05
1.2107e-05
1.2097e-05
1.2097e-05
1.2112e-05
1.2162e-05
1.213e-05
1.2107e-05
1.2097e-05
1.2097e-05
1.2112e-05
1.2162e-05
1.213e-05
1.2107e-05
1.2098e-05
1.2097e-05
1.2112e-05
3.7367e-05
2.3482e-05
2.3482e-05
2.3504e-05
2.3482e-05
2.3481e-05
2.3502e-05
2.3482e-05
2.3481e-05
2.3502e-05
2.3482e-05
2.3481e-05
2.3504e-05
2.3482e-05
2.3481e-05
2.3502e-05
2.3482e-05
2.3481e-05
2.3502e-05
2.3482e-05
2.3481e-05
2.3504e-05
2.3482e-05
2.3481e-05
2.3502e-05
2.3482e-05
2.3477e-05
2.3511e-05
2.348e-05
2.3477e-05
2.3494e-05
2.3486e-05
2.3479e-05
2.3499e-05
2.3483e-05
2.3476e-05
2.3491e-05
2.3487e-05
2.3479e-05
2.3499e-05
2.3483e-05
2.3476e-05
2.3491e-05
2.3487e-05
2.3477e-05
2.3489e-05
2.3489e-05
2.3478e-05
2.3499e-05
2.3484e-05
2.3476e-05
2.3491e-05
2.3487e-05
2.3477e-05
2.3488e-05
2.3489e-05
2.3477e-05
2.3488e-05
2.3489e-05
2.3477e-05
2.3488e-05
2.3489e-05
2.3477e-05
2.3488e-05
2.349e-05
2.3477e-05
2.3488e-05
2.3489e-05
2.3477e-05
2.3488e-05
2.349e-05
2.3477e-05
2.3488e-05
2.349e-05
2.3477e-05
2.3488e-05
2.3489e-05
2.3477e-05
2.3488e-05
2.349e-05
2.3477e-05
2.3488e-05
2.3489e-05
2.3477e-05
2.3488e-05
2.349e-05
2.3477e-05
2.3488e-05
2.3507e-05
2.3961e-05
2.3491e-05
2.3497e-05
2.3479e-05
2.3483e-05
2.3487e-05
2.3477e-05
2.3487e-05
2.3501e-05
2.348e-05
2.3482e-05
2.3488e-05
2.3477e-05
2.3486e-05
2.3501e-05
2.348e-05
2.3482e-05
2.3488e-05
2.3477e-05
2.3486e-05
2.3501e-05
2.348e-05
2.3482e-05
2.3508e-05
2.3482e-05
2.3482e-05
2.3508e-05
2.3482e-05
2.3481e-05
2.3508e-05
2.3482e-05
2.3482e-05
2.351e-05
2.3482e-05
2.3481e-05
2.3508e-05
2.3482e-05
2.3482e-05
2.3502e-05
2.3482e-05
2.3481e-05
2.3504e-05
2.3482e-05
2.3481e-05
2.3502e-05
2.3482e-05
2.3481e-05
2.3502e-05
2.3482e-05
2.3481e-05
2.3502e-05
2.3482e-05
2.3481e-05
2.3504e-05
2.3482e-05
2.3481e-05
2.3502e-05
2.3482e-05
2.3481e-05
2.3502e-05
2.3482e-05
2.3477e-05
2.3511e-05
2.348e-05
2.3477e-05
2.3494e-05
2.3486e-05
2.3479e-05
2.3499e-05
2.3483e-05
2.3476e-05
2.3491e-05
2.3487e-05
2.3479e-05
2.3499e-05
2.3483e-05
2.3476e-05
2.3491e-05
2.3487e-05
2.3477e-05
2.3489e-05
2.3489e-05
2.3478e-05
2.3499e-05
2.3484e-05
2.3476e-05
2.3491e-05
2.3487e-05
2.3477e-05
2.3488e-05
2.3489e-05
2.3477e-05
2.3488e-05
2.3489e-05
2.3477e-05
2.3488e-05
2.3489e-05
2.3477e-05
2.3488e-05
2.3489e-05
2.3477e-05
2.3488e-05
2.349e-05
2.3477e-05
2.3488e-05
2.349e-05
2.3477e-05
2.3488e-05
2.3489e-05
2.3477e-05
2.3488e-05
2.3932e-05
2.3498e-05
2.3509e-05
2.3961e-05
2.3498e-05
2.4084e-05
2.352e-05
2.4073e-05
2.3509e-05
2.4115e-05
2.3498e-05
2.4084e-05
2.3535e-05
2.4072e-05
2.3512e-05
2.4128e-05
2.3501e-05
2.4079e-05
2.3523e-05
2.4073e-05
2.3508e-05
2.4132e-05
2.3501e-05
2.4078e-05
2.3524e-05
2.4073e-05
2.3507e-05
2.4132e-05
2.3501e-05
2.4078e-05
2.3524e-05
2.4073e-05
2.3507e-05
2.4132e-05
2.3501e-05
2.4078e-05
2.3544e-05
2.4077e-05
2.3503e-05
2.4139e-05
2.3503e-05
2.4077e-05
2.3546e-05
2.4077e-05
2.3502e-05
2.4139e-05
2.3504e-05
2.4077e-05
2.3546e-05
2.4077e-05
2.3502e-05
2.4099e-05
2.3512e-05
2.4068e-05
2.3523e-05
2.4095e-05
2.3491e-05
2.4092e-05
2.35e-05
2.4065e-05
2.3516e-05
2.4095e-05
2.349e-05
2.4091e-05
2.35e-05
2.4065e-05
2.3516e-05
2.4096e-05
2.349e-05
2.4091e-05
2.35e-05
2.4065e-05
2.3516e-05
2.4106e-05
2.3492e-05
2.4095e-05
2.3508e-05
2.4063e-05
2.3509e-05
2.4097e-05
2.349e-05
2.4089e-05
2.3511e-05
2.4063e-05
2.3507e-05
2.4098e-05
2.3489e-05
2.4087e-05
2.3511e-05
2.4063e-05
2.3507e-05
2.411e-05
2.3489e-05
2.408e-05
2.3515e-05
2.4064e-05
2.3504e-05
2.411e-05
2.3489e-05
2.408e-05
2.3517e-05
2.4064e-05
2.3504e-05
2.4112e-05
2.3489e-05
2.4079e-05
2.3515e-05
2.4064e-05
2.3506e-05
2.3959e-05
2.3489e-05
2.4079e-05
2.3959e-05
2.3489e-05
2.4079e-05
2.3517e-05
2.4064e-05
2.3504e-05
2.411e-05
2.3489e-05
2.408e-05
2.3517e-05
2.4064e-05
2.3504e-05
2.4112e-05
2.3489e-05
2.4068e-05
2.3511e-05
2.4063e-05
2.3495e-05
2.4121e-05
2.349e-05
2.4076e-05
2.352e-05
2.4064e-05
2.3493e-05
2.4125e-05
2.349e-05
2.4075e-05
2.352e-05
2.4064e-05
2.3493e-05
2.4125e-05
2.349e-05
2.4075e-05
2.352e-05
2.4064e-05
2.3493e-05
2.4125e-05
2.349e-05
2.4066e-05
2.3535e-05
2.4066e-05
2.349e-05
2.413e-05
2.3491e-05
2.4066e-05
2.3535e-05
2.4066e-05
2.349e-05
2.413e-05
2.3491e-05
2.4066e-05
2.3535e-05
2.4066e-05
2.349e-05
2.4091e-05
2.35e-05
2.4065e-05
2.3516e-05
2.4095e-05
2.349e-05
2.4091e-05
2.35e-05
