0.099486
0.0022749
0.00066175
0.015218
0.025623
0.03255
0.049311
0.061951
0.036642
0.030801
0.027821
0.023631
0.020061
0.012999
0.0096353
0.0075534
0.0084299
0.0079659
0.0083899
-0.0027884
0.011649
0.0087362
-0.0024568
0.011612
0.0086656
-0.0024113
0.011523
0.0086191
-0.0023852
0.01148
0.0085968
-0.0023675
0.011401
0.0085899
-0.0023469
0.011393
0.0085805
-0.0023442
0.011381
0.0085725
-0.0023351
0.011378
0.0085673
-0.0023336
0.011373
0.0085638
-0.0023399
0.01136
0.0085586
-0.0023374
0.011353
0.0085531
-0.0023298
0.011352
0.0085527
-0.0023292
0.011352
0.008546
-0.0023289
0.011344
0.0085432
-0.0023277
0.01134
0.0085394
-0.0023266
0.011334
0.0085308
-0.002325
0.011331
0.008532
-0.0023245
0.011325
0.008524
-0.0023289
0.011309
0.0085184
-0.002318
0.01131
0.0085141
-0.0023173
0.011305
0.0085108
-0.0023166
0.011301
0.0085073
-0.0023153
0.011296
0.0085041
-0.0023146
0.011346
0.0085372
-0.0023202
0.011336
0.0085377
-0.0023215
0.011364
0.0085542
-0.0023239
0.011359
0.0085543
-0.0023269
0.011357
0.0085538
-0.0023264
0.011357
0.0085536
-0.0023258
0.011358
0.0085537
-0.0023256
0.011358
0.0085553
-0.0023254
0.01136
0.0085548
-0.0023254
0.01136
0.0085555
-0.0023249
0.011361
0.0085562
-0.0023258
0.011362
0.0085592
-0.0023266
0.011363
0.0085569
-0.002326
0.011401
0.0085804
-0.00233
0.011395
0.0085817
-0.002331
0.011397
0.0085827
-0.0023317
0.0114
0.0085843
-0.002332
0.011399
0.0085841
-0.0023321
0.011399
0.0085625
-0.0023309
0.011377
0.0085689
-0.002329
0.011376
0.0085672
-0.002333
0.011372
0.0085652
-0.0023277
0.011374
0.0085659
-0.0023272
0.011375
0.0085663
-0.0023276
0.011375
0.0085664
-0.0023281
0.011375
0.0085665
-0.0023281
0.011375
0.0085665
-0.0023281
0.011375
0.0085666
-0.002328
0.011375
0.0085664
-0.0023281
0.011375
0.0085666
-0.002329
0.011374
0.0085653
-0.0023282
0.011373
0.008565
-0.0023276
0.011373
0.0085658
-0.0023273
0.011374
0.0085653
-0.0023273
0.011374
0.0085653
-0.0023274
0.011373
0.0085656
-0.0023274
0.011375
0.0085662
-0.0023277
