1.3562
0.10428
0.35156
0.49066
0.67329
0.9977
1.5805
1.4475
1.2599
1.1366
1.0125
0.89472
0.71515
0.56724
0.45512
0.40509
0.3745
0.36461
0.19742
0.36363
0.34696
0.19253
0.35544
0.34221
0.19066
0.35216
0.34015
0.18974
0.35089
0.3393
0.18936
0.3489
0.33863
0.1892
0.34862
0.33832
0.18901
0.34825
0.33802
0.18895
0.34819
0.33789
0.18887
0.34804
0.33776
0.18869
0.34767
0.3375
0.18857
0.34745
0.33729
0.18854
0.34742
0.3373
0.18855
0.34743
0.33708
0.18842
0.3472
0.33694
0.18835
0.34705
0.3368
0.18827
0.34683
0.33661
0.18814
0.34675
0.33651
0.18811
0.34653
0.33633
0.18788
0.34611
0.33604
0.18785
0.34607
0.33591
0.18777
0.34593
0.33577
0.18769
0.34578
0.33562
0.18762
0.34564
0.33549
0.18754
0.34677
0.3368
0.18827
0.34686
0.33682
0.18828
0.34755
0.3375
0.18864
0.34753
0.33747
0.18864
0.34754
0.33745
0.18863
0.34753
0.33745
0.18863
0.34753
0.33745
0.18863
0.34754
0.33747
0.18865
0.34756
0.33748
0.18865
0.34763
0.33755
0.18868
0.34763
0.33755
0.18869
0.34763
0.33751
0.18869
0.34761
0.33753
0.18868
0.34859
0.33853
0.18923
0.34871
0.3386
0.18926
0.34872
0.3386
0.18927
0.34875
0.33864
0.18929
0.34875
0.33864
0.18929
0.34876
0.33804
0.18892
0.34809
0.33792
0.18891
0.34804
0.33793
0.18889
0.34806
0.33794
0.18889
0.34803
0.33793
0.1889
0.34803
0.33794
0.1889
0.34804
0.33794
0.1889
0.34804
0.33794
0.18891
0.34804
0.33794
0.18891
0.34804
0.33794
0.18891
0.34804
0.33794
0.1889
0.34804
0.33794
0.18888
0.34797
0.33787
0.18887
0.34797
0.33787
0.18887
0.34797
0.33788
0.18888
0.34798
0.33788
0.18888
0.34798
0.33788
0.18888
0.34804
0.33794
0.1889
0.34803
0.33793
0.1889
0.34804
