139.37
5.8855
3.3594
4.3692
3.0444
2.146
1.6247
2.4901
2.2144
1.9655
1.7797
1.5889
1.4057
1.1293
0.898
0.71333
0.63185
0.58533
1.1348
0.32903
0.54157
1.0748
0.31581
0.53139
1.0589
0.31285
0.52639
1.0528
0.31123
0.52463
1.0503
0.31052
0.52168
1.0484
0.31012
0.52137
1.0474
0.30981
0.52083
1.0465
0.30968
0.52078
1.0461
0.30954
0.52058
1.0457
0.30926
0.51997
1.0449
0.30906
0.51963
1.0443
0.30898
0.51964
1.0443
0.30899
0.51966
1.0436
0.30879
0.5193
1.0432
0.30867
0.5191
1.0427
0.30852
0.51876
1.0421
0.30831
0.51864
1.0418
0.30826
0.51832
1.0413
0.30792
0.51765
1.0404
0.30782
0.51764
1.04
0.30768
0.51744
1.0395
0.30756
0.51722
1.0391
0.30743
0.517
1.0387
0.3073
0.51877
1.0427
0.3085
0.51884
1.0428
0.30853
0.51989
1.0449
0.30911
0.51985
1.0448
0.30913
0.51982
1.0448
0.30911
0.51982
1.0448
0.30911
0.51984
1.0448
0.30912
0.51984
1.0448
0.30915
0.51988
1.0448
0.30915
0.51999
1.045
0.30919
0.51998
1.045
0.3092
0.51998
1.0449
0.30922
0.51994
1.045
0.3092
0.52147
1.048
0.3101
0.52162
1.0483
0.31016
0.52161
1.0483
0.31017
0.52166
1.0484
0.31022
0.52166
1.0484
0.31022
0.52166
1.0465
0.30964
0.52064
1.0462
0.30959
0.52056
1.0462
0.30956
0.52062
1.0463
0.30955
0.52058
1.0462
0.30956
0.52059
1.0462
0.30957
0.52059
1.0462
0.30958
0.52059
1.0462
0.30958
0.52059
1.0462
0.30958
0.52059
1.0462
0.30958
0.52059
1.0462
0.30958
0.52059
1.0462
0.30953
0.52047
1.046
0.30951
0.52047
1.046
0.30951
0.52047
1.046
0.30953
0.52049
1.0461
0.30953
0.52049
1.0461
0.30952
0.52059
1.0462
0.30956
0.52059
1.0462
0.30957
