1.1,0.96934,0,-0.020003,1,-0.0071929,0.90124,-0.020003,-0.020003,-0.020003
0.91842,1.1,0,0.0086408,0.019085,-0.0082351,0.92122,0.99953,0.0086408,-0.002254
0.96422,1.0543,0,0.0010878,0.0063076,0.0022024,0.92109,1.0127,0.0010878,-0.0010058
1.0085,1.01,0,0.002,0.33976,0.0039854,0.92098,0.67951,0.002,-6.8231e-06
1.0079,1.0106,0,0.0019895,0.56407,0.0039581,0.92091,0.4552,0.0019895,0.0006754
1.0181,1.0107,0,0.0019867,0.60255,0.0039492,0.92084,0.41672,0.0019867,0.00090278
1.0105,1.0183,0,0.0018313,0.54698,0.0036385,0.92081,0.47223,0.0018313,0.00069651
1.0056,1.0157,0,0.0018816,0.50356,0.0037474,0.92078,0.51566,0.0018816,0.00061918
1.0068,1.0081,0,0.0020374,0.49316,0.0040553,0.92074,0.52612,0.0020374,0.00062903
1.0095,1.0055,0,0.0020919,0.50063,0.0041624,0.92073,0.51862,0.0020919,0.00066278
1.0101,1.0087,0,0.0020261,0.50664,0.0040316,0.92072,-0.33987,-0.0029309,0.3209
1.0083,1.0105,0,0.011763,-0.055845,-0.00089279,0.92071,-0.057375,0.0019374,0.31989
1.0115,1.0073,0,0.013454,-0.33751,-0.0024364,0.92067,0.22429,0.0036288,0.31898
1.0106,1.0082,0,0.01343,-0.52528,-0.0024702,0.9206,0.41206,0.00033652,0.31965
1.0106,1.0082,0,0.011816,-0.24445,0.00023441,0.92064,0.068641,-0.0023798,0.32078
1.01,1.0088,0,0.012726,-0.067667,3.4007e-05,0.92063,-0.1325,-0.0021454,0.32105
1.0099,1.0089,0,0.012935,-0.038795,0.00030058,0.92064,-0.10828,-0.0023753,0.32096
1.0099,1.0089,0,0.013073,-0.034962,0.00047281,0.92064,-0.08479,-0.0025412,0.32089
1.0007,1.0088,0,0.013176,-0.041508,0.00057745,0.92064,-0.067855,-0.0026415,0.32085
1.0047,0.99959,0,0.01343,-0.049298,0.00083225,0.92063,-0.058738,-0.0026162,0.32082
1.0053,0.99898,0,0.013425,-0.054959,0.00082786,0.92063,-0.055271,-0.0027328,0.32081
0.99978,1.0016,0,0.013336,-0.055399,0.0007603,0.92064,-0.054847,-0.0028224,0.32081
1.0028,0.99858,0,0.013418,-0.05829,0.00082068,0.92063,-0.052082,-0.0027926,0.32081
1.0013,1.0001,0,0.01337,-0.056552,0.00077588,0.92064,-0.053829,-0.0028409,0.32082
0.99936,1.0001,0,0.01337,-0.055969,0.00077499,0.92064,-0.057033,-0.0028415,0.32082
1.0003,0.99824,0,0.013389,-0.056645,0.0008136,0.92064,-0.056351,-0.0028225,0.32082
1.0003,0.99823,0,0.013379,-0.056874,0.00079529,0.92064,-0.056125,-0.0028316,0.32082
0.99941,0.99869,0,0.01337,-0.056951,0.00077654,0.92064,-0.056051,-0.0028406,0.32082
0.99985,0.99825,0,0.013375,-0.056976,0.0007854,0.92064,-0.056025,-0.0028361,0.32082
0.99942,0.99847,0,0.01337,-0.056985,0.00077664,0.92064,-0.056017,-0.0028408,0.32082
0.99962,0.99827,0,0.013372,-0.056987,0.00078074,0.92064,-0.056015,-0.0028386,0.32082
0.99942,0.99836,0,0.013371,-0.056988,0.00077677,0.92064,-0.056014,-0.0028404,0.32082
0.99959,0.99819,0,0.013377,-0.058443,0.00077734,0.9206,-0.054559,-0.0028345,0.32081
0.99947,0.99831,0,0.01337,-0.057474,0.00077665,0.9206,-0.055528,-0.002841,0.32081
0.99936,0.99831,0,0.01337,-0.05715,0.00077654,0.9206,-0.055852,-0.0028409,0.32081
0.99942,0.99821,0,0.013371,-0.057042,0.00077872,0.9206,-0.055959,-0.0028398,0.32082
0.99942,0.99821,0,0.013371,-0.057006,0.00077753,0.9206,-0.055995,-0.0028402,0.32082
0.99937,0.99824,0,0.013374,-0.058455,0.00077241,0.92053,-0.054547,-0.0028366,0.32081
0.99936,0.9982,0,0.013371,-0.057478,0.00077713,0.92053,-0.055524,-0.0028404,0.32081
0.99938,0.99818,0,0.01337,-0.057151,0.0007774,0.92053,-0.05585,-0.0028407,0.32081
0.99935,0.99821,0,0.01337,-0.057043,0.00077632,0.92053,-0.054341,-0.0028408,0.32082
0.99932,0.9982,0,0.01337,-0.056467,0.00077659,0.92053,-0.056535,-0.0028406,0.32082
0.99931,0.99816,0,0.013371,-0.056815,0.00077732,0.92053,-0.056187,-0.0028402,0.32082
0.99934,0.99813,0,0.013371,-0.056931,0.00077767,0.92053,-0.056071,-0.0028403,0.32082
0.99929,0.99816,0,0.01337,-0.056969,0.00077666,0.92053,-0.14874,-0.0028409,0.32073
0.99951,0.99794,0,0.013375,-0.12023,0.00078274,0.92053,-0.11783,-0.0028404,0.32063
0.99958,0.99787,0,0.013373,-0.11976,0.00078368,0.92053,-0.1183,-0.0028423,0.32063
0.9995,0.99795,0,0.013372,-0.15131,0.00077956,0.92039,-0.086752,-0.0028429,0.32054
0.99932,0.99788,0,0.013373,-0.17236,0.00078167,0.92039,-0.10795,-0.0028434,0.3206
0.99939,0.99764,0,0.013378,-0.16175,0.00078413,0.92053,-0.13964,-0.0028427,0.3207
0.99949,0.99755,0,0.013378,-0.15471,0.00078459,0.92053,-0.14668,-0.0028431,0.32072
0.99938,0.99766,0,0.013376,-0.15236,0.00078056,0.92053,-0.14903,-0.0028452,0.32073
0.99939,0.99765,0,0.013376,-0.15157,0.00078082,0.92053,-0.14982,-0.0028451,0.32073
0.99913,0.99766,0,0.013376,-0.15131,0.0007806,0.92053,-0.15027,-0.0028451,0.32068
0.99951,0.99728,0,0.01338,-0.15138,0.00079211,0.92039,-0.15011,-0.002841,0.32068
0.99914,0.99753,0,0.013376,-0.15128,0.00078141,0.92039,-0.1503,-0.0028454,0.32068
0.99931,0.99734,0,0.013377,-0.15134,0.00078724,0.92013,-0.14987,-0.0028428,0.32066
0.99912,0.99745,0,0.013375,-0.15117,0.00078201,0.92013,-0.14986,-0.0028448,0.32064
0.99919,0.99738,0,0.013376,-0.15106,0.00078346,0.92013,-0.14997,-0.0028445,0.32064
0.99915,0.99742,0,0.013375,-0.15102,0.00078202,0.92013,-0.15001,-0.0028455,0.32064
0.99916,0.99743,0,0.013373,-0.15083,0.00078333,0.91956,-0.15022,-0.002847,0.32064
0.99904,0.99744,0,0.013375,-0.15095,0.00078171,0.91956,-0.1501,-0.0028454,0.32064
0.99917,0.99733,0,0.013376,-0.151,0.00078447,0.91956,-0.15005,-0.0028443,0.32064
0.99913,0.9974,0,0.013375,-0.151,0.00078214,0.91956,-0.15005,-0.0028453,0.32064
0.99916,0.9974,0,0.013373,-0.15078,0.0007833,0.9185,-0.15048,-0.0028457,0.32062
0.99917,0.99744,0,0.013374,-0.151,0.00078171,0.9185,-0.15025,-0.0028451,0.32062
0.9992,0.99746,0,0.013374,-0.15108,0.00078179,0.9185,-0.15015,-0.0028452,0.32061
0.99916,0.9975,0,0.013373,-0.15109,0.00078172,0.9185,-0.15013,-0.0028455,0.32061
0.99932,0.99746,0,0.013372,-0.15097,0.00078285,0.9185,-0.15013,-0.0028446,0.32061
0.99919,0.99759,0,0.013372,-0.15102,0.00077951,0.9185,-0.15008,-0.0028452,0.32061
0.99926,0.99752,0,0.013373,-0.15103,0.00078236,0.9185,-0.15007,-0.0028442,0.32061
0.99925,0.99753,0,0.013373,-0.15104,0.00078208,0.9185,-0.15005,-0.0028443,0.3206
0.99925,0.99753,0,0.013373,-0.15103,0.00078237,0.9185,-0.15006,-0.0028443,0.3206
0.99926,0.99752,0,0.013373,-0.15103,0.00078256,0.9185,-0.15006,-0.0028443,0.3206
0.99908,0.99753,0,0.013373,-0.15103,0.00078229,0.9185,-0.15006,-0.0028444,0.32059
0.99926,0.99735,0,0.013374,-0.15104,0.00078602,0.9185,-0.15005,-0.0028427,0.32059
0.99907,0.99744,0,0.013373,-0.15103,0.00078211,0.9185,-0.15006,-0.0028443,0.32059
0.99908,0.99734,0,0.013373,-0.15103,0.00078431,0.9185,-0.15006,-0.0028435,0.32059
0.99911,0.99731,0,0.013374,-0.15103,0.00078382,0.9185,-0.15006,-0.0028434,0.32059
0.99908,0.99734,0,0.013373,-0.15103,0.00078264,0.9185,-0.15006,-0.0028444,0.32059
0.99907,0.99735,0,0.013372,-0.15104,0.00078241,0.9185,-0.15005,-0.0028446,0.32059
0.99908,0.99735,0,0.013373,-0.15103,0.00078225,0.9185,-0.15006,-0.0028442,0.32059
0.99908,0.99735,0,0.013373,-0.15103,0.00078242,0.9185,-0.15006,-0.0028444,0.32059
0.99908,0.99735,0,0.013373,-0.15103,0.00078246,0.9185,-0.15006,-0.0028445,0.32059
0.99908,0.99735,0,0.013372,-0.15104,0.00078246,0.9185,-0.15005,-0.0028445,0.32059
0.99908,0.99735,0,0.013373,-0.15103,0.00078212,0.9185,-0.15006,-0.0028443,0.32059
0.99908,0.99735,0,0.013373,-0.15103,0.00078229,0.9185,-0.15006,-0.0028445,0.32059
0.99908,0.99735,0,0.013372,-0.15103,0.00078234,0.9185,-0.15006,-0.0028436,0.32057
0.99908,0.99735,0,0.013372,-0.15104,0.00078255,0.9185,-0.15005,-0.0028439,0.32057
0.99908,0.99735,0,0.013372,-0.15103,0.00078258,0.9185,-0.15006,-0.002844,0.32057
0.99908,0.99735,0,0.01337,-0.15097,0.00078257,0.9185,-0.15006,-0.002844,0.32057
0.99915,0.99736,0,0.013371,-0.15099,0.0007819,0.9185,-0.15004,-0.0028434,0.32057
0.99908,0.99743,0,0.01337,-0.151,0.00078076,0.9185,-0.15003,-0.0028442,0.32056
0.99912,0.99739,0,0.01337,-0.15097,0.00078235,0.9185,-0.15003,-0.0028434,0.32055
0.99912,0.99739,0,0.01337,-0.15098,0.00078214,0.9185,-0.15002,-0.0028432,0.32055
0.99912,0.99739,0,0.01337,-0.15099,0.00078208,0.9185,-0.15001,-0.0028432,0.32055
0.99912,0.99739,0,0.01337,-0.15099,0.00078203,0.9185,-0.15001,-0.0028433,0.32055
0.99912,0.99739,0,0.01337,-0.15099,0.00078197,0.9185,-0.15001,-0.0028433,0.32055
0.99912,0.99739,0,0.01337,-0.15098,0.00078193,0.9185,-0.15002,-0.0028433,0.32055
0.99912,0.99739,0,0.01337,-0.15099,0.0007819,0.9185,-0.15001,-0.0028433,0.32055
0.99912,0.9974,0,0.01337,-0.15099,0.00078188,0.9185,-0.15002,-0.0028434,0.32055
0.99912,0.9974,0,0.01337,-0.15099,0.00078204,0.9185,-0.15002,-0.0028433,0.32055
0.99914,0.9974,0,0.01337,-0.15099,0.00078218,0.9185,-0.15001,-0.0028432,0.32054
0.99913,0.99741,0,0.01337,-0.15099,0.000782,0.9185,-0.15001,-0.0028434,0.32053
0.99913,0.99741,0,0.01337,-0.15099,0.00078232,0.9185,-0.15002,-0.0028435,0.32053
0.99913,0.99741,0,0.01337,-0.15099,0.0007825,0.9185,-0.15001,-0.0028434,0.32053
0.99914,0.9974,0,0.01337,-0.15099,0.00078266,0.9185,-0.15002,-0.0028433,0.32053
0.99913,0.99741,0,0.01337,-0.15099,0.00078238,0.9185,-0.15002,-0.0028434,0.32053
0.99914,0.9974,0,0.01337,-0.15099,0.00078258,0.9185,-0.15001,-0.0028434,0.32053
0.99913,0.99741,0,0.01337,-0.15099,0.0007823,0.9185,-0.15001,-0.0028435,0.32053
0.99913,0.99741,0,0.01337,-0.15098,0.00078249,0.9185,-0.15003,-0.0028434,0.32053
0.99914,0.9974,0,0.01337,-0.15099,0.00078264,0.9185,-0.15002,-0.0028434,0.32053
0.99913,0.99741,0,0.013369,-0.15098,0.00078234,0.9185,-0.15002,-0.0028434,0.32053
0.99914,0.9974,0,0.013369,-0.15099,0.00078222,0.9185,-0.15001,-0.0028431,0.32053
0.99913,0.99741,0,0.013369,-0.15099,0.00078183,0.9185,-0.15,-0.0028431,0.32052
0.99913,0.99741,0,0.013369,-0.15098,0.00078207,0.9185,-0.15001,-0.0028431,0.32052
0.99914,0.9974,0,0.013369,-0.15098,0.00078224,0.9185,-0.15001,-0.002843,0.32052
0.99913,0.99741,0,0.013369,-0.15099,0.00078197,0.9185,-0.15001,-0.0028431,0.32052
0.99912,0.99741,0,0.013369,-0.15098,0.00078217,0.9185,-0.15001,-0.0028431,0.32051
0.99914,0.99739,0,0.013369,-0.15098,0.0007826,0.9185,-0.15001,-0.002843,0.32051
0.99913,0.9974,0,0.013369,-0.15099,0.00078212,0.9185,-0.15,-0.0028431,0.3205
0.99914,0.9974,0,0.013369,-0.15098,0.00078227,0.9185,-0.15001,-0.0028434,0.3205
0.99913,0.99741,0,0.013368,-0.15098,0.00078206,0.9185,-0.15001,-0.0028435,0.3205
0.99913,0.99741,0,0.013369,-0.15098,0.00078196,0.9185,-0.15001,-0.0028432,0.3205
0.99913,0.99741,0,0.013369,-0.15099,0.00078233,0.9185,-0.15001,-0.0028433,0.3205
0.99915,0.9974,0,0.013369,-0.15098,0.00078255,0.9185,-0.15001,-0.0028433,0.3205
0.99914,0.99741,0,0.013368,-0.15098,0.00078208,0.9185,-0.15001,-0.0028435,0.3205
0.99914,0.99742,0,0.013369,-0.15099,0.00078178,0.9185,-0.15,-0.0028433,0.32049
0.99915,0.99742,0,0.013368,-0.15098,0.00078227,0.9185,-0.15001,-0.0028435,0.32049
0.99915,0.99742,0,0.013369,-0.15098,0.00078201,0.9185,-0.15001,-0.0028433,0.32049
0.99915,0.99742,0,0.013368,-0.15098,0.00078223,0.9185,-0.15001,-0.0028436,0.32049
0.99915,0.99742,0,0.013369,-0.15099,0.00078194,0.9185,-0.15001,-0.0028434,0.32049
0.99919,0.99743,0,0.013368,-0.15098,0.00078215,0.9185,-0.15001,-0.0028437,0.32048
0.99915,0.99747,0,0.013368,-0.15098,0.00078135,0.9185,-0.15001,-0.0028439,0.32048
0.99917,0.99745,0,0.013369,-0.15099,0.00078237,0.9185,-0.15,-0.0028434,0.32047
0.99918,0.99744,0,0.013368,-0.15098,0.00078284,0.9185,-0.15001,-0.0028437,0.32047
0.99917,0.99745,0,0.013368,-0.15098,0.00078231,0.9185,-0.15001,-0.0028435,0.32047
0.99917,0.99745,0,0.013369,-0.15098,0.00078244,0.9185,-0.15001,-0.0028434,0.32047
0.99918,0.99744,0,0.013368,-0.15099,0.00078288,0.9185,-0.15001,-0.0028436,0.32047
0.99917,0.99745,0,0.013369,-0.15098,0.00078238,0.9185,-0.15001,-0.0028435,0.32047
0.99919,0.99745,0,0.013368,-0.15098,0.00078281,0.9185,-0.15001,-0.0028437,0.32047
0.99918,0.99746,0,0.013368,-0.15099,0.0007823,0.9185,-0.15,-0.0028435,0.32046
0.99918,0.99746,0,0.013368,-0.15098,0.00078253,0.9185,-0.15001,-0.0028435,0.32046
0.99919,0.99745,0,0.013369,-0.15098,0.00078268,0.9185,-0.15001,-0.0028435,0.32046
0.99918,0.99746,0,0.013368,-0.15098,0.00078271,0.9185,-0.15001,-0.0028439,0.32046
0.99918,0.99746,0,0.013368,-0.15098,0.00078267,0.9185,-0.15001,-0.0028436,0.32046
0.99919,0.99745,0,0.013369,-0.15099,0.00078274,0.9185,-0.15,-0.0028434,0.32045
0.99918,0.99746,0,0.013368,-0.15098,0.00078288,0.9185,-0.15001,-0.0028439,0.32045
0.99919,0.99745,0,0.013368,-0.15098,0.00078289,0.9185,-0.15001,-0.0028437,0.32045
0.99919,0.99746,0,0.013368,-0.15098,0.00078255,0.9185,-0.15001,-0.0028437,0.32044
