9.8043
0.14217
-0.01145
-0.19562
1.1624
0.78476
0.95672
0.25842
-0.63529
-1.2212
-0.82279
0.033546
0.40298
0.53903
0.31964
-0.0040667
-0.017036
-0.10848
-0.028492
0.05978
0.10781
0.13936
0.10314
0.0036404
0.016255
0.018694
0.017224
0.026804
0.028743
0.029073
0.028424
0.02769
0.027152
0.026914
0.026781
0.026454
0.025753
0.024756
0.024431
0.0011294
0.0094289
0.0097636
-0.0034514
0.013969
0.010792
-0.0028831
0.014428
0.010955
-0.0027779
0.014648
0.011124
-0.0030221
0.014657
0.011167
-0.0030018
0.014715
0.011198
-0.0030181
0.014728
0.011211
-0.0030119
0.014753
0.011222
-0.0030195
0.01476
0.011235
-0.0030266
0.014759
0.011228
-0.0030077
0.014775
0.011236
-0.0030129
0.01479
0.011235
-0.0030185
0.014776
0.011241
-0.0030115
0.014782
0.011243
-0.0030085
0.014775
0.011234
-0.0030095
0.014776
0.011238
-0.0030101
0.014771
0.011233
-0.0030081
0.014764
0.011227
-0.0030076
0.014755
0.011222
-0.0030075
0.014747
0.011214
-0.0030062
0.014736
0.011202
-0.0030031
0.014721
0.01119
-0.003
0.0147
0.011176
-0.002999
0.014676
0.011153
-0.002995
0.014644
0.011126
-0.0029947
0.014597
0.011087
-0.0029916
0.014529
0.011028
-0.0029887
0.014424
0.010934
-0.0029954
0.014243
0.010764
-0.003013
0.013874
0.010408
