0.8
-0.080501
0.16099
0.2415
0.20124
0.12745
0.060367
0.011739
-0.0064361
-0.008391
-0.0065328
-0.0044371
-0.0028023
-0.0016915
-0.0009893
-0.00056484
-0.00031591
-0.00017309
-9.2496e-05
-4.7617e-05
-2.2876e-05
-9.3582e-06
-2.0246e-06
1.9296e-06
4.0503e-06
5.1825e-06
5.7845e-06
6.1035e-06
6.272e-06
6.3608e-06
6.4074e-06
6.4318e-06
6.4447e-06
6.4513e-06
6.4548e-06
6.4566e-06
6.4575e-06
6.458e-06
6.4583e-06
6.4584e-06
6.4584e-06
6.4585e-06
6.4585e-06
6.4585e-06
6.4585e-06
6.4585e-06
6.4585e-06
6.4585e-06
6.4586e-06
-7.0712e-06
-7.0717e-06
6.4585e-06
-1.6091e-05
-1.6091e-05
-3.0643e-07
-2.0977e-05
-1.9851e-05
-2.9838e-06
-2.2849e-05
-2.1276e-05
-3.9983e-06
-2.3556e-05
-2.1813e-05
-4.3803e-06
-2.3822e-05
-2.2017e-05
-4.5238e-06
-2.3923e-05
-2.2093e-05
-4.5791e-06
-2.3961e-05
-2.2123e-05
-4.5996e-06
-2.3976e-05
-2.2134e-05
-4.6076e-06
-2.3981e-05
-2.2138e-05
-4.6098e-06
-2.3983e-05
-2.2139e-05
-4.6113e-06
-2.3984e-05
-2.214e-05
-4.6121e-06
-2.3985e-05
-2.214e-05
-4.6128e-06
-2.3984e-05
-2.214e-05
-4.6111e-06
-2.3985e-05
-2.214e-05
-4.6128e-06
-2.3984e-05
-2.214e-05
-4.6111e-06
-2.3985e-05
-2.214e-05
-4.6128e-06
-2.3984e-05
-2.214e-05
-4.6111e-06
-2.3985e-05
-2.214e-05
-4.6128e-06
-2.3984e-05
-2.214e-05
-4.6111e-06
-2.3985e-05
-2.214e-05
-4.6128e-06
-2.3984e-05
-2.214e-05
-4.6111e-06
-2.3985e-05
-2.214e-05
-4.6128e-06
-2.3984e-05
-2.214e-05
-4.6111e-06
-2.3985e-05
-2.214e-05
-4.6128e-06
-2.3984e-05
-2.214e-05
-4.6111e-06
-2.3985e-05
-2.214e-05
-4.6128e-06
-2.3984e-05
-2.214e-05
-4.6111e-06
-2.3985e-05
-2.214e-05
-4.6128e-06
-2.3984e-05
-2.214e-05
-4.6111e-06
-2.3985e-05
-2.214e-05
-4.6128e-06
-2.3984e-05
-2.214e-05
-4.6111e-06
-2.3985e-05
-2.214e-05
-4.6128e-06
-2.3984e-05
-2.214e-05
-4.6111e-06
-2.3985e-05
-2.214e-05
-4.6128e-06
-2.3984e-05
-2.214e-05
-4.6111e-06
-2.3985e-05
-2.214e-05
-4.6128e-06
-2.3984e-05
-2.214e-05
-4.6111e-06
-2.3985e-05
-2.214e-05
-4.6128e-06
-2.3984e-05
-2.214e-05
-4.6111e-06
-2.3985e-05
-2.214e-05
-4.6128e-06
-2.3984e-05
-2.214e-05
-4.6111e-06
-2.3985e-05
-2.214e-05
-4.6128e-06
-2.3984e-05
-2.214e-05
-4.6111e-06
-2.3985e-05
-2.214e-05
-4.6128e-06
-2.3984e-05
-2.214e-05
-4.6111e-06
-2.3985e-05
-2.214e-05
-4.6128e-06
-2.3984e-05
-2.214e-05
-4.6111e-06
-2.3985e-05
-2.214e-05
-4.6128e-06
-2.3984e-05
-2.214e-05
-4.6111e-06
-2.3985e-05
