-5.2463e-07,0.005,0.4025,-1.85e-05,-5.2463e-07,-5.2463e-07,-5.2463e-07,0.4025,-1.85e-05,-0.0012236
-1.0566e-09,0.005,0.080498,-3.7181e-06,-1.0566e-09,-1.0566e-09,-1.0566e-09,0.080498,-3.7181e-06,-0.0002446
1.0861e-13,0.005,-0.16101,7.4363e-06,1.0859e-13,1.0859e-13,1.0859e-13,-0.16101,7.4363e-06,0.00048924
-1.9186e-16,0.005,-0.24149,1.1154e-05,-1.6761e-16,-1.6761e-16,-1.6761e-16,-0.24149,1.1154e-05,0.0007338
3.0185e-17,0.005,-0.20125,9.2944e-06,2.5184e-19,2.5184e-19,2.5184e-19,-0.20125,9.2944e-06,0.00061152
3.0185e-17,0.005,-0.12746,5.887e-06,-2.5292e-23,-2.5292e-23,-2.5292e-23,-0.12746,5.887e-06,0.0003873
3.0185e-17,0.005,-0.060376,2.7886e-06,2.5369e-27,2.5369e-27,2.5369e-27,-0.060376,2.7886e-06,0.00018346
3.0185e-17,0.005,-0.011733,5.4199e-07,-3.8286e-30,-3.8286e-30,-3.8286e-30,-0.011733,5.4199e-07,3.5651e-05
3.0185e-17,0.005,0.006425,-2.9675e-07,-6.4278e-32,-6.4278e-32,-6.4278e-32,0.006425,-2.9675e-07,-1.9523e-05
3.0185e-17,0.005,0.0083826,-3.8715e-07,-1.0792e-33,-1.0792e-33,-1.0792e-33,0.0083826,-3.8715e-07,-2.5471e-05
3.0185e-17,0.005,0.0065388,-3.02e-07,1.6053e-36,1.6053e-36,1.6053e-36,0.0065388,-3.02e-07,-1.9869e-05
3.0185e-17,0.005,0.0044432,-2.0521e-07,-2.3879e-39,-2.3879e-39,-2.3879e-39,0.0044432,-2.0521e-07,-1.3501e-05
3.0185e-17,0.005,0.0028086,-1.2971e-07,3.552e-42,3.552e-42,3.552e-42,0.0028086,-1.2971e-07,-8.5343e-06
3.0185e-17,0.005,0.0016978,-7.8413e-08,-5.2836e-45,-5.2836e-45,-5.2836e-45,0.0016978,-7.8413e-08,-5.159e-06
3.0185e-17,0.005,0.0009957,-4.5986e-08,7.8593e-48,7.8593e-48,7.8593e-48,0.0009957,-4.5986e-08,-3.0255e-06
3.0185e-17,0.005,0.00057126,-2.6386e-08,-1.1691e-50,-1.1691e-50,-1.1691e-50,0.00057126,-2.6386e-08,-1.7358e-06
3.0185e-17,0.005,0.00032234,-1.4888e-08,1.739e-53,1.739e-53,1.739e-53,0.00032234,-1.4888e-08,-9.7946e-07
3.0185e-17,0.005,0.00017953,-8.2918e-09,-2.5867e-56,-2.5867e-56,-2.5867e-56,0.00017953,-8.2918e-09,-5.4552e-07
3.0185e-17,0.005,9.8957e-05,-4.5705e-09,3.8477e-59,3.8477e-59,3.8477e-59,9.8957e-05,-4.5705e-09,-3.0069e-07
3.0185e-17,0.005,5.4071e-05,-2.4982e-09,-5.7234e-62,-5.7234e-62,-5.7234e-62,5.4071e-05,-2.4982e-09,-1.643e-07
3.0185e-17,0.005,2.9334e-05,-1.3545e-09,8.5134e-65,8.5134e-65,8.5134e-65,2.9334e-05,-1.3545e-09,-8.9133e-08
3.0185e-17,0.005,1.5816e-05,-7.3153e-10,-1.2663e-67,-1.2663e-67,-1.2663e-67,1.5816e-05,-7.3153e-10,-4.8058e-08
3.0185e-17,0.005,8.4824e-06,-3.9029e-10,1.8836e-70,1.8836e-70,1.8836e-70,8.4824e-06,-3.9029e-10,-2.5775e-08
3.0185e-17,0.005,4.5286e-06,-2.1034e-10,-2.8018e-73,-2.8018e-73,-2.8018e-73,4.5286e-06,-2.1034e-10,-1.376e-08
3.0185e-17,0.005,2.4081e-06,-1.1153e-10,4.1676e-76,4.1676e-76,4.1676e-76,2.4081e-06,-1.1153e-10,-7.3171e-09
3.0185e-17,0.005,1.2761e-06,-5.7744e-11,-6.1992e-79,-6.1992e-79,-6.1992e-79,1.2761e-06,-5.7744e-11,-3.8775e-09
3.0185e-17,0.005,6.7406e-07,-3.1123e-11,9.2212e-82,9.2212e-82,9.2212e-82,6.7406e-07,-3.1123e-11,-2.0482e-09
3.0185e-17,0.005,3.5502e-07,-1.4916e-11,-1.3716e-84,-1.3716e-84,-1.3716e-84,3.5502e-07,-1.4916e-11,-1.0788e-09
3.0185e-17,0.005,1.8648e-07,-9.4826e-12,2.0402e-87,2.0402e-87,2.0402e-87,1.8648e-07,-9.4826e-12,-5.666e-10
3.0185e-17,0.005,9.7838e-08,-4.3491e-12,-3.0348e-90,-3.0348e-90,-3.0348e-90,9.7838e-08,-4.3491e-12,-2.9729e-10
3.0185e-17,0.005,5.1195e-08,-3.7622e-12,4.5142e-93,4.5142e-93,4.5142e-93,5.1195e-08,-3.7622e-12,-1.5552e-10
3.0185e-17,0.005,2.6652e-08,-5.0161e-13,-6.7148e-96,-6.7148e-96,-6.7148e-96,2.6652e-08,-5.0161e-13,-8.1007e-11
3.0185e-17,0.005,1.4009e-08,-1.7888e-12,9.9881e-99,9.9881e-99,9.9881e-99,1.4009e-08,-1.7888e-12,-4.2533e-11
3.0185e-17,0.005,7.266e-09,6.4965e-13,-1.4857e-101,-1.4857e-101,-1.4857e-101,7.266e-09,6.4965e-13,-2.2109e-11
3.0185e-17,0.005,3.823e-09,9.3662e-13,2.2099e-104,2.2099e-104,2.2099e-104,3.823e-09,9.3662e-13,-1.165e-11
3.0185e-17,0.005,1.98e-09,1.1497e-12,-3.2872e-107,-3.2872e-107,-3.2872e-107,1.98e-09,1.1497e-12,-6.0542e-12
3.0185e-17,0.005,9.3702e-10,-6.7326e-13,4.8896e-110,4.8896e-110,4.8896e-110,9.3702e-10,-6.7326e-13,-2.8281e-12
3.0185e-17,0.005,3.9404e-10,-5.2024e-13,-7.2732e-113,-7.2732e-113,-7.2732e-113,3.9404e-10,-5.2024e-13,-1.1821e-12
3.0185e-17,0.005,2.5105e-10,-3.8569e-13,1.0819e-115,1.0819e-115,1.0819e-115,2.5105e-10,-3.8569e-13,-7.5148e-13
3.0185e-17,0.005,2.0806e-10,-2.5576e-13,-1.6093e-118,-1.6093e-118,-1.6093e-118,2.0806e-10,-2.5576e-13,-6.2474e-13
3.0185e-17,0.005,6.5073e-11,-1.2121e-13,2.3938e-121,2.3938e-121,2.3938e-121,6.5073e-11,-1.2121e-13,-1.9414e-13
3.0185e-17,0.005,1.2209e-10,4.0977e-15,-3.5607e-124,-3.5607e-124,-3.5607e-124,1.2209e-10,4.0977e-15,-3.7126e-13
3.0185e-17,0.005,7.9103e-11,1.3402e-13,5.2965e-127,5.2965e-127,5.2965e-127,7.9103e-11,1.3402e-13,-2.4455e-13
3.0185e-17,0.005,3.6116e-11,2.6395e-13,-7.8784e-130,-7.8784e-130,-7.8784e-130,3.6116e-11,2.6395e-13,-1.1782e-13
3.0185e-17,0.005,-6.871e-12,3.9388e-13,1.1719e-132,1.1719e-132,1.1719e-132,-6.871e-12,3.9388e-13,8.914e-15
3.0185e-17,0.005,-4.9858e-11,5.2381e-13,-1.7432e-135,-1.7432e-135,-1.7432e-135,-4.9858e-11,5.2381e-13,1.3564e-13
3.0185e-17,0.005,-9.2845e-11,6.5374e-13,2.593e-138,2.593e-138,2.593e-138,-9.2845e-11,6.5374e-13,2.6238e-13
3.0185e-17,0.005,-1.3583e-10,7.8367e-13,-3.857e-141,-3.857e-141,-3.857e-141,-1.3583e-10,7.8367e-13,3.8911e-13
3.0185e-17,0.005,2.1182e-11,9.0436e-13,5.7372e-144,5.7372e-144,5.7372e-144,2.1182e-11,9.0436e-13,-9.1886e-14
3.0185e-17,0.005,-2.7059e-05,1.2509e-09,9.6325e-146,9.6325e-146,9.6325e-146,-2.7059e-05,1.2509e-09,8.2222e-08
3.0185e-17,0.005,-2.706e-05,1.2473e-09,1.6173e-147,1.6173e-147,1.6173e-147,-2.706e-05,1.2473e-09,8.2224e-08
3.0185e-17,0.005,-5.1804e-10,2.3904e-13,-2.4057e-150,-2.4057e-150,-2.4057e-150,-5.1804e-10,2.3904e-13,1.5683e-12
3.0185e-17,0.005,-1.804e-05,8.3376e-10,-4.0391e-152,-4.0391e-152,-4.0391e-152,-1.804e-05,8.3376e-10,5.4815e-08
3.0185e-17,0.005,-1.804e-05,8.3285e-10,-6.7815e-154,-6.7815e-154,-6.7815e-154,-1.804e-05,8.3285e-10,5.4816e-08
3.0185e-17,0.005,6.7646e-06,-3.1239e-10,1.0087e-156,1.0087e-156,1.0087e-156,6.7646e-06,-3.1239e-10,-2.0555e-08
3.0185e-17,0.005,-1.3153e-05,6.0709e-10,1.6936e-158,1.6936e-158,1.6936e-158,-1.3153e-05,6.0709e-10,3.9967e-08
3.0185e-17,0.005,-1.4285e-05,6.5939e-10,2.8435e-160,2.8435e-160,2.8435e-160,-1.4285e-05,6.5939e-10,4.3406e-08
3.0185e-17,0.005,9.4413e-06,-4.362e-10,-4.2296e-163,-4.2296e-163,-4.2296e-163,9.4413e-06,-4.362e-10,-2.8688e-08
3.0185e-17,0.005,-1.1283e-05,5.2126e-10,-7.1013e-165,-7.1013e-165,-7.1013e-165,-1.1283e-05,5.2126e-10,3.4283e-08
3.0185e-17,0.005,-1.2857e-05,5.9352e-10,-1.1923e-166,-1.1923e-166,-1.1923e-166,-1.2857e-05,5.9352e-10,3.9067e-08
3.0185e-17,0.005,1.0455e-05,-4.83e-10,1.7735e-169,1.7735e-169,1.7735e-169,1.0455e-05,-4.83e-10,-3.1768e-08
3.0185e-17,0.005,-1.0577e-05,4.8883e-10,2.9776e-171,2.9776e-171,2.9776e-171,-1.0577e-05,4.8883e-10,3.2139e-08
3.0185e-17,0.005,-1.2319e-05,5.6874e-10,4.9993e-173,4.9993e-173,4.9993e-173,-1.2319e-05,5.6874e-10,3.7432e-08
3.0185e-17,0.005,1.0837e-05,-5.006e-10,-7.4363e-176,-7.4363e-176,-7.4363e-176,1.0837e-05,-5.006e-10,-3.2929e-08
3.0185e-17,0.005,-1.0309e-05,4.7661e-10,-1.2485e-177,-1.2485e-177,-1.2485e-177,-1.0309e-05,4.7661e-10,3.1324e-08
3.0185e-17,0.005,-1.2119e-05,5.5928e-10,-2.0962e-179,-2.0962e-179,-2.0962e-179,-1.2119e-05,5.5928e-10,3.6824e-08
3.0185e-17,0.005,1.098e-05,-5.0703e-10,3.1181e-182,3.1181e-182,3.1181e-182,1.098e-05,-5.0703e-10,-3.3365e-08
3.0185e-17,0.005,-1.021e-05,4.7223e-10,5.2352e-184,5.2352e-184,5.2352e-184,-1.021e-05,4.7223e-10,3.1023e-08
3.0185e-17,0.005,-1.204e-05,5.564e-10,8.7897e-186,8.7897e-186,8.7897e-186,-1.204e-05,5.564e-10,3.6584e-08
3.0185e-17,0.005,1.1036e-05,-5.097e-10,-1.3074e-188,-1.3074e-188,-1.3074e-188,1.1036e-05,-5.097e-10,-3.3534e-08
3.0185e-17,0.005,-1.017e-05,4.6957e-10,-2.1951e-190,-2.1951e-190,-2.1951e-190,-1.017e-05,4.6957e-10,3.0902e-08
3.0185e-17,0.005,-1.2012e-05,5.5515e-10,-3.6855e-192,-3.6855e-192,-3.6855e-192,-1.2012e-05,5.5515e-10,3.6499e-08
3.0185e-17,0.005,1.1056e-05,-5.1068e-10,5.4821e-195,5.4821e-195,5.4821e-195,1.1056e-05,-5.1068e-10,-3.3596e-08
3.0185e-17,0.005,-1.0156e-05,4.6891e-10,9.2042e-197,9.2042e-197,9.2042e-197,-1.0156e-05,4.6891e-10,3.0859e-08
3.0185e-17,0.005,-1.2e-05,5.5381e-10,1.5453e-198,1.5453e-198,1.5453e-198,-1.2e-05,5.5381e-10,3.6462e-08
3.0185e-17,0.005,1.1065e-05,-5.1107e-10,-2.2986e-201,-2.2986e-201,-2.2986e-201,1.1065e-05,-5.1107e-10,-3.3623e-08
3.0185e-17,0.005,-1.0149e-05,4.6861e-10,-3.8592e-203,-3.8592e-203,-3.8592e-203,-1.0149e-05,4.6861e-10,3.0838e-08
3.0185e-17,0.005,-1.1997e-05,5.543e-10,-6.4794e-205,-6.4794e-205,-6.4794e-205,-1.1997e-05,5.543e-10,3.6453e-08
3.0185e-17,0.005,1.1067e-05,-5.1103e-10,9.638e-208,9.638e-208,9.638e-208,1.1067e-05,-5.1103e-10,-3.3629e-08
3.0185e-17,0.005,-1.0149e-05,4.6895e-10,1.6182e-209,1.6182e-209,1.6182e-209,-1.0149e-05,4.6895e-10,3.0838e-08
3.0185e-17,0.005,-1.1995e-05,5.5435e-10,2.7169e-211,2.7169e-211,2.7169e-211,-1.1995e-05,5.5435e-10,3.6447e-08
3.0185e-17,0.005,1.1068e-05,-5.1151e-10,-4.0413e-214,-4.0413e-214,-4.0413e-214,1.1068e-05,-5.1151e-10,-3.363e-08
3.0185e-17,0.005,-1.0148e-05,4.6844e-10,-6.7852e-216,-6.7852e-216,-6.7852e-216,-1.0148e-05,4.6844e-10,3.0835e-08
3.0185e-17,0.005,-1.1994e-05,5.5424e-10,-1.1392e-217,-1.1392e-217,-1.1392e-217,-1.1994e-05,5.5424e-10,3.6444e-08
3.0185e-17,0.005,1.1069e-05,-5.1143e-10,1.6945e-220,1.6945e-220,1.6945e-220,1.1069e-05,-5.1143e-10,-3.3634e-08
3.0185e-17,0.005,-1.0147e-05,4.6853e-10,2.845e-222,2.845e-222,2.845e-222,-1.0147e-05,4.6853e-10,3.0832e-08
3.0185e-17,0.005,-1.1991e-05,5.5424e-10,4.7766e-224,4.7766e-224,4.7766e-224,-1.1991e-05,5.5424e-10,3.6435e-08
3.0185e-17,0.005,1.107e-05,-5.1115e-10,-7.1051e-227,-7.1051e-227,-7.1051e-227,1.107e-05,-5.1115e-10,-3.3638e-08
3.0185e-17,0.005,-1.0148e-05,4.6852e-10,-1.1929e-228,-1.1929e-228,-1.1929e-228,-1.0148e-05,4.6852e-10,3.0835e-08
3.0185e-17,0.005,-1.1996e-05,5.5442e-10,-2.0028e-230,-2.0028e-230,-2.0028e-230,-1.1996e-05,5.5442e-10,3.645e-08
3.0185e-17,0.005,1.1069e-05,-5.1154e-10,2.9791e-233,2.9791e-233,2.9791e-233,1.1069e-05,-5.1154e-10,-3.3634e-08
3.0185e-17,0.005,-1.0147e-05,4.6882e-10,5.0018e-235,5.0018e-235,5.0018e-235,-1.0147e-05,4.6882e-10,3.0832e-08
3.0185e-17,0.005,-1.1991e-05,5.5413e-10,8.3978e-237,8.3978e-237,8.3978e-237,-1.1991e-05,5.5413e-10,3.6435e-08
3.0185e-17,0.005,1.107e-05,-5.1126e-10,-1.2492e-239,-1.2492e-239,-1.2492e-239,1.107e-05,-5.1126e-10,-3.3638e-08
3.0185e-17,0.005,-1.0148e-05,4.6841e-10,-2.0974e-241,-2.0974e-241,-2.0974e-241,-1.0148e-05,4.6841e-10,3.0835e-08
3.0185e-17,0.005,-1.1996e-05,5.5431e-10,-3.5214e-243,-3.5214e-243,-3.5214e-243,-1.1996e-05,5.5431e-10,3.645e-08
3.0185e-17,0.005,1.1069e-05,-5.1165e-10,5.238e-246,5.238e-246,5.238e-246,1.1069e-05,-5.1165e-10,-3.3634e-08
3.0185e-17,0.005,-1.0147e-05,4.6871e-10,8.7944e-248,8.7944e-248,8.7944e-248,-1.0147e-05,4.6871e-10,3.0832e-08
3.0185e-17,0.005,-1.1991e-05,5.5402e-10,1.4765e-249,1.4765e-249,1.4765e-249,-1.1991e-05,5.5402e-10,3.6435e-08
3.0185e-17,0.005,1.107e-05,-5.1117e-10,-2.1963e-252,-2.1963e-252,-2.1963e-252,1.107e-05,-5.1117e-10,-3.3638e-08
3.0185e-17,0.005,-1.0148e-05,4.685e-10,-3.6875e-254,-3.6875e-254,-3.6875e-254,-1.0148e-05,4.685e-10,3.0835e-08
3.0185e-17,0.005,-1.1996e-05,5.544e-10,-6.1911e-256,-6.1911e-256,-6.1911e-256,-1.1996e-05,5.544e-10,3.645e-08
3.0185e-17,0.005,1.1069e-05,-5.1156e-10,9.2091e-259,9.2091e-259,9.2091e-259,1.1069e-05,-5.1156e-10,-3.3634e-08
3.0185e-17,0.005,-1.0147e-05,4.688e-10,1.5462e-260,1.5462e-260,1.5462e-260,-1.0147e-05,4.688e-10,3.0832e-08
3.0185e-17,0.005,-1.1991e-05,5.5411e-10,2.596e-262,2.596e-262,2.596e-262,-1.1991e-05,5.5411e-10,3.6435e-08
3.0185e-17,0.005,1.107e-05,-5.1128e-10,-3.8615e-265,-3.8615e-265,-3.8615e-265,1.107e-05,-5.1128e-10,-3.3638e-08
3.0185e-17,0.005,-1.0148e-05,4.6839e-10,-6.4833e-267,-6.4833e-267,-6.4833e-267,-1.0148e-05,4.6839e-10,3.0835e-08
3.0185e-17,0.005,-1.1996e-05,5.5429e-10,-1.0885e-268,-1.0885e-268,-1.0885e-268,-1.1996e-05,5.5429e-10,3.645e-08
3.0185e-17,0.005,1.1069e-05,-5.1147e-10,1.6191e-271,1.6191e-271,1.6191e-271,1.1069e-05,-5.1147e-10,-3.3634e-08
3.0185e-17,0.005,-1.0147e-05,4.6889e-10,2.7184e-273,2.7184e-273,2.7184e-273,-1.0147e-05,4.6889e-10,3.0832e-08
3.0185e-17,0.005,-1.1991e-05,5.542e-10,4.5641e-275,4.5641e-275,4.5641e-275,-1.1991e-05,5.542e-10,3.6435e-08
3.0185e-17,0.005,1.107e-05,-5.1119e-10,-6.789e-278,-6.789e-278,-6.789e-278,1.107e-05,-5.1119e-10,-3.3638e-08
3.0185e-17,0.005,-1.0148e-05,4.6848e-10,-1.1398e-279,-1.1398e-279,-1.1398e-279,-1.0148e-05,4.6848e-10,3.0835e-08
3.0185e-17,0.005,-1.1996e-05,5.5438e-10,-1.9137e-281,-1.9137e-281,-1.9137e-281,-1.1996e-05,5.5438e-10,3.645e-08
3.0185e-17,0.005,1.1069e-05,-5.1158e-10,2.8466e-284,2.8466e-284,2.8466e-284,1.1069e-05,-5.1158e-10,-3.3634e-08
3.0185e-17,0.005,-1.0147e-05,4.6878e-10,4.7793e-286,4.7793e-286,4.7793e-286,-1.0147e-05,4.6878e-10,3.0832e-08
3.0185e-17,0.005,-1.1991e-05,5.5409e-10,8.0242e-288,8.0242e-288,8.0242e-288,-1.1991e-05,5.5409e-10,3.6435e-08
3.0185e-17,0.005,1.107e-05,-5.111e-10,-1.1936e-290,-1.1936e-290,-1.1936e-290,1.107e-05,-5.111e-10,-3.3638e-08
3.0185e-17,0.005,-1.0148e-05,4.6857e-10,-2.004e-292,-2.004e-292,-2.004e-292,-1.0148e-05,4.6857e-10,3.0835e-08
3.0185e-17,0.005,-1.1996e-05,5.5447e-10,-3.3646e-294,-3.3646e-294,-3.3646e-294,-1.1996e-05,5.5447e-10,3.645e-08
3.0185e-17,0.005,1.1069e-05,-5.1149e-10,5.0048e-297,5.0048e-297,5.0048e-297,1.1069e-05,-5.1149e-10,-3.3634e-08
3.0185e-17,0.005,-1.0147e-05,4.6887e-10,8.4028e-299,8.4028e-299,8.4028e-299,-1.0147e-05,4.6887e-10,3.0832e-08
3.0185e-17,0.005,-1.1991e-05,5.5418e-10,1.4108e-300,1.4108e-300,1.4108e-300,-1.1991e-05,5.5418e-10,3.6435e-08
3.0185e-17,0.005,1.107e-05,-5.1121e-10,-2.0985e-303,-2.0985e-303,-2.0985e-303,1.107e-05,-5.1121e-10,-3.3638e-08
3.0185e-17,0.005,-1.0148e-05,4.6846e-10,-3.5233e-305,-3.5233e-305,-3.5233e-305,-1.0148e-05,4.6846e-10,3.0835e-08
3.0185e-17,0.005,-1.1996e-05,5.5436e-10,-5.9155e-307,-5.9155e-307,-5.9155e-307,-1.1996e-05,5.5436e-10,3.645e-08
3.0185e-17,0.005,1.1069e-05,-5.116e-10,8.7992e-310,8.7992e-310,8.7992e-310,1.1069e-05,-5.116e-10,-3.3634e-08
3.0185e-17,0.005,-1.0147e-05,4.6876e-10,1.4773e-311,1.4773e-311,1.4773e-311,-1.0147e-05,4.6876e-10,3.0832e-08
3.0185e-17,0.005,-1.1991e-05,5.5407e-10,2.4803e-313,2.4803e-313,2.4803e-313,-1.1991e-05,5.5407e-10,3.6435e-08
3.0185e-17,0.005,1.107e-05,-5.1112e-10,-3.689e-316,-3.689e-316,-3.689e-316,1.107e-05,-5.1112e-10,-3.3638e-08
3.0185e-17,0.005,-1.0148e-05,4.6855e-10,-6.1907e-318,-6.1907e-318,-6.1907e-318,-1.0148e-05,4.6855e-10,3.0835e-08
3.0185e-17,0.005,-1.1996e-05,5.5445e-10,-9.0948e-320,-9.0948e-320,-9.0948e-320,-1.1996e-05,5.5445e-10,3.645e-08
3.0185e-17,0.005,1.1069e-05,-5.1151e-10,3.9525e-322,3.9525e-322,3.9525e-322,1.1069e-05,-5.1151e-10,-3.3634e-08
3.0185e-17,0.005,-1.0147e-05,4.6885e-10,3.9525e-323,3.9525e-323,3.9525e-323,-1.0147e-05,4.6885e-10,3.0832e-08
3.0185e-17,0.005,-1.1991e-05,5.5416e-10,1.9763e-323,1.9763e-323,1.9763e-323,-1.1991e-05,5.5416e-10,3.6435e-08
3.0185e-17,0.005,1.107e-05,-5.1123e-10,0,0,0,1.107e-05,-5.1123e-10,-3.3638e-08
3.0185e-17,0.005,-1.0148e-05,4.6844e-10,0,0,0,-1.0148e-05,4.6844e-10,3.0835e-08
3.0185e-17,0.005,-1.1996e-05,5.5434e-10,0,0,0,-1.1996e-05,5.5434e-10,3.645e-08
3.0185e-17,0.005,1.1069e-05,-5.1162e-10,0,0,0,1.1069e-05,-5.1162e-10,-3.3634e-08
3.0185e-17,0.005,-1.0147e-05,4.6874e-10,0,0,0,-1.0147e-05,4.6874e-10,3.0832e-08
3.0185e-17,0.005,-1.1991e-05,5.5405e-10,0,0,0,-1.1991e-05,5.5405e-10,3.6435e-08
3.0185e-17,0.005,1.107e-05,-5.1114e-10,0,0,0,1.107e-05,-5.1114e-10,-3.3638e-08
3.0185e-17,0.005,-1.0148e-05,4.6853e-10,0,0,0,-1.0148e-05,4.6853e-10,3.0835e-08
3.0185e-17,0.005,-1.1996e-05,5.5443e-10,0,0,0,-1.1996e-05,5.5443e-10,3.645e-08
3.0185e-17,0.005,1.1069e-05,-5.1153e-10,0,0,0,1.1069e-05,-5.1153e-10,-3.3634e-08
3.0185e-17,0.005,-1.0147e-05,4.6883e-10,0,0,0,-1.0147e-05,4.6883e-10,3.0832e-08
3.0185e-17,0.005,-1.1991e-05,5.5414e-10,0,0,0,-1.1991e-05,5.5414e-10,3.6435e-08
3.0185e-17,0.005,1.107e-05,-5.1125e-10,0,0,0,1.107e-05,-5.1125e-10,-3.3638e-08
3.0185e-17,0.005,-1.0148e-05,4.6842e-10,0,0,0,-1.0148e-05,4.6842e-10,3.0835e-08
3.0185e-17,0.005,-1.1996e-05,5.5432e-10,0,0,0,-1.1996e-05,5.5432e-10,3.645e-08
3.0185e-17,0.005,1.1069e-05,-5.1164e-10,0,0,0,1.1069e-05,-5.1164e-10,-3.3634e-08
3.0185e-17,0.005,-1.0147e-05,4.6872e-10,0,0,0,-1.0147e-05,4.6872e-10,3.0832e-08
3.0185e-17,0.005,-1.1991e-05,5.5403e-10,0,0,0,-1.1991e-05,5.5403e-10,3.6435e-08
3.0185e-17,0.005,1.107e-05,-5.1116e-10,0,0,0,1.107e-05,-5.1116e-10,-3.3638e-08
3.0185e-17,0.005,-1.0148e-05,4.6851e-10,0,0,0,-1.0148e-05,4.6851e-10,3.0835e-08
3.0185e-17,0.005,-1.1996e-05,5.5441e-10,0,0,0,-1.1996e-05,5.5441e-10,3.645e-08
3.0185e-17,0.005,1.1069e-05,-5.1155e-10,0,0,0,1.1069e-05,-5.1155e-10,-3.3634e-08
3.0185e-17,0.005,-1.0147e-05,4.6881e-10,0,0,0,-1.0147e-05,4.6881e-10,3.0832e-08
3.0185e-17,0.005,-1.1991e-05,5.5412e-10,0,0,0,-1.1991e-05,5.5412e-10,3.6435e-08
3.0185e-17,0.005,1.107e-05,-5.1127e-10,0,0,0,1.107e-05,-5.1127e-10,-3.3638e-08
3.0185e-17,0.005,-1.0148e-05,4.684e-10,0,0,0,-1.0148e-05,4.684e-10,3.0835e-08
3.0185e-17,0.005,-1.1996e-05,5.543e-10,0,0,0,-1.1996e-05,5.543e-10,3.645e-08
3.0185e-17,0.005,1.1069e-05,-5.1146e-10,0,0,0,1.1069e-05,-5.1146e-10,-3.3634e-08
3.0185e-17,0.005,-1.0147e-05,4.689e-10,0,0,0,-1.0147e-05,4.689e-10,3.0832e-08
3.0185e-17,0.005,-1.1991e-05,5.5421e-10,0,0,0,-1.1991e-05,5.5421e-10,3.6435e-08
3.0185e-17,0.005,1.107e-05,-5.1118e-10,0,0,0,1.107e-05,-5.1118e-10,-3.3638e-08
3.0185e-17,0.005,-1.0148e-05,4.6849e-10,0,0,0,-1.0148e-05,4.6849e-10,3.0835e-08
3.0185e-17,0.005,-1.1996e-05,5.5439e-10,0,0,0,-1.1996e-05,5.5439e-10,3.645e-08
3.0185e-17,0.005,1.1069e-05,-5.1157e-10,0,0,0,1.1069e-05,-5.1157e-10,-3.3634e-08
3.0185e-17,0.005,-1.0147e-05,4.6879e-10,0,0,0,-1.0147e-05,4.6879e-10,3.0832e-08
3.0185e-17,0.005,-1.1991e-05,5.541e-10,0,0,0,-1.1991e-05,5.541e-10,3.6435e-08
3.0185e-17,0.005,1.107e-05,-5.1109e-10,0,0,0,1.107e-05,-5.1109e-10,-3.3638e-08
3.0185e-17,0.005,-1.0148e-05,4.6858e-10,0,0,0,-1.0148e-05,4.6858e-10,3.0835e-08
3.0185e-17,0.005,-1.1996e-05,5.5448e-10,0,0,0,-1.1996e-05,5.5448e-10,3.645e-08
3.0185e-17,0.005,1.1069e-05,-5.1148e-10,0,0,0,1.1069e-05,-5.1148e-10,-3.3634e-08
3.0185e-17,0.005,-1.0147e-05,4.6888e-10,0,0,0,-1.0147e-05,4.6888e-10,3.0832e-08
3.0185e-17,0.005,-1.1991e-05,5.5419e-10,0,0,0,-1.1991e-05,5.5419e-10,3.6435e-08
3.0185e-17,0.005,1.107e-05,-5.112e-10,0,0,0,1.107e-05,-5.112e-10,-3.3638e-08
3.0185e-17,0.005,-1.0148e-05,4.6847e-10,0,0,0,-1.0148e-05,4.6847e-10,3.0835e-08
3.0185e-17,0.005,-1.1996e-05,5.5437e-10,0,0,0,-1.1996e-05,5.5437e-10,3.645e-08
3.0185e-17,0.005,1.1069e-05,-5.1159e-10,0,0,0,1.1069e-05,-5.1159e-10,-3.3634e-08
3.0185e-17,0.005,-1.0147e-05,4.6877e-10,0,0,0,-1.0147e-05,4.6877e-10,3.0832e-08
3.0185e-17,0.005,-1.1991e-05,5.5408e-10,0,0,0,-1.1991e-05,5.5408e-10,3.6435e-08
3.0185e-17,0.005,1.107e-05,-5.1111e-10,0,0,0,1.107e-05,-5.1111e-10,-3.3638e-08
3.0185e-17,0.005,-1.0148e-05,4.6856e-10,0,0,0,-1.0148e-05,4.6856e-10,3.0835e-08
3.0185e-17,0.005,-1.1996e-05,5.5446e-10,0,0,0,-1.1996e-05,5.5446e-10,3.645e-08
3.0185e-17,0.005,1.1069e-05,-5.115e-10,0,0,0,1.1069e-05,-5.115e-10,-3.3634e-08
3.0185e-17,0.005,-1.0147e-05,4.6886e-10,0,0,0,-1.0147e-05,4.6886e-10,3.0832e-08
3.0185e-17,0.005,-1.1991e-05,5.5417e-10,0,0,0,-1.1991e-05,5.5417e-10,3.6435e-08
3.0185e-17,0.005,1.107e-05,-5.1122e-10,0,0,0,1.107e-05,-5.1122e-10,-3.3638e-08
3.0185e-17,0.005,-1.0148e-05,4.6845e-10,0,0,0,-1.0148e-05,4.6845e-10,3.0835e-08
3.0185e-17,0.005,-1.1996e-05,5.5435e-10,0,0,0,-1.1996e-05,5.5435e-10,3.645e-08
3.0185e-17,0.005,1.1069e-05,-5.1161e-10,0,0,0,1.1069e-05,-5.1161e-10,-3.3634e-08
3.0185e-17,0.005,-1.0147e-05,4.6875e-10,0,0,0,-1.0147e-05,4.6875e-10,3.0832e-08
3.0185e-17,0.005,-1.1991e-05,5.5406e-10,0,0,0,-1.1991e-05,5.5406e-10,3.6435e-08
3.0185e-17,0.005,1.107e-05,-5.1113e-10,0,0,0,1.107e-05,-5.1113e-10,-3.3638e-08
3.0185e-17,0.005,-1.0148e-05,4.6854e-10,0,0,0,-1.0148e-05,4.6854e-10,3.0835e-08
3.0185e-17,0.005,-1.1996e-05,5.5444e-10,0,0,0,-1.1996e-05,5.5444e-10,3.645e-08
3.0185e-17,0.005,1.1069e-05,-5.1152e-10,0,0,0,1.1069e-05,-5.1152e-10,-3.3634e-08
3.0185e-17,0.005,-1.0147e-05,4.6884e-10,0,0,0,-1.0147e-05,4.6884e-10,3.0832e-08
