140.86
0.93884
0.41048
0.18001
0.14512
0.20828
0.12764
0.035383
0.0068109
0.0030434
0.004804
0.0034738
0.0022978
0.0014347
0.0008615
0.00050324
0.00028798
0.00016221
9.0234e-05
4.9691e-05
2.7133e-05
1.4712e-05
7.9289e-06
4.2509e-06
2.2689e-06
1.2062e-06
6.3907e-07
3.3751e-07
1.7774e-07
9.3349e-08
4.8971e-08
2.5622e-08
1.3338e-08
7.0097e-09
3.6346e-09
1.9127e-09
9.9039e-10
4.701e-10
1.9852e-10
1.2593e-10
1.0609e-10
3.3192e-11
6.1527e-11
3.967e-11
2.2727e-11
2.4795e-11
4.3212e-11
6.5386e-11
8.8534e-11
1.353e-05
9.5673e-06
1.9134e-05
9.02e-06
6.3785e-06
1.818e-05
8.4395e-06
5.0652e-06
1.8057e-05
8.3427e-06
4.5796e-06
1.8067e-05
8.3229e-06
4.3989e-06
1.8079e-05
8.3177e-06
4.331e-06
1.8086e-05
8.3158e-06
4.3055e-06
1.8088e-05
8.3154e-06
4.2958e-06
1.809e-05
8.3148e-06
4.2921e-06
1.8089e-05
8.3151e-06
4.2907e-06
1.809e-05
8.3149e-06
4.2904e-06
1.809e-05
8.3149e-06
4.2901e-06
1.809e-05
8.3148e-06
4.2898e-06
1.8089e-05
8.3154e-06
4.2901e-06
1.809e-05
8.3148e-06
4.2898e-06
1.8089e-05
8.3154e-06
4.2901e-06
1.809e-05
8.3148e-06
4.2898e-06
1.8089e-05
8.3154e-06
4.2901e-06
1.809e-05
8.3148e-06
4.2898e-06
1.8089e-05
8.3154e-06
4.2901e-06
1.809e-05
8.3148e-06
4.2898e-06
1.8089e-05
8.3154e-06
4.2901e-06
1.809e-05
8.3148e-06
4.2898e-06
1.8089e-05
8.3154e-06
4.2901e-06
1.809e-05
8.3148e-06
4.2898e-06
1.8089e-05
8.3154e-06
4.2901e-06
1.809e-05
8.3148e-06
4.2898e-06
1.8089e-05
8.3154e-06
4.2901e-06
1.809e-05
8.3148e-06
4.2898e-06
1.8089e-05
8.3154e-06
4.2901e-06
1.809e-05
8.3148e-06
4.2898e-06
1.8089e-05
8.3154e-06
4.2901e-06
1.809e-05
8.3148e-06
4.2898e-06
1.8089e-05
8.3154e-06
4.2901e-06
1.809e-05
8.3148e-06
4.2898e-06
1.8089e-05
8.3154e-06
4.2901e-06
1.809e-05
8.3148e-06
4.2898e-06
1.8089e-05
8.3154e-06
4.2901e-06
1.809e-05
8.3148e-06
4.2898e-06
1.8089e-05
8.3154e-06
4.2901e-06
1.809e-05
8.3148e-06
4.2898e-06
1.8089e-05
8.3154e-06
4.2901e-06
1.809e-05
8.3148e-06
4.2898e-06
1.8089e-05
8.3154e-06
4.2901e-06
1.809e-05
8.3148e-06
4.2898e-06
1.8089e-05
8.3154e-06
4.2901e-06
1.809e-05
8.3148e-06
4.2898e-06
1.8089e-05
8.3154e-06
4.2901e-06
1.809e-05
8.3148e-06
4.2898e-06
1.8089e-05
8.3154e-06
4.2901e-06
1.809e-05
8.3148e-06
