4.7168
0.5252
0.070379
0.10502
0.10663
0.10502
0.024324
0.026657
0.021002
0.011667
0.021003
0.035006
0.031313
0.041781
0.04697
0.055369
0.055107
0.053183
0.051024
0.049014
0.047355
0.051646
0.046516
0.044302
0.044029
0.044139
0.042682
0.042329
0.042409
0.042201
0.04157
0.041691
0.042051
0.041991
0.041415
0.041572
0.041949
0.041909
0.041351
0.04153
0.042751
0.043903
0.043824
0.044187
0.044276
0.044477
0.044107
0.044347
0.044388
0.044531
0.04414
0.044366
0.044408
0.044546
0.044153
0.044379
0.044419
0.044555
0.04416
0.044384
0.044425
0.044559
0.044161
0.044384
0.044424
0.044559
0.044163
0.044387
0.044427
0.04456
0.044164
0.044387
0.044426
0.044559
0.044162
0.044385
0.044424
0.044558
0.044161
0.044385
0.044424
0.044557
0.044161
0.044385
0.044423
0.044557
0.044161
0.044384
0.044423
0.044557
0.044161
0.044385
0.044423
0.044557
0.044161
0.044385
0.044424
0.044557
0.044161
0.044384
0.044423
0.044556
0.044161
0.044384
0.044422
0.044557
0.04416
0.044383
0.044422
0.044556
0.044161
0.044384
0.044422
0.044556
0.044161
0.044384
0.044423
0.043747
0.042664
0.042598
0.042642
0.042765
0.042198
0.042352
0.04247
0.042674
0.042134
0.042308
0.042425
0.042644
0.04211
0.042291
0.042426
0.042641
0.043092
0.043885
0.04402
0.044383
0.044038
0.044283
0.044271
0.044504
0.044104
0.044325
0.044299
0.044532
0.044122
0.044343
0.044317
0.044547
0.044133
0.044354
0.044314
0.044537
0.044125
0.044346
0.04432
0.044549
0.044136
0.044357
0.044316
0.044539
0.044127
0.044347
0.044322
0.04455
0.044136
0.044357
0.044317
0.04454
0.044128
0.044349
0.044323
0.044551
0.044137
0.044357
0.044317
0.04454
0.044128
0.044349
0.044324
0.044552
0.044138
0.044358
0.044317
0.04454
0.044128
0.044349
0.044323
0.044551
0.044137
0.044358
0.044317
0.04454
0.044128
0.044349
0.044322
0.04455
0.044137
0.044357
