139.9
4.8649
1.536
0.74096
0.73807
0.7317
0.74585
0.33843
0.33413
0.49118
0.18796
0.16158
0.14073
0.13534
0.13799
0.23951
0.1795
0.14854
0.13217
0.12205
0.11517
0.11008
0.11021
0.10711
0.20549
0.090362
0.10023
0.1036
0.19546
0.084205
0.088585
0.092973
0.18699
0.082352
0.087861
0.092556
0.18639
0.082074
0.087724
0.091929
0.18483
0.08183
0.080629
0.083741
0.16946
0.075844
0.08447
0.088063
0.16929
0.075853
0.084484
0.088072
0.17178
0.075878
0.084505
0.088093
0.17181
0.075891
0.084515
0.088097
0.17181
0.075891
0.084497
0.088071
0.17179
0.075882
0.084526
0.088121
0.17189
0.075922
0.084541
0.088123
0.17185
0.075906
0.084526
0.088114
0.17185
0.075904
0.084531
0.088117
0.17186
0.075907
0.084528
0.08811
0.17183
0.075897
0.084526
0.088108
0.17185
0.075907
0.084531
0.088116
0.17185
0.075905
0.084525
0.088113
0.17185
0.075903
0.08453
0.088116
0.17185
0.075905
0.084525
0.088107
0.17183
0.075895
0.084524
0.088108
0.17185
0.075906
0.084531
0.088115
0.17185
0.075904
0.084524
0.088112
0.17185
0.07558
0.084791
0.090232
0.18222
0.080339
0.085692
0.090198
0.18201
0.080285
0.085628
0.090147
0.18194
0.080249
0.085613
0.090134
0.1819
0.080231
0.085239
0.085539
0.17075
0.076165
0.08481
0.088404
0.17215
0.075872
0.084625
0.088241
0.17212
0.075904
0.084646
0.088267
0.16971
0.075927
0.084673
0.088289
0.17219
0.075932
0.084662
0.088278
0.17217
0.075925
0.084672
0.088289
0.1722
0.075936
0.084669
0.088275
0.1697
0.075925
0.084668
0.08828
0.17219
0.075936
0.084672
0.088285
0.16972
0.075931
0.084672
0.088285
0.17219
0.075934
0.084671
0.088283
0.17219
0.075934
0.084675
0.088281
0.17218
0.075929
0.084661
0.088273
0.17217
0.075929
0.084677
0.088289
0.17219
0.075933
0.084663
0.088279
0.17217
0.075927
0.084674
0.088286
