99.8
-59.625
-95.073
-95.126
-63.393
-4.8455
44.541
62.77
44.516
19.708
-2.9593
-10.086
-9.2397
-5.3549
-1.3072
1.2623
2.1445
1.92
1.4947
1.059
0.8439
0.81363
0.96225
0.96809
1.0575
1.0511
1.0093
0.98829
1.0098
1.0095
1.013
1.0057
1.0045
1.0132
1.0072
0.99521
0.99528
1.0002
1.0025
1.006
0.99526
0.99791
1.0001
1.0036
1.005
1.008
0.99729
1
1.0022
1.0058
0.99908
1.0018
0.99945
1.0047
1.003
0.99959
0.99879
0.99951
1.0005
1.0013
1.001
1.0009
1.0011
1.001
1.0008
1.0009
1.0009
1.0009
1.0009
1.0008
1.0007
1.0006
1.0001
0.99924
0.99759
0.99429
0.98772
0.97489
0.95019
0.90435
0.82464
0.71515
0.58631
0.46507
0.40647
0.40251
0.42068
0.43479
0.44315
0.44466
0.44308
0.44068
0.43851
0.43678
0.43516
0.43369
0.43311
0.43305
0.43317
0.43328
0.43335
0.43338
0.43339
0.43339
0.43339
0.43339
0.43339
0.43339
0.4334
0.4334
0.4334
0.4334
0.4334
0.4334
0.4334
0.4334
0.4334
0.43341
0.43341
0.43341
0.4334
0.4334
0.4334
0.4334
0.4334
0.43341
0.43341
0.43341
0.4334
0.4334
0.4334
0.4334
0.4334
0.43341
0.43341
0.43341
0.4334
0.4334
0.4334
0.4334
0.4334
0.43341
0.43341
0.43341
0.4334
0.4334
0.4334
0.4334
0.4334
0.43341
0.43341
0.43341
0.4334
0.4334
0.4334
0.4334
0.4334
0.43341
0.43341
0.43341
0.4334
0.4334
0.4334
0.4334
0.4334
0.43341
0.43341
0.43341
0.4334
0.4334
0.4334
0.4334
0.4334
0.43341
0.43341
0.43341
0.4334
0.4334
0.4334
0.4334
0.4334
0.43341
0.43341
0.43341
0.4334
0.4334
0.4334
0.4334
0.4334
0.43341
0.43341
0.43341
0.4334
0.4334
0.4334
0.4334
0.4334
0.43341
0.43341
0.43341
