122.93
30.763
11.156
8.4299
6.2714
4.8561
4.3831
4.2283
4.0202
3.7746
3.5526
3.3726
3.2249
3.0963
2.9731
2.8484
2.7583
2.5233
2.3936
2.4966
2.5356
2.4413
2.2572
2.0015
1.9621
1.9087
1.7315
1.8195
1.8717
1.9165
1.9706
2.0351
2.1052
2.1771
2.2478
2.3148
2.3765
2.4318
2.4799
2.5215
2.5563
2.5864
2.6127
2.6361
2.6579
2.6792
2.7001
2.7216
2.7441
2.7675
2.7917
2.8165
2.8417
2.8669
2.8916
2.9157
2.9387
2.96
2.9794
2.997
3.0128
3.0257
3.0371
3.0463
3.0538
3.0597
3.0642
3.0667
3.0681
3.0684
3.0672
3.0646
3.0744
2.8891
2.6679
2.484
2.3457
2.2599
2.2149
2.1948
2.1876
2.1864
2.1873
2.1873
2.1868
2.1853
2.1841
2.1831
2.1826
2.1824
2.1827
2.1834
2.1845
2.1859
2.1876
2.1893
2.1914
2.1932
2.1952
2.197
2.1987
2.1997
2.2006
2.202
2.2115
2.2095
2.2086
2.2071
2.2054
2.2048
2.2051
2.2053
2.2055
2.2059
2.2064
2.2069
2.2077
2.2083
2.2091
2.2097
2.2104
2.2113
2.2116
2.2124
2.2129
2.2134
2.2138
2.2142
2.2147
2.2152
2.2155
2.2157
2.2154
2.216
2.2164
2.2167
2.217
2.2173
2.2175
2.2179
2.2181
2.2184
2.2187
2.219
2.2196
2.2196
2.2198
2.2201
2.2203
2.2206
2.2208
2.2209
2.221
2.2211
2.221
2.2214
2.2217
2.2218
2.2221
2.2223
2.2225
2.2227
2.2229
2.223
2.2233
2.2236
2.2235
2.2235
2.2235
2.2236
2.2237
2.2236
2.2239
2.2242
2.2243
2.2244
2.2245
2.2246
2.2246
2.2247
2.2245
2.2247
2.2249
2.2253
2.2251
2.2251
2.225
2.225
2.2251
2.2249
2.2252
2.2254
2.2254
2.2255
2.2254
2.2254
2.2255
2.2256
2.2256
2.2257
2.2257
2.2258
2.2259
2.2262
2.226
2.2259
2.2259
2.2257
2.2261
2.2263
2.2266
2.2259
2.2262
2.2263
2.2263
2.2263
2.2263
2.2263
2.2264
2.2264
2.2264
2.2264
2.2265
2.2265
2.2265
2.2266
2.2263
2.2264
2.2265
2.2267
2.2261
2.2263
2.2265
2.2266
2.2268
2.2262
2.2265
2.2267
2.2267
2.2268
2.2268
2.2268
2.2268
2.2269
2.2269
2.2267
2.2267
2.2269
2.2269
2.2271
2.2265
2.2267
2.2268
2.227
2.2272
2.2265
2.2267
2.2269
2.2269
2.2268
2.2268
2.2268
2.2268
2.2268
2.2269
2.227
2.227
2.2269
2.2269
2.2269
2.2269
2.2269
2.2269
2.2269
2.2266
2.2267
2.2267
2.2268
2.2268
2.2265
2.2265
2.2266
2.2267
2.2267
2.2267
2.2264
2.2264
2.2264
2.2264
2.2264
2.2264
2.2264
2.2264
2.2264
2.2261
2.2261
2.2262
2.2262
2.2262
2.2262
2.2259
2.226
2.226
2.226
2.226
2.226
2.226
2.226
2.2256
2.2257
2.2257
2.2258
2.2259
2.2256
2.2256
2.2257
2.2257
2.2257
2.2256
2.2256
2.2256
2.2253
2.2253
2.2254
2.2254
2.2254
2.2254
2.2254
2.2251
2.2252
2.2253
2.2253
2.2253
2.2253
2.225
2.225
2.225
2.2251
2.2251
2.2251
2.2251
2.2251
2.225
2.2248
2.2248
2.2248
2.2248
2.2248
2.2248
2.2247
2.2247
2.2247
2.2247
2.2247
2.2246
2.2246
2.2246
2.2244
2.2244
2.2244
2.2244
2.2244
2.2243
2.2243
2.2243
2.2243
2.2243
2.2243
2.2243
2.2243
2.2242
2.2242
2.2242
2.2242
2.2242
2.2242
2.2242
2.2242
2.2242
2.2241
2.2241
2.2241
2.2241
2.2241
2.2241
2.224
2.224
2.224
2.224
2.224
2.224
2.224
2.224
2.2237
2.2237
2.2238
2.2238
2.2238
2.2237
2.2237
2.2237
2.2237
2.2237
2.2237
2.2236
2.2236
2.2236
2.2235
2.2236
2.2236
2.2236
2.2236
2.2236
2.2236
2.2236
2.2235
2.2235
2.2235
2.2235
2.2234
2.2234
2.2234
2.2234
2.2234
2.2234
2.2233
2.2233
2.2233
2.2233
2.2233
2.2233
2.2233
2.2232
2.2232
2.2232
2.2232
2.2232
2.2232
2.2232
2.2232
2.2232
2.2232
2.2232
2.2232
2.2231
2.2231
2.2231
2.2231
2.223
2.223
2.223
2.223
2.2229
2.2229
2.2227
2.2227
2.2228
2.2228
2.2228
2.2228
2.2228
2.2227
2.2227
2.2227
2.2227
2.2226
2.2226
2.2226
2.2226
2.2225
2.2225
2.2225
2.2225
2.2225
2.2225
2.2225
2.2225
2.2224
2.2224
2.2224
2.2224
2.2225
2.2224
2.2224
2.2224
2.2224
2.2224
2.2224
2.2224
2.2224
2.2224
2.2224
2.2224
2.2224
2.2224
2.2224
2.2224
2.2224
2.2224
2.2224
