0.8
-1.1206e-05
0.39921
0.3992
0.3988
0.3984
0.398
0.39761
0.39721
0.39681
0.39641
0.39601
0.39563
0.39522
0.39484
0.39443
0.39405
0.39364
0.39326
0.39285
0.39247
0.39206
0.39168
0.39129
0.3909
0.3905
0.39012
0.38973
0.38934
0.38895
0.38856
0.38817
0.38779
0.3874
0.38701
0.38662
0.38623
0.38586
0.38546
0.38509
0.38469
0.38432
0.38392
0.38355
0.38315
0.38278
0.38238
0.38201
0.38163
0.38124
0.38086
0.38048
0.3801
0.37972
0.37935
0.37896
0.37858
0.3782
0.37783
0.37745
0.37707
0.37669
0.37631
0.37595
0.37556
0.3752
0.37481
0.37445
0.37406
0.3737
0.37331
0.37295
0.37256
0.3722
0.37183
0.37145
0.37108
0.37071
0.37034
0.36997
0.36961
0.36923
0.36886
0.36849
0.36813
0.36776
0.36739
0.36702
0.36665
0.3663
0.36592
0.36557
0.36519
0.36484
0.36446
0.36411
0.36373
0.36338
0.36302
0.36265
0.36229
0.36193
0.36157
0.36121
0.36085
0.36049
0.36013
0.35977
0.3594
0.35905
0.35869
0.35833
0.35797
0.35763
0.35726
0.35692
0.35655
0.35621
0.35584
0.3555
0.35513
0.35478
0.35443
0.35407
0.35372
0.35337
0.35302
0.35266
0.35231
0.35196
0.35161
0.35126
0.35091
0.35056
0.35021
0.34985
0.34951
0.34916
0.3488
0.34846
0.34811
0.34776
0.34741
0.34708
0.34672
0.34639
0.34603
0.3457
0.34534
0.345
0.34466
0.34431
0.34397
0.34363
0.34329
0.34294
0.3426
0.34226
0.34192
0.34158
0.34124
0.3409
0.34055
0.34021
0.33987
0.33953
0.33919
0.33886
0.33852
0.33818
0.33784
0.3375
0.33718
0.33683
0.33651
0.33616
0.33584
0.33549
0.33516
0.33482
0.33448
0.33416
0.33381
0.33349
0.33314
0.33282
0.33247
0.33215
0.33182
0.33148
0.33115
0.33082
0.33049
0.33016
0.32984
0.32951
0.32918
0.32885
0.32852
0.32819
