9.2148e-06,0.005,400,-0.018474,9.2148e-06,9.2148e-06,9.2148e-06,400,-0.018474,-1.2154
3.2996e-08,0.005,-0.0074545,1.266e-06,3.2996e-08,3.2996e-08,3.2996e-08,-0.0074545,1.266e-06,2.2761e-05
4.1685e-12,0.005,-0.3943,1.8051e-05,4.2388e-12,4.2388e-12,4.2388e-12,-0.3943,1.8051e-05,0.0011981
-5.0347e-14,0.005,-0.39614,1.8536e-05,5.4275e-16,5.4275e-16,5.4275e-16,-0.39614,1.8536e-05,0.0012037
-5.0347e-14,0.005,-0.39798,1.8261e-05,6.9495e-20,6.9495e-20,6.9495e-20,-0.39798,1.8261e-05,0.0012093
-5.0347e-14,0.005,-0.39982,1.8226e-05,8.8984e-24,8.8984e-24,8.8984e-24,-0.39982,1.8226e-05,0.0012149
-5.0347e-14,0.005,-0.40166,1.8431e-05,1.1394e-27,1.1394e-27,1.1394e-27,-0.40166,1.8431e-05,0.0012205
-5.0347e-14,0.005,-0.3985,1.8645e-05,1.4589e-31,1.4589e-31,1.4589e-31,-0.3985,1.8645e-05,0.0012109
-5.0347e-14,0.005,-0.39533,1.8099e-05,1.868e-35,1.868e-35,1.868e-35,-0.39533,1.8099e-05,0.0012013
-5.0347e-14,0.005,-0.39216,1.8792e-05,2.3918e-39,2.3918e-39,2.3918e-39,-0.39216,1.8792e-05,0.0011916
-5.0347e-14,0.005,-0.39399,1.7957e-05,3.0625e-43,3.0625e-43,3.0625e-43,-0.39399,1.7957e-05,0.0011972
-5.0347e-14,0.005,-0.40082,1.8592e-05,3.9213e-47,3.9213e-47,3.9213e-47,-0.40082,1.8592e-05,0.0012179
-5.0347e-14,0.005,-0.39265,1.6776e-05,5.0209e-51,5.0209e-51,5.0209e-51,-0.39265,1.6776e-05,0.0011931
-5.0347e-14,0.005,-0.39948,1.8891e-05,6.4289e-55,6.4289e-55,6.4289e-55,-0.39948,1.8891e-05,0.0012138
-5.0347e-14,0.005,-0.3913,1.7554e-05,8.2317e-59,8.2317e-59,8.2317e-59,-0.3913,1.7554e-05,0.001189
-5.0347e-14,0.005,-0.39812,1.8149e-05,1.054e-62,1.054e-62,1.054e-62,-0.39812,1.8149e-05,0.0012097
-5.0347e-14,0.005,-0.38994,1.7292e-05,1.3496e-66,1.3496e-66,1.3496e-66,-0.38994,1.7292e-05,0.0011849
-5.0347e-14,0.005,-0.39676,1.9366e-05,1.7281e-70,1.7281e-70,1.7281e-70,-0.39676,1.9366e-05,0.0012056
-5.0347e-14,0.005,-0.38858,1.7988e-05,2.2127e-74,2.2127e-74,2.2127e-74,-0.38858,1.7988e-05,0.0011807
-5.0347e-14,0.005,-0.39539,1.8543e-05,2.8332e-78,2.8332e-78,2.8332e-78,-0.39539,1.8543e-05,0.0012014
-5.0347e-14,0.005,-0.3872,1.6646e-05,3.6277e-82,3.6277e-82,3.6277e-82,-0.3872,1.6646e-05,0.0011766
-5.0347e-14,0.005,-0.39401,1.868e-05,4.645e-86,4.645e-86,4.645e-86,-0.39401,1.868e-05,0.0011972
-5.0347e-14,0.005,-0.39082,1.7493e-05,5.9476e-90,5.9476e-90,5.9476e-90,-0.39082,1.7493e-05,0.0011876
-5.0347e-14,0.005,-0.38763,1.8544e-05,7.6154e-94,7.6154e-94,7.6154e-94,-0.38763,1.8544e-05,0.0011778
-5.0347e-14,0.005,-0.38444,1.7837e-05,9.751e-98,9.751e-98,9.751e-98,-0.38444,1.7837e-05,0.0011681
-5.0347e-14,0.005,-0.39124,1.8832e-05,1.2485e-101,1.2485e-101,1.2485e-101,-0.39124,1.8832e-05,0.0011888
-5.0347e-14,0.005,-0.38804,1.7605e-05,1.5986e-105,1.5986e-105,1.5986e-105,-0.38804,1.7605e-05,0.0011791
-5.0347e-14,0.005,-0.38484,1.7617e-05,2.0469e-109,2.0469e-109,2.0469e-109,-0.38484,1.7617e-05,0.0011694
-5.0347e-14,0.005,-0.38664,1.81e-05,2.6209e-113,2.6209e-113,2.6209e-113,-0.38664,1.81e-05,0.0011748
-5.0347e-14,0.005,-0.38844,1.8823e-05,3.3559e-117,3.3559e-117,3.3559e-117,-0.38844,1.8823e-05,0.0011803
-5.0347e-14,0.005,-0.39023,1.7786e-05,4.297e-121,4.297e-121,4.297e-121,-0.39023,1.7786e-05,0.0011858
-5.0347e-14,0.005,-0.39202,1.7988e-05,5.502e-125,5.502e-125,5.502e-125,-0.39202,1.7988e-05,0.0011912
-5.0347e-14,0.005,-0.38881,1.82e-05,7.0449e-129,7.0449e-129,7.0449e-129,-0.38881,1.82e-05,0.0011814
-5.0347e-14,0.005,-0.3856,1.8652e-05,9.0205e-133,9.0205e-133,9.0205e-133,-0.3856,1.8652e-05,0.0011717
-5.0347e-14,0.005,-0.38239,1.8343e-05,1.155e-136,1.155e-136,1.155e-136,-0.38239,1.8343e-05,0.0011619
-5.0347e-14,0.005,-0.38418,1.8506e-05,1.4789e-140,1.4789e-140,1.4789e-140,-0.38418,1.8506e-05,0.0011673
-5.0347e-14,0.005,-0.39096,1.814e-05,1.8936e-144,1.8936e-144,1.8936e-144,-0.39096,1.814e-05,0.001188
-5.0347e-14,0.005,-0.38274,1.732e-05,2.4246e-148,2.4246e-148,2.4246e-148,-0.38274,1.732e-05,0.001163
-5.0347e-14,0.005,-0.38952,1.9432e-05,3.1045e-152,3.1045e-152,3.1045e-152,-0.38952,1.9432e-05,0.0011835
-5.0347e-14,0.005,-0.3813,1.8093e-05,3.9751e-156,3.9751e-156,3.9751e-156,-0.3813,1.8093e-05,0.0011586
-5.0347e-14,0.005,-0.38808,1.8686e-05,5.0898e-160,5.0898e-160,5.0898e-160,-0.38808,1.8686e-05,0.0011792
-5.0347e-14,0.005,-0.37985,1.6827e-05,6.5171e-164,6.5171e-164,6.5171e-164,-0.37985,1.6827e-05,0.0011542
-5.0347e-14,0.005,-0.38662,1.8899e-05,8.3447e-168,8.3447e-168,8.3447e-168,-0.38662,1.8899e-05,0.0011748
-5.0347e-14,0.005,-0.37839,1.7519e-05,1.0685e-171,1.0685e-171,1.0685e-171,-0.37839,1.7519e-05,0.0011498
-5.0347e-14,0.005,-0.38516,1.6552e-05,1.3681e-175,1.3681e-175,1.3681e-175,-0.38516,1.6552e-05,0.0011704
-5.0347e-14,0.005,-0.37693,1.7131e-05,1.7518e-179,1.7518e-179,1.7518e-179,-0.37693,1.7131e-05,0.0011453
-5.0347e-14,0.005,-0.3837,1.7124e-05,2.2431e-183,2.2431e-183,2.2431e-183,-0.3837,1.7124e-05,0.0011659
-5.0347e-14,0.005,-0.38046,1.7895e-05,2.8721e-187,2.8721e-187,2.8721e-187,-0.38046,1.7895e-05,0.0011561
-5.0347e-14,0.005,-0.37722,1.7905e-05,3.6775e-191,3.6775e-191,3.6775e-191,-0.37722,1.7905e-05,0.0011462
-5.0347e-14,0.005,-0.37898,1.6867e-05,4.7088e-195,4.7088e-195,4.7088e-195,-0.37898,1.6867e-05,0.0011516
-5.0347e-14,0.005,-0.38074,1.8067e-05,6.0293e-199,6.0293e-199,6.0293e-199,-0.38074,1.8067e-05,0.0011569
-5.0347e-14,0.005,-0.3825,1.8508e-05,7.7201e-203,7.7201e-203,7.7201e-203,-0.3825,1.8508e-05,0.0011622
-5.0347e-14,0.005,-0.38425,1.819e-05,9.885e-207,9.885e-207,9.885e-207,-0.38425,1.819e-05,0.0011676
-5.0347e-14,0.005,-0.386,1.8111e-05,1.2657e-210,1.2657e-210,1.2657e-210,-0.386,1.8111e-05,0.0011729
-5.0347e-14,0.005,-0.37775,1.781e-05,1.6206e-214,1.6206e-214,1.6206e-214,-0.37775,1.781e-05,0.0011478
-5.0347e-14,0.005,-0.3795,1.6692e-05,2.0751e-218,2.0751e-218,2.0751e-218,-0.3795,1.6692e-05,0.0011532
-5.0347e-14,0.005,-0.38125,1.7812e-05,2.657e-222,2.657e-222,2.657e-222,-0.38125,1.7812e-05,0.0011585
-5.0347e-14,0.005,-0.383,1.8172e-05,3.4021e-226,3.4021e-226,3.4021e-226,-0.383,1.8172e-05,0.0011638
-5.0347e-14,0.005,-0.37974,1.8541e-05,4.3561e-230,4.3561e-230,4.3561e-230,-0.37974,1.8541e-05,0.0011539
-5.0347e-14,0.005,-0.37648,1.815e-05,5.5777e-234,5.5777e-234,5.5777e-234,-0.37648,1.815e-05,0.001144
-5.0347e-14,0.005,-0.37322,1.6479e-05,7.1418e-238,7.1418e-238,7.1418e-238,-0.37322,1.6479e-05,0.0011341
-5.0347e-14,0.005,-0.37496,1.7759e-05,9.1445e-242,9.1445e-242,9.1445e-242,-0.37496,1.7759e-05,0.0011393
-5.0347e-14,0.005,-0.3817,1.6991e-05,1.1709e-245,1.1709e-245,1.1709e-245,-0.3817,1.6991e-05,0.0011598
-5.0347e-14,0.005,-0.37344,1.777e-05,1.4993e-249,1.4993e-249,1.4993e-249,-0.37344,1.777e-05,0.0011347
-5.0347e-14,0.005,-0.38017,1.6962e-05,1.9197e-253,1.9197e-253,1.9197e-253,-0.38017,1.6962e-05,0.0011552
-5.0347e-14,0.005,-0.3719,1.77e-05,2.458e-257,2.458e-257,2.458e-257,-0.3719,1.77e-05,0.00113
-5.0347e-14,0.005,-0.37863,1.6852e-05,3.1473e-261,3.1473e-261,3.1473e-261,-0.37863,1.6852e-05,0.0011505
-5.0347e-14,0.005,-0.37036,1.755e-05,4.0299e-265,4.0299e-265,4.0299e-265,-0.37036,1.755e-05,0.0011254
-5.0347e-14,0.005,-0.37709,1.6661e-05,5.16e-269,5.16e-269,5.16e-269,-0.37709,1.6661e-05,0.0011458
-5.0347e-14,0.005,-0.36882,1.58e-05,6.607e-273,6.607e-273,6.607e-273,-0.36882,1.58e-05,0.0011207
-5.0347e-14,0.005,-0.37554,1.735e-05,8.4598e-277,8.4598e-277,8.4598e-277,-0.37554,1.735e-05,0.0011411
-5.0347e-14,0.005,-0.36726,1.5928e-05,1.0832e-280,1.0832e-280,1.0832e-280,-0.36726,1.5928e-05,0.001116
-5.0347e-14,0.005,-0.37398,1.6918e-05,1.387e-284,1.387e-284,1.387e-284,-0.37398,1.6918e-05,0.0011364
-5.0347e-14,0.005,-0.3707,1.6166e-05,1.7759e-288,1.7759e-288,1.7759e-288,-0.3707,1.6166e-05,0.0011264
-5.0347e-14,0.005,-0.36742,1.7134e-05,2.2739e-292,2.2739e-292,2.2739e-292,-0.36742,1.7134e-05,0.0011164
-5.0347e-14,0.005,-0.36914,1.7054e-05,2.9116e-296,2.9116e-296,2.9116e-296,-0.36914,1.7054e-05,0.0011217
-5.0347e-14,0.005,-0.37085,1.6693e-05,3.7281e-300,3.7281e-300,3.7281e-300,-0.37085,1.6693e-05,0.0011269
-5.0347e-14,0.005,-0.37256,1.6052e-05,4.7735e-304,4.7735e-304,4.7735e-304,-0.37256,1.6052e-05,0.0011321
-5.0347e-14,0.005,-0.37427,1.713e-05,6.1121e-308,6.1121e-308,6.1121e-308,-0.37427,1.713e-05,0.0011373
-5.0347e-14,0.005,-0.37598,1.6928e-05,7.8261e-312,7.8261e-312,7.8261e-312,-0.37598,1.6928e-05,0.0011425
-5.0347e-14,0.005,-0.36769,1.5985e-05,1.0023e-315,1.0023e-315,1.0023e-315,-0.36769,1.5985e-05,0.0011173
-5.0347e-14,0.005,-0.36939,1.7223e-05,2.6076e-319,2.6076e-319,2.6076e-319,-0.36939,1.7223e-05,0.0011224
-5.0347e-14,0.005,-0.37109,1.7182e-05,-1.0968e-321,-1.0968e-321,-1.0968e-321,-0.37109,1.7182e-05,0.0011276
-5.0347e-14,0.005,-0.37279,1.6861e-05,-1.0968e-321,-1.0968e-321,-1.0968e-321,-0.37279,1.6861e-05,0.0011328
-5.0347e-14,0.005,-0.36949,1.6028e-05,-1.0968e-321,-1.0968e-321,-1.0968e-321,-0.36949,1.6028e-05,0.0011228
-5.0347e-14,0.005,-0.36619,1.6914e-05,-1.0968e-321,-1.0968e-321,-1.0968e-321,-0.36619,1.6914e-05,0.0011127
-5.0347e-14,0.005,-0.36289,1.6522e-05,-1.0968e-321,-1.0968e-321,-1.0968e-321,-0.36289,1.6522e-05,0.0011027
-5.0347e-14,0.005,-0.36458,1.608e-05,-1.0968e-321,-1.0968e-321,-1.0968e-321,-0.36458,1.608e-05,0.0011078
-5.0347e-14,0.005,-0.37127,1.659e-05,-1.0968e-321,-1.0968e-321,-1.0968e-321,-0.37127,1.659e-05,0.0011282
-5.0347e-14,0.005,-0.36296,1.5126e-05,-1.0968e-321,-1.0968e-321,-1.0968e-321,-0.36296,1.5126e-05,0.0011029
-5.0347e-14,0.005,-0.36965,1.7075e-05,-1.0968e-321,-1.0968e-321,-1.0968e-321,-0.36965,1.7075e-05,0.0011232
-5.0347e-14,0.005,-0.36134,1.6052e-05,-1.0968e-321,-1.0968e-321,-1.0968e-321,-0.36134,1.6052e-05,0.001098
-5.0347e-14,0.005,-0.36803,1.744e-05,-1.0968e-321,-1.0968e-321,-1.0968e-321,-0.36803,1.744e-05,0.0011183
-5.0347e-14,0.005,-0.35971,1.6856e-05,-1.0968e-321,-1.0968e-321,-1.0968e-321,-0.35971,1.6856e-05,0.001093
-5.0347e-14,0.005,-0.36639,1.7685e-05,-1.0968e-321,-1.0968e-321,-1.0968e-321,-0.36639,1.7685e-05,0.0011133
-5.0347e-14,0.005,-0.35807,1.5541e-05,-1.0968e-321,-1.0968e-321,-1.0968e-321,-0.35807,1.5541e-05,0.0010881
-5.0347e-14,0.005,-0.36475,1.6808e-05,-1.0968e-321,-1.0968e-321,-1.0968e-321,-0.36475,1.6808e-05,0.0011083
-5.0347e-14,0.005,-0.36143,1.6335e-05,-1.0968e-321,-1.0968e-321,-1.0968e-321,-0.36143,1.6335e-05,0.0010982
-5.0347e-14,0.005,-0.35811,1.6582e-05,-1.0968e-321,-1.0968e-321,-1.0968e-321,-0.35811,1.6582e-05,0.0010881
-5.0347e-14,0.005,-0.35978,1.678e-05,-1.0968e-321,-1.0968e-321,-1.0968e-321,-0.35978,1.678e-05,0.0010932
-5.0347e-14,0.005,-0.36145,1.6698e-05,-1.0968e-321,-1.0968e-321,-1.0968e-321,-0.36145,1.6698e-05,0.0010983
-5.0347e-14,0.005,-0.36312,1.6335e-05,-1.0968e-321,-1.0968e-321,-1.0968e-321,-0.36312,1.6335e-05,0.0011034
-5.0347e-14,0.005,-0.36479,1.6692e-05,-1.0968e-321,-1.0968e-321,-1.0968e-321,-0.36479,1.6692e-05,0.0011085
-5.0347e-14,0.005,-0.36646,1.6768e-05,-1.0968e-321,-1.0968e-321,-1.0968e-321,-0.36646,1.6768e-05,0.0011135
-5.0347e-14,0.005,-0.36313,1.6335e-05,-1.0968e-321,-1.0968e-321,-1.0968e-321,-0.36313,1.6335e-05,0.0011034
-5.0347e-14,0.005,-0.35979,1.6621e-05,-1.0968e-321,-1.0968e-321,-1.0968e-321,-0.35979,1.6621e-05,0.0010933
-5.0347e-14,0.005,-0.35645,1.6626e-05,-1.0968e-321,-1.0968e-321,-1.0968e-321,-0.35645,1.6626e-05,0.0010831
-5.0347e-14,0.005,-0.35311,1.6352e-05,-1.0968e-321,-1.0968e-321,-1.0968e-321,-0.35311,1.6352e-05,0.001073
-5.0347e-14,0.005,-0.35977,1.7259e-05,-1.0968e-321,-1.0968e-321,-1.0968e-321,-0.35977,1.7259e-05,0.0010932
-5.0347e-14,0.005,-0.35643,1.6425e-05,-1.0968e-321,-1.0968e-321,-1.0968e-321,-0.35643,1.6425e-05,0.001083
-5.0347e-14,0.005,-0.35309,1.7311e-05,-1.0968e-321,-1.0968e-321,-1.0968e-321,-0.35309,1.7311e-05,0.0010729
-5.0347e-14,0.005,-0.35474,1.7147e-05,-1.0968e-321,-1.0968e-321,-1.0968e-321,-0.35474,1.7147e-05,0.0010779
-5.0347e-14,0.005,-0.36139,1.6934e-05,-1.0968e-321,-1.0968e-321,-1.0968e-321,-0.36139,1.6934e-05,0.0010981
-5.0347e-14,0.005,-0.35304,1.5749e-05,-1.0968e-321,-1.0968e-321,-1.0968e-321,-0.35304,1.5749e-05,0.0010728
-5.0347e-14,0.005,-0.35969,1.6975e-05,-1.0968e-321,-1.0968e-321,-1.0968e-321,-0.35969,1.6975e-05,0.0010929
-5.0347e-14,0.005,-0.35134,1.623e-05,-1.0968e-321,-1.0968e-321,-1.0968e-321,-0.35134,1.623e-05,0.0010676
-5.0347e-14,0.005,-0.35799,1.7896e-05,-1.0968e-321,-1.0968e-321,-1.0968e-321,-0.35799,1.7896e-05,0.0010877
-5.0347e-14,0.005,-0.34963,1.5592e-05,-1.0968e-321,-1.0968e-321,-1.0968e-321,-0.34963,1.5592e-05,0.0010624
-5.0347e-14,0.005,-0.35627,1.6698e-05,-1.0968e-321,-1.0968e-321,-1.0968e-321,-0.35627,1.6698e-05,0.0010826
-5.0347e-14,0.005,-0.34791,1.5831e-05,-1.0968e-321,-1.0968e-321,-1.0968e-321,-0.34791,1.5831e-05,0.0010572
-5.0347e-14,0.005,-0.35455,1.7377e-05,-1.0968e-321,-1.0968e-321,-1.0968e-321,-0.35455,1.7377e-05,0.0010773
-5.0347e-14,0.005,-0.35619,1.6413e-05,-1.0968e-321,-1.0968e-321,-1.0968e-321,-0.35619,1.6413e-05,0.0010823
-5.0347e-14,0.005,-0.35283,1.6938e-05,-1.0968e-321,-1.0968e-321,-1.0968e-321,-0.35283,1.6938e-05,0.0010721
-5.0347e-14,0.005,-0.35446,1.6414e-05,-1.0968e-321,-1.0968e-321,-1.0968e-321,-0.35446,1.6414e-05,0.0010771
-5.0347e-14,0.005,-0.35609,1.7608e-05,-1.0968e-321,-1.0968e-321,-1.0968e-321,-0.35609,1.7608e-05,0.001082
-5.0347e-14,0.005,-0.35272,1.6293e-05,-1.0968e-321,-1.0968e-321,-1.0968e-321,-0.35272,1.6293e-05,0.0010718
-5.0347e-14,0.005,-0.34935,1.6697e-05,-1.0968e-321,-1.0968e-321,-1.0968e-321,-0.34935,1.6697e-05,0.0010615
-5.0347e-14,0.005,-0.35098,1.7052e-05,-1.0968e-321,-1.0968e-321,-1.0968e-321,-0.35098,1.7052e-05,0.0010665
-5.0347e-14,0.005,-0.35261,1.7127e-05,-1.0968e-321,-1.0968e-321,-1.0968e-321,-0.35261,1.7127e-05,0.0010714
-5.0347e-14,0.005,-0.35423,1.6922e-05,-1.0968e-321,-1.0968e-321,-1.0968e-321,-0.35423,1.6922e-05,0.0010764
-5.0347e-14,0.005,-0.35585,1.6436e-05,-1.0968e-321,-1.0968e-321,-1.0968e-321,-0.35585,1.6436e-05,0.0010813
-5.0347e-14,0.005,-0.35247,1.644e-05,-1.0968e-321,-1.0968e-321,-1.0968e-321,-0.35247,1.644e-05,0.001071
-5.0347e-14,0.005,-0.34909,1.7164e-05,-1.0968e-321,-1.0968e-321,-1.0968e-321,-0.34909,1.7164e-05,0.0010607
-5.0347e-14,0.005,-0.34571,1.6608e-05,-1.0968e-321,-1.0968e-321,-1.0968e-321,-0.34571,1.6608e-05,0.0010504
-5.0347e-14,0.005,-0.34233,1.6772e-05,-1.0968e-321,-1.0968e-321,-1.0968e-321,-0.34233,1.6772e-05,0.0010402
-5.0347e-14,0.005,-0.34894,1.5598e-05,-1.0968e-321,-1.0968e-321,-1.0968e-321,-0.34894,1.5598e-05,0.0010603
-5.0347e-14,0.005,-0.34555,1.5682e-05,-1.0968e-321,-1.0968e-321,-1.0968e-321,-0.34555,1.5682e-05,0.00105
-5.0347e-14,0.005,-0.34216,1.6485e-05,-1.0968e-321,-1.0968e-321,-1.0968e-321,-0.34216,1.6485e-05,0.0010397
-5.0347e-14,0.005,-0.34877,1.595e-05,-1.0968e-321,-1.0968e-321,-1.0968e-321,-0.34877,1.595e-05,0.0010598
-5.0347e-14,0.005,-0.34538,1.6673e-05,-1.0968e-321,-1.0968e-321,-1.0968e-321,-0.34538,1.6673e-05,0.0010494
-5.0347e-14,0.005,-0.34199,1.4598e-05,-1.0968e-321,-1.0968e-321,-1.0968e-321,-0.34199,1.4598e-05,0.0010392
-5.0347e-14,0.005,-0.3436,1.4952e-05,-1.0968e-321,-1.0968e-321,-1.0968e-321,-0.3436,1.4952e-05,0.0010441
-5.0347e-14,0.005,-0.3502,1.5737e-05,-1.0968e-321,-1.0968e-321,-1.0968e-321,-0.3502,1.5737e-05,0.0010641
-5.0347e-14,0.005,-0.3418,1.5549e-05,-1.0968e-321,-1.0968e-321,-1.0968e-321,-0.3418,1.5549e-05,0.0010386
-5.0347e-14,0.005,-0.3484,1.5254e-05,-1.0968e-321,-1.0968e-321,-1.0968e-321,-0.3484,1.5254e-05,0.0010587
-5.0347e-14,0.005,-0.34,1.5985e-05,-1.0968e-321,-1.0968e-321,-1.0968e-321,-0.34,1.5985e-05,0.0010331
-5.0347e-14,0.005,-0.3466,1.561e-05,-1.0968e-321,-1.0968e-321,-1.0968e-321,-0.3466,1.561e-05,0.0010532
-5.0347e-14,0.005,-0.3382,1.5262e-05,-1.0968e-321,-1.0968e-321,-1.0968e-321,-0.3382,1.5262e-05,0.0010277
-5.0347e-14,0.005,-0.34479,1.5806e-05,-1.0968e-321,-1.0968e-321,-1.0968e-321,-0.34479,1.5806e-05,0.0010477
-5.0347e-14,0.005,-0.34638,1.432e-05,-1.0968e-321,-1.0968e-321,-1.0968e-321,-0.34638,1.432e-05,0.0010526
-5.0347e-14,0.005,-0.34297,1.6321e-05,-1.0968e-321,-1.0968e-321,-1.0968e-321,-0.34297,1.6321e-05,0.0010421
-5.0347e-14,0.005,-0.34456,1.5755e-05,-1.0968e-321,-1.0968e-321,-1.0968e-321,-0.34456,1.5755e-05,0.001047
-5.0347e-14,0.005,-0.34615,1.5388e-05,-1.0968e-321,-1.0968e-321,-1.0968e-321,-0.34615,1.5388e-05,0.0010518
-5.0347e-14,0.005,-0.34274,1.651e-05,-1.0968e-321,-1.0968e-321,-1.0968e-321,-0.34274,1.651e-05,0.0010414
-5.0347e-14,0.005,-0.33932,1.4833e-05,-1.0968e-321,-1.0968e-321,-1.0968e-321,-0.33932,1.4833e-05,0.0010311
-5.0347e-14,0.005,-0.3409,1.5586e-05,-1.0968e-321,-1.0968e-321,-1.0968e-321,-0.3409,1.5586e-05,0.0010359
-5.0347e-14,0.005,-0.34248,1.4539e-05,-1.0968e-321,-1.0968e-321,-1.0968e-321,-0.34248,1.4539e-05,0.0010407
-5.0347e-14,0.005,-0.34406,1.4692e-05,-1.0968e-321,-1.0968e-321,-1.0968e-321,-0.34406,1.4692e-05,0.0010455
-5.0347e-14,0.005,-0.34564,1.5045e-05,-1.0968e-321,-1.0968e-321,-1.0968e-321,-0.34564,1.5045e-05,0.0010503
-5.0347e-14,0.005,-0.34222,1.6886e-05,-1.0968e-321,-1.0968e-321,-1.0968e-321,-0.34222,1.6886e-05,0.0010398
-5.0347e-14,0.005,-0.3388,1.4929e-05,-1.0968e-321,-1.0968e-321,-1.0968e-321,-0.3388,1.4929e-05,0.0010295
-5.0347e-14,0.005,-0.33537,1.5171e-05,-1.0968e-321,-1.0968e-321,-1.0968e-321,-0.33537,1.5171e-05,0.0010191
-5.0347e-14,0.005,-0.33694,1.5843e-05,-1.0968e-321,-1.0968e-321,-1.0968e-321,-0.33694,1.5843e-05,0.0010238
-5.0347e-14,0.005,-0.33851,1.4716e-05,-1.0968e-321,-1.0968e-321,-1.0968e-321,-0.33851,1.4716e-05,0.0010286
-5.0347e-14,0.005,-0.34008,1.4789e-05,-1.0968e-321,-1.0968e-321,-1.0968e-321,-0.34008,1.4789e-05,0.0010334
-5.0347e-14,0.005,-0.34165,1.5061e-05,-1.0968e-321,-1.0968e-321,-1.0968e-321,-0.34165,1.5061e-05,0.0010382
-5.0347e-14,0.005,-0.34322,1.5533e-05,-1.0968e-321,-1.0968e-321,-1.0968e-321,-0.34322,1.5533e-05,0.0010429
-5.0347e-14,0.005,-0.33978,1.4975e-05,-1.0968e-321,-1.0968e-321,-1.0968e-321,-0.33978,1.4975e-05,0.0010325
-5.0347e-14,0.005,-0.33634,1.5616e-05,-1.0968e-321,-1.0968e-321,-1.0968e-321,-0.33634,1.5616e-05,0.001022
-5.0347e-14,0.005,-0.3329,1.4458e-05,-1.0968e-321,-1.0968e-321,-1.0968e-321,-0.3329,1.4458e-05,0.0010116
-5.0347e-14,0.005,-0.33446,1.5729e-05,-1.0968e-321,-1.0968e-321,-1.0968e-321,-0.33446,1.5729e-05,0.0010163
-5.0347e-14,0.005,-0.34102,1.5432e-05,-1.0968e-321,-1.0968e-321,-1.0968e-321,-0.34102,1.5432e-05,0.0010362
-5.0347e-14,0.005,-0.33258,1.4643e-05,-1.0968e-321,-1.0968e-321,-1.0968e-321,-0.33258,1.4643e-05,0.0010106
-5.0347e-14,0.005,-0.33914,1.5745e-05,-1.0968e-321,-1.0968e-321,-1.0968e-321,-0.33914,1.5745e-05,0.0010305
-5.0347e-14,0.005,-0.33069,1.4355e-05,-1.0968e-321,-1.0968e-321,-1.0968e-321,-0.33069,1.4355e-05,0.0010049
-5.0347e-14,0.005,-0.33724,1.5856e-05,-1.0968e-321,-1.0968e-321,-1.0968e-321,-0.33724,1.5856e-05,0.0010247
-5.0347e-14,0.005,-0.32879,1.3867e-05,-1.0968e-321,-1.0968e-321,-1.0968e-321,-0.32879,1.3867e-05,0.0009991
-5.0347e-14,0.005,-0.33534,1.5769e-05,-1.0968e-321,-1.0968e-321,-1.0968e-321,-0.33534,1.5769e-05,0.001019
-5.0347e-14,0.005,-0.33189,1.4409e-05,-1.0968e-321,-1.0968e-321,-1.0968e-321,-0.33189,1.4409e-05,0.0010085
-5.0347e-14,0.005,-0.33344,1.548e-05,-1.0968e-321,-1.0968e-321,-1.0968e-321,-0.33344,1.548e-05,0.0010132
-5.0347e-14,0.005,-0.33999,1.5982e-05,-1.0968e-321,-1.0968e-321,-1.0968e-321,-0.33999,1.5982e-05,0.0010331
-5.0347e-14,0.005,-0.33153,1.3992e-05,-1.0968e-321,-1.0968e-321,-1.0968e-321,-0.33153,1.3992e-05,0.0010074
-5.0347e-14,0.005,-0.33807,1.5894e-05,-1.0968e-321,-1.0968e-321,-1.0968e-321,-0.33807,1.5894e-05,0.0010273
-5.0347e-14,0.005,-0.32961,1.4303e-05,-1.0968e-321,-1.0968e-321,-1.0968e-321,-0.32961,1.4303e-05,0.0010016
-5.0347e-14,0.005,-0.33615,1.6604e-05,-1.0968e-321,-1.0968e-321,-1.0968e-321,-0.33615,1.6604e-05,0.0010214
-5.0347e-14,0.005,-0.32769,1.4414e-05,-1.0968e-321,-1.0968e-321,-1.0968e-321,-0.32769,1.4414e-05,0.00099573
-5.0347e-14,0.005,-0.33423,1.6115e-05,-1.0968e-321,-1.0968e-321,-1.0968e-321,-0.33423,1.6115e-05,0.0010156
-5.0347e-14,0.005,-0.33076,1.4555e-05,-1.0968e-321,-1.0968e-321,-1.0968e-321,-0.33076,1.4555e-05,0.0010051
-5.0347e-14,0.005,-0.32729,1.5194e-05,-1.0968e-321,-1.0968e-321,-1.0968e-321,-0.32729,1.5194e-05,0.00099451
-5.0347e-14,0.005,-0.32882,1.5265e-05,-1.0968e-321,-1.0968e-321,-1.0968e-321,-0.32882,1.5265e-05,0.00099915
-5.0347e-14,0.005,-0.33035,1.5536e-05,-1.0968e-321,-1.0968e-321,-1.0968e-321,-0.33035,1.5536e-05,0.0010038
-5.0347e-14,0.005,-0.33188,1.5007e-05,-1.0968e-321,-1.0968e-321,-1.0968e-321,-0.33188,1.5007e-05,0.0010085
-5.0347e-14,0.005,-0.33341,1.5677e-05,-1.0968e-321,-1.0968e-321,-1.0968e-321,-0.33341,1.5677e-05,0.0010131
-5.0347e-14,0.005,-0.33494,1.4548e-05,-1.0968e-321,-1.0968e-321,-1.0968e-321,-0.33494,1.4548e-05,0.0010178
-5.0347e-14,0.005,-0.33146,1.4387e-05,-1.0968e-321,-1.0968e-321,-1.0968e-321,-0.33146,1.4387e-05,0.0010072
-5.0347e-14,0.005,-0.32798,1.5426e-05,-1.0968e-321,-1.0968e-321,-1.0968e-321,-0.32798,1.5426e-05,0.0009966
-5.0347e-14,0.005,-0.3245,1.5665e-05,-1.0968e-321,-1.0968e-321,-1.0968e-321,-0.3245,1.5665e-05,0.00098601
-5.0347e-14,0.005,-0.32602,1.5183e-05,-1.0968e-321,-1.0968e-321,-1.0968e-321,-0.32602,1.5183e-05,0.00099064
-5.0347e-14,0.005,-0.32754,1.4749e-05,-1.0968e-321,-1.0968e-321,-1.0968e-321,-0.32754,1.4749e-05,0.00099527
-5.0347e-14,0.005,-0.32906,1.4515e-05,-1.0968e-321,-1.0968e-321,-1.0968e-321,-0.32906,1.4515e-05,0.00099989
