140.86
0.5657
0.00079102
0.00056462
0.00056403
0.00056345
0.0005629
0.00056236
0.00056178
0.00056121
0.00056068
0.00056009
0.00055959
0.00055898
0.00055847
0.00055787
0.00055734
0.00055676
0.00055622
0.00055566
0.0005551
0.00055455
0.00055398
0.00055342
0.00055288
0.00055238
0.00055177
0.00055122
0.0005507
0.00055012
0.00054957
0.00054903
0.0005485
0.00054793
0.00054738
0.00054686
0.00054628
0.0005458
0.0005452
0.0005447
0.00054412
0.0005436
0.00054304
0.0005425
0.00054197
0.00054141
0.00054089
0.00054031
0.00053977
0.00053926
0.00053869
0.00053814
0.00053762
0.00053711
0.00053662
0.000536
0.00053546
0.00053494
0.00053444
0.00053388
0.00053333
0.00053281
0.00053225
0.0005318
0.0005312
0.00053072
0.00053014
0.00052965
0.00052909
0.00052857
0.00052804
0.0005275
0.000527
0.00052644
0.00052591
0.00052541
0.00052485
0.00052432
0.00052381
0.00052331
0.00052284
0.00052223
0.00052171
0.0005212
0.00052071
0.00052016
0.00051963
0.00051913
0.00051859
0.00051812
0.00051756
0.00051708
0.00051654
0.00051603
0.00051552
0.00051499
0.00051451
0.00051395
0.00051344
0.00051296
0.00051241
0.00051189
0.00051139
0.0005109
0.00051043
0.00050987
0.00050934
0.00050885
0.0005084
0.00050782
0.00050732
0.00050685
0.00050631
0.00050583
0.00050532
0.00050481
0.00050433
0.0005038
0.00050335
0.00050279
0.00050237
0.00050178
0.00050128
0.00050078
0.00050027
0.00049979
0.00049928
0.0004988
0.00049827
0.00049778
0.0004973
0.00049684
0.0004963
0.0004958
0.00049534
0.00049491
0.00049431
0.00049384
0.0004934
0.00049283
0.00049234
0.0004919
0.00049137
0.00049089
0.00049041
0.00048996
0.00048952
0.00048898
0.00048857
0.000488
0.00048751
0.00048703
0.00048653
0.00048607
0.00048557
0.00048511
0.0004846
0.00048412
0.00048358
0.00048313
0.00048261
0.00048214
0.0004817
0.00048117
0.00048068
0.0004802
0.00047973
0.00047928
0.00047878
0.00047829
0.00047785
0.00047735
0.0004769
0.00047642
0.00047594
0.00047549
0.00047498
0.00047458
0.00047403
0.00047356
0.00047307
0.00047268
0.00047213
0.0004717
0.0004712
0.00047074
0.00047027
0.00046977
0.0004693
0.00046886
0.00046836
0.00046788
0.00046742
0.00046698
0.00046655
0.00046604
0.00046557
0.00046514
0.00046465
0.00046417
