1.4114e+05
0.012004
0.5657
0.55863
0.56569
0.56569
0.56569
0.55862
0.5657
0.5657
0.55863
0.55862
0.55863
0.55862
0.55863
0.55862
0.55863
0.55862
0.55863
0.55862
0.55863
0.55862
0.55156
0.55156
0.55156
0.55156
0.55156
0.55156
0.54449
0.55155
0.55155
0.55155
0.54448
0.55156
0.55156
0.54449
0.54448
0.54449
0.54448
0.54449
0.54448
0.54449
0.54448
0.54449
0.54448
0.54449
0.54448
0.53742
0.53742
0.54449
0.53741
0.53741
0.53741
0.53741
0.53741
0.53741
0.53741
0.53741
0.53034
0.53742
0.53742
0.53035
0.53034
0.53035
0.53034
0.53035
0.53034
0.53035
0.53034
0.53035
0.53034
0.53035
0.53034
0.52328
0.52328
0.53035
0.52327
0.52327
0.52327
0.52327
0.52327
0.52327
0.52327
0.52327
0.51619
0.52328
0.52328
0.51621
0.51619
0.51621
0.51619
0.51621
0.51619
0.51621
0.51619
0.51621
0.51619
0.50914
0.50914
0.51621
0.50912
0.50912
0.50912
0.50912
0.51619
0.50914
0.50914
0.50914
0.50914
0.50914
0.50914
0.50207
0.50205
0.50207
0.50205
0.50207
0.50205
0.50207
0.50205
0.50207
0.50205
0.50207
0.50205
0.50207
0.49498
0.50205
0.495
0.50207
0.49498
0.49498
0.49498
0.50205
0.495
0.495
0.495
0.495
0.495
0.495
0.495
0.495
0.495
0.48793
0.48791
0.48793
0.48791
0.48793
0.48791
0.48793
0.48791
0.48793
0.48791
0.48793
0.48084
0.48791
0.48086
0.48793
0.48084
0.48084
0.48084
0.48791
0.48086
0.48086
0.48793
0.48084
0.48084
0.48084
0.48084
0.47377
0.48086
0.48086
0.47379
0.47377
0.47379
0.47377
0.47379
0.47377
0.47379
0.47377
0.48086
0.47379
0.47377
0.47379
0.47377
0.47379
0.47377
0.47379
0.47377
0.46672
0.46672
0.47379
0.4667
0.4667
0.4667
0.4667
0.45963
0.46672
0.46672
0.45965
0.4667
0.4667
