0.4
-0.0018605
0.0018389
0.00092424
0.00045708
-2.2614e-06
0.00012315
0.00017375
0.00019625
-1.8975e-05
2.4716e-05
3.103e-05
3.3836e-05
-4.7807e-06
1.0926e-05
1.1505e-05
-1.1053e-06
1.256e-05
1.2231e-05
-7.6366e-07
-9.9252e-08
2.1343e-07
3.6058e-07
7.6634e-06
7.5939e-06
7.5602e-06
-3.2927e-06
6.4658e-06
-1.9473e-06
8.8781e-06
6.467e-06
5.8404e-06
5.6917e-06
7.5754e-06
7.7539e-06
8.2904e-06
-2.6166e-06
8.8385e-06
8.5439e-06
8.4129e-06
-2.5589e-06
8.8641e-06
8.5552e-06
8.418e-06
-2.5565e-06
8.8652e-06
8.5557e-06
8.2904e-06
-2.6165e-06
8.7427e-06
8.4374e-06
8.3017e-06
-2.6112e-06
8.745e-06
8.4384e-06
8.3022e-06
-2.611e-06
8.7451e-06
8.4385e-06
8.2904e-06
-2.6165e-06
8.7338e-06
8.4275e-06
8.2914e-06
-2.616e-06
8.734e-06
8.4276e-06
8.2915e-06
-2.616e-06
8.734e-06
8.4277e-06
8.2915e-06
-2.616e-06
8.734e-06
8.4277e-06
8.2915e-06
-2.616e-06
8.734e-06
8.4277e-06
8.2915e-06
-2.616e-06
8.734e-06
8.4277e-06
8.2915e-06
-2.616e-06
8.734e-06
8.4277e-06
8.2915e-06
-2.616e-06
8.734e-06
8.4277e-06
8.2915e-06
-2.616e-06
8.734e-06
8.4277e-06
8.2915e-06
-2.616e-06
8.734e-06
8.4277e-06
8.2915e-06
-2.616e-06
8.734e-06
8.4277e-06
8.2915e-06
-2.616e-06
8.734e-06
8.4277e-06
8.2915e-06
-2.616e-06
8.734e-06
8.4277e-06
8.2915e-06
-2.616e-06
8.734e-06
8.4277e-06
8.2915e-06
-2.616e-06
8.734e-06
8.4277e-06
8.2915e-06
-2.616e-06
8.734e-06
8.4277e-06
8.2915e-06
-2.616e-06
8.734e-06
8.4277e-06
8.2915e-06
-2.616e-06
8.734e-06
8.4277e-06
8.2915e-06
-2.616e-06
8.734e-06
8.4277e-06
8.2915e-06
-2.616e-06
8.734e-06
8.4277e-06
8.2915e-06
-2.616e-06
8.734e-06
8.4277e-06
8.2915e-06
-2.616e-06
8.734e-06
8.4277e-06
8.2915e-06
-2.616e-06
8.734e-06
8.4277e-06
8.2915e-06
-2.616e-06
8.734e-06
8.4277e-06
8.2915e-06
-2.616e-06
8.734e-06
8.4277e-06
8.2915e-06
-2.616e-06
8.734e-06
8.4277e-06
8.2915e-06
-2.616e-06
8.734e-06
8.4277e-06
8.2915e-06
-2.616e-06
8.734e-06
8.4277e-06
8.2915e-06
-2.616e-06
8.734e-06
8.4277e-06
8.2915e-06
-2.616e-06
8.734e-06
8.4277e-06
8.2915e-06
-2.616e-06
8.734e-06
8.4277e-06
8.2915e-06
-2.616e-06
8.734e-06
8.4277e-06
8.2915e-06
-2.616e-06
8.734e-06
8.4277e-06
8.2915e-06
-2.616e-06
8.734e-06
8.4277e-06
8.2915e-06
-2.616e-06
8.734e-06
8.4277e-06
8.2915e-06
