1.1705e-06,0.005,0.015,-1.8226e-07,1.1705e-06,1.1705e-06,1.1705e-06,0.015,-1.8226e-07,-4.4385e-05
4.8321e-10,0.005,0.0074715,-3.4504e-07,4.8321e-10,4.8321e-10,4.8321e-10,0.0074715,-3.4504e-07,-2.2702e-05
2.4453e-14,0.005,0.0037934,-1.752e-07,2.4447e-14,2.4447e-14,2.4447e-14,0.0037934,-1.752e-07,-1.1527e-05
2.8093e-17,0.005,0.0019547,-9.028e-08,2.9847e-18,2.9847e-18,2.9847e-18,0.0019547,-9.028e-08,-5.9394e-06
2.8093e-17,0.005,0.0010345,-4.7781e-08,7.2761e-22,7.2761e-22,7.2761e-22,0.0010345,-4.7781e-08,-3.1434e-06
2.8093e-17,0.005,0.00051696,-2.3877e-08,1.7734e-25,1.7734e-25,1.7734e-25,0.00051696,-2.3877e-08,-1.5708e-06
2.8093e-17,0.005,0.00028927,-1.336e-08,-1.7683e-29,-1.7683e-29,-1.7683e-29,0.00028927,-1.336e-08,-8.7896e-07
2.8093e-17,0.005,0.00018807,-8.6864e-09,1.7632e-33,1.7632e-33,1.7632e-33,0.00018807,-8.6864e-09,-5.7148e-07
2.8093e-17,0.005,0.0001431,-6.6091e-09,-1.7581e-37,-1.7581e-37,-1.7581e-37,0.0001431,-6.6091e-09,-4.3481e-07
2.8093e-17,0.005,6.9178e-05,-3.1951e-09,-4.2846e-41,-4.2846e-41,-4.2846e-41,6.9178e-05,-3.1951e-09,-2.102e-07
2.8093e-17,0.005,4.0768e-05,-1.8829e-09,4.2723e-45,4.2723e-45,4.2723e-45,4.0768e-05,-1.8829e-09,-1.2388e-07
2.8093e-17,0.005,2.8141e-05,-1.2998e-09,-4.26e-49,-4.26e-49,-4.26e-49,2.8141e-05,-1.2998e-09,-8.551e-08
2.8093e-17,0.005,2.2529e-05,-1.0406e-09,4.2477e-53,4.2477e-53,4.2477e-53,2.2529e-05,-1.0406e-09,-6.8458e-08
2.8093e-17,0.005,1.0667e-05,-4.9262e-10,1.0352e-56,1.0352e-56,1.0352e-56,1.0667e-05,-4.9262e-10,-3.2412e-08
2.8093e-17,0.005,8.0651e-06,-3.725e-10,-1.0322e-60,-1.0322e-60,-1.0322e-60,8.0651e-06,-3.725e-10,-2.4506e-08
2.8093e-17,0.005,6.9087e-06,-3.1909e-10,1.0292e-64,1.0292e-64,1.0292e-64,6.9087e-06,-3.1909e-10,-2.0993e-08
2.8093e-17,0.005,3.3163e-06,-1.5317e-10,2.5082e-68,2.5082e-68,2.5082e-68,3.3163e-06,-1.5317e-10,-1.0077e-08
2.8093e-17,0.005,4.7981e-06,-2.2161e-10,-2.501e-72,-2.501e-72,-2.501e-72,4.7981e-06,-2.2161e-10,-1.458e-08
2.8093e-17,0.005,5.4567e-06,-2.5203e-10,2.4938e-76,2.4938e-76,2.4938e-76,5.4567e-06,-2.5203e-10,-1.6581e-08
2.8093e-17,0.005,2.633e-06,-1.2161e-10,6.0776e-80,6.0776e-80,6.0776e-80,2.633e-06,-1.2161e-10,-8.0006e-09
2.8093e-17,0.005,1.3041e-06,-6.023e-11,1.4812e-83,1.4812e-83,1.4812e-83,1.3041e-06,-6.023e-11,-3.9626e-09
2.8093e-17,0.005,6.7873e-07,-3.1347e-11,3.6098e-87,3.6098e-87,3.6098e-87,6.7873e-07,-3.1347e-11,-2.0624e-09
2.8093e-17,0.005,3.8445e-07,-1.7756e-11,8.7973e-91,8.7973e-91,8.7973e-91,3.8445e-07,-1.7756e-11,-1.1682e-09
-2.7418e-17,0.005,6.7122e-07,-3.1002e-11,1.0179e-94,1.0179e-94,1.0179e-94,6.7122e-07,-3.1002e-11,-2.0396e-09
3.3758e-19,0.005,8.1028e-07,-3.7425e-11,1.1777e-98,1.1777e-98,1.1777e-98,8.1028e-07,-3.7425e-11,-2.4621e-09
3.3758e-19,0.005,8.7773e-07,-4.054e-11,1.3626e-102,1.3626e-102,1.3626e-102,8.7773e-07,-4.054e-11,-2.6671e-09
3.3758e-19,0.005,3.3606e-07,-1.5521e-11,2.6373e-107,2.6373e-107,2.6373e-107,3.3606e-07,-1.5521e-11,-1.0211e-09
3.3758e-19,0.005,5.7217e-07,-1.0921e-11,3.0514e-111,3.0514e-111,3.0514e-111,5.7217e-07,-1.0921e-11,-1.7391e-09
3.3758e-19,0.005,4.2682e-08,2.9039e-11,7.4365e-115,7.4365e-115,7.4365e-115,4.2682e-08,2.9039e-11,-1.3064e-10
3.3758e-19,0.005,2.2408e-06,-4.1475e-11,-7.4151e-119,-7.4151e-119,-7.4151e-119,2.2408e-06,-4.1475e-11,-6.8109e-09
3.3758e-19,0.005,4.3539e-06,-7.7045e-11,1.103e-121,1.103e-121,1.103e-121,4.3539e-06,-7.7045e-11,-1.3233e-08
3.3758e-19,0.005,5.0972e-06,-1.1138e-10,-1.6407e-124,-1.6407e-124,-1.6407e-124,5.0972e-06,-1.1138e-10,-1.5492e-08
3.3758e-19,0.005,5.3945e-06,-1.2511e-10,2.4405e-127,2.4405e-127,2.4405e-127,5.3945e-06,-1.2511e-10,-1.6395e-08
3.3758e-19,0.005,4.5911e-06,-1.5003e-10,-2.4335e-131,-2.4335e-131,-2.4335e-131,4.5911e-06,-1.5003e-10,-1.3952e-08
3.3758e-19,0.005,4.234e-06,-1.3353e-10,2.4265e-135,2.4265e-135,2.4265e-135,4.234e-06,-1.3353e-10,-1.2867e-08
3.3758e-19,0.005,4.1896e-06,-1.3148e-10,-2.4195e-139,-2.4195e-139,-2.4195e-139,4.1896e-06,-1.3148e-10,-1.2732e-08
3.3758e-19,0.005,1.7677e-06,-5.0635e-11,-5.8965e-143,-5.8965e-143,-5.8965e-143,1.7677e-06,-5.0635e-11,-5.3724e-09
3.3758e-19,0.005,3.0934e-06,-8.0857e-11,5.8795e-147,5.8795e-147,5.8795e-147,3.0934e-06,-8.0857e-11,-9.4016e-09
3.3758e-19,0.005,3.6826e-06,-1.0807e-10,-5.8626e-151,-5.8626e-151,-5.8626e-151,3.6826e-06,-1.0807e-10,-1.1192e-08
3.3758e-19,0.005,3.9445e-06,-1.2016e-10,5.8457e-155,5.8457e-155,5.8457e-155,3.9445e-06,-1.2016e-10,-1.1988e-08
3.3758e-19,0.005,1.6524e-06,-4.5308e-11,1.4246e-158,1.4246e-158,1.4246e-158,1.6524e-06,-4.5308e-11,-5.0219e-09
3.3758e-19,0.005,3.0422e-06,-7.8488e-11,-1.4205e-162,-1.4205e-162,-1.4205e-162,3.0422e-06,-7.8488e-11,-9.246e-09
3.3758e-19,0.005,3.6599e-06,-1.0702e-10,1.4164e-166,1.4164e-166,1.4164e-166,3.6599e-06,-1.0702e-10,-1.1123e-08
3.3758e-19,0.005,3.9344e-06,-1.197e-10,-1.4123e-170,-1.4123e-170,-1.4123e-170,3.9344e-06,-1.197e-10,-1.1957e-08
3.3758e-19,0.005,1.6476e-06,-4.5088e-11,-3.4419e-174,-3.4419e-174,-3.4419e-174,1.6476e-06,-4.5088e-11,-5.0075e-09
3.3758e-19,0.005,3.0401e-06,-7.8389e-11,3.432e-178,3.432e-178,3.432e-178,3.0401e-06,-7.8389e-11,-9.2395e-09
3.3758e-19,0.005,3.6589e-06,-1.0697e-10,-3.4221e-182,-3.4221e-182,-3.4221e-182,3.6589e-06,-1.0697e-10,-1.112e-08
3.3758e-19,0.005,3.902e-06,-1.182e-10,3.4122e-186,3.4122e-186,3.4122e-186,3.902e-06,-1.182e-10,-1.1859e-08
3.3758e-19,0.005,1.6239e-06,-4.3994e-11,8.3158e-190,8.3158e-190,8.3158e-190,1.6239e-06,-4.3994e-11,-4.9354e-09
3.3758e-19,0.005,2.9976e-06,-7.6429e-11,-8.2919e-194,-8.2919e-194,-8.2919e-194,2.9976e-06,-7.6429e-11,-9.1103e-09
3.3758e-19,0.005,3.6081e-06,-1.0463e-10,8.268e-198,8.268e-198,8.268e-198,3.6081e-06,-1.0463e-10,-1.0966e-08
3.3758e-19,0.005,3.8794e-06,-1.1716e-10,-8.2442e-202,-8.2442e-202,-8.2442e-202,3.8794e-06,-1.1716e-10,-1.179e-08
3.3758e-19,0.005,1.6133e-06,-4.3503e-11,-2.0092e-205,-2.0092e-205,-2.0092e-205,1.6133e-06,-4.3503e-11,-4.9032e-09
3.3758e-19,0.005,2.9929e-06,-7.6212e-11,2.0034e-209,2.0034e-209,2.0034e-209,2.9929e-06,-7.6212e-11,-9.0961e-09
3.3758e-19,0.005,3.606e-06,-1.0453e-10,-1.9976e-213,-1.9976e-213,-1.9976e-213,3.606e-06,-1.0453e-10,-1.0959e-08
3.3758e-19,0.005,3.8785e-06,-1.1712e-10,1.9918e-217,1.9918e-217,1.9918e-217,3.8785e-06,-1.1712e-10,-1.1787e-08
3.3758e-19,0.005,1.6129e-06,-4.3483e-11,4.8542e-221,4.8542e-221,4.8542e-221,1.6129e-06,-4.3483e-11,-4.9019e-09
3.3758e-19,0.005,2.9927e-06,-7.6205e-11,-4.8402e-225,-4.8402e-225,-4.8402e-225,2.9927e-06,-7.6205e-11,-9.0956e-09
3.3758e-19,0.005,3.6059e-06,-1.0453e-10,4.8263e-229,4.8263e-229,4.8263e-229,3.6059e-06,-1.0453e-10,-1.0959e-08
3.3758e-19,0.005,3.8755e-06,-1.1698e-10,-4.8124e-233,-4.8124e-233,-4.8124e-233,3.8755e-06,-1.1698e-10,-1.1778e-08
3.3758e-19,0.005,1.6107e-06,-4.3382e-11,-1.1728e-236,-1.1728e-236,-1.1728e-236,1.6107e-06,-4.3382e-11,-4.8952e-09
3.3758e-19,0.005,2.9888e-06,-7.6022e-11,1.1694e-240,1.1694e-240,1.1694e-240,2.9888e-06,-7.6022e-11,-9.0836e-09
3.3758e-19,0.005,3.6013e-06,-1.0431e-10,-1.166e-244,-1.166e-244,-1.166e-244,3.6013e-06,-1.0431e-10,-1.0945e-08
3.3758e-19,0.005,3.8735e-06,-1.1688e-10,1.1626e-248,1.1626e-248,1.1626e-248,3.8735e-06,-1.1688e-10,-1.1772e-08
3.3758e-19,0.005,1.6098e-06,-4.3339e-11,2.8333e-252,2.8333e-252,2.8333e-252,1.6098e-06,-4.3339e-11,-4.8924e-09
3.3758e-19,0.005,2.9884e-06,-7.6002e-11,-2.8251e-256,-2.8251e-256,-2.8251e-256,2.9884e-06,-7.6002e-11,-9.0824e-09
3.3758e-19,0.005,3.6011e-06,-1.043e-10,2.817e-260,2.817e-260,2.817e-260,3.6011e-06,-1.043e-10,-1.0944e-08
3.3758e-19,0.005,3.8734e-06,-1.1688e-10,-2.8089e-264,-2.8089e-264,-2.8089e-264,3.8734e-06,-1.1688e-10,-1.1772e-08
3.3758e-19,0.005,1.6097e-06,-4.3337e-11,-6.8455e-268,-6.8455e-268,-6.8455e-268,1.6097e-06,-4.3337e-11,-4.8922e-09
3.3758e-19,0.005,2.9883e-06,-7.5998e-11,6.8258e-272,6.8258e-272,6.8258e-272,2.9883e-06,-7.5998e-11,-9.0822e-09
3.3758e-19,0.005,3.601e-06,-1.043e-10,-6.8061e-276,-6.8061e-276,-6.8061e-276,3.601e-06,-1.043e-10,-1.0944e-08
3.3758e-19,0.005,3.8733e-06,-1.1687e-10,6.7865e-280,6.7865e-280,6.7865e-280,3.8733e-06,-1.1687e-10,-1.1771e-08
3.3758e-19,0.005,1.6097e-06,-4.3334e-11,1.6539e-283,1.6539e-283,1.6539e-283,1.6097e-06,-4.3334e-11,-4.8921e-09
3.3758e-19,0.005,2.9883e-06,-7.6002e-11,-1.6491e-287,-1.6491e-287,-1.6491e-287,2.9883e-06,-7.6002e-11,-9.0822e-09
3.3758e-19,0.005,3.601e-06,-1.043e-10,1.6444e-291,1.6444e-291,1.6444e-291,3.601e-06,-1.043e-10,-1.0944e-08
3.3758e-19,0.005,3.8733e-06,-1.1687e-10,-1.6397e-295,-1.6397e-295,-1.6397e-295,3.8733e-06,-1.1687e-10,-1.1771e-08
3.3758e-19,0.005,1.6097e-06,-4.3334e-11,-3.9961e-299,-3.9961e-299,-3.9961e-299,1.6097e-06,-4.3334e-11,-4.8921e-09
3.3758e-19,0.005,2.9883e-06,-7.6002e-11,3.9846e-303,3.9846e-303,3.9846e-303,2.9883e-06,-7.6002e-11,-9.0822e-09
3.3758e-19,0.005,3.601e-06,-1.043e-10,-3.9731e-307,-3.9731e-307,-3.9731e-307,3.601e-06,-1.043e-10,-1.0944e-08
3.3758e-19,0.005,3.8733e-06,-1.1687e-10,3.9617e-311,3.9617e-311,3.9617e-311,3.8733e-06,-1.1687e-10,-1.1771e-08
3.3758e-19,0.005,1.6097e-06,-4.3334e-11,9.6549e-315,9.6549e-315,9.6549e-315,1.6097e-06,-4.3334e-11,-4.8921e-09
3.3758e-19,0.005,2.9883e-06,-7.6002e-11,-9.6737e-319,-9.6737e-319,-9.6737e-319,2.9883e-06,-7.6002e-11,-9.0822e-09
3.3758e-19,0.005,3.601e-06,-1.043e-10,2.8162e-322,2.8162e-322,2.8162e-322,3.601e-06,-1.043e-10,-1.0944e-08
3.3758e-19,0.005,3.8733e-06,-1.1687e-10,4.9407e-324,4.9407e-324,4.9407e-324,3.8733e-06,-1.1687e-10,-1.1771e-08
3.3758e-19,0.005,1.6097e-06,-4.3334e-11,0,0,0,1.6097e-06,-4.3334e-11,-4.8921e-09
3.3758e-19,0.005,2.9883e-06,-7.6002e-11,0,0,0,2.9883e-06,-7.6002e-11,-9.0822e-09
3.3758e-19,0.005,3.601e-06,-1.043e-10,0,0,0,3.601e-06,-1.043e-10,-1.0944e-08
3.3758e-19,0.005,3.8733e-06,-1.1687e-10,0,0,0,3.8733e-06,-1.1687e-10,-1.1771e-08
3.3758e-19,0.005,1.6097e-06,-4.3334e-11,0,0,0,1.6097e-06,-4.3334e-11,-4.8921e-09
3.3758e-19,0.005,2.9883e-06,-7.6002e-11,0,0,0,2.9883e-06,-7.6002e-11,-9.0822e-09
3.3758e-19,0.005,3.601e-06,-1.043e-10,0,0,0,3.601e-06,-1.043e-10,-1.0944e-08
3.3758e-19,0.005,3.8733e-06,-1.1687e-10,0,0,0,3.8733e-06,-1.1687e-10,-1.1771e-08
3.3758e-19,0.005,1.6097e-06,-4.3334e-11,0,0,0,1.6097e-06,-4.3334e-11,-4.8921e-09
3.3758e-19,0.005,2.9883e-06,-7.6002e-11,0,0,0,2.9883e-06,-7.6002e-11,-9.0822e-09
3.3758e-19,0.005,3.601e-06,-1.043e-10,0,0,0,3.601e-06,-1.043e-10,-1.0944e-08
3.3758e-19,0.005,3.8733e-06,-1.1687e-10,0,0,0,3.8733e-06,-1.1687e-10,-1.1771e-08
3.3758e-19,0.005,1.6097e-06,-4.3334e-11,0,0,0,1.6097e-06,-4.3334e-11,-4.8921e-09
3.3758e-19,0.005,2.9883e-06,-7.6002e-11,0,0,0,2.9883e-06,-7.6002e-11,-9.0822e-09
3.3758e-19,0.005,3.601e-06,-1.043e-10,0,0,0,3.601e-06,-1.043e-10,-1.0944e-08
3.3758e-19,0.005,3.8733e-06,-1.1687e-10,0,0,0,3.8733e-06,-1.1687e-10,-1.1771e-08
3.3758e-19,0.005,1.6097e-06,-4.3334e-11,0,0,0,1.6097e-06,-4.3334e-11,-4.8921e-09
3.3758e-19,0.005,2.9883e-06,-7.6002e-11,0,0,0,2.9883e-06,-7.6002e-11,-9.0822e-09
3.3758e-19,0.005,3.601e-06,-1.043e-10,0,0,0,3.601e-06,-1.043e-10,-1.0944e-08
3.3758e-19,0.005,3.8733e-06,-1.1687e-10,0,0,0,3.8733e-06,-1.1687e-10,-1.1771e-08
3.3758e-19,0.005,1.6097e-06,-4.3334e-11,0,0,0,1.6097e-06,-4.3334e-11,-4.8921e-09
3.3758e-19,0.005,2.9883e-06,-7.6002e-11,0,0,0,2.9883e-06,-7.6002e-11,-9.0822e-09
3.3758e-19,0.005,3.601e-06,-1.043e-10,0,0,0,3.601e-06,-1.043e-10,-1.0944e-08
3.3758e-19,0.005,3.8733e-06,-1.1687e-10,0,0,0,3.8733e-06,-1.1687e-10,-1.1771e-08
3.3758e-19,0.005,1.6097e-06,-4.3334e-11,0,0,0,1.6097e-06,-4.3334e-11,-4.8921e-09
3.3758e-19,0.005,2.9883e-06,-7.6002e-11,0,0,0,2.9883e-06,-7.6002e-11,-9.0822e-09
3.3758e-19,0.005,3.601e-06,-1.043e-10,0,0,0,3.601e-06,-1.043e-10,-1.0944e-08
3.3758e-19,0.005,3.8733e-06,-1.1687e-10,0,0,0,3.8733e-06,-1.1687e-10,-1.1771e-08
3.3758e-19,0.005,1.6097e-06,-4.3334e-11,0,0,0,1.6097e-06,-4.3334e-11,-4.8921e-09
3.3758e-19,0.005,2.9883e-06,-7.6002e-11,0,0,0,2.9883e-06,-7.6002e-11,-9.0822e-09
3.3758e-19,0.005,3.601e-06,-1.043e-10,0,0,0,3.601e-06,-1.043e-10,-1.0944e-08
3.3758e-19,0.005,3.8733e-06,-1.1687e-10,0,0,0,3.8733e-06,-1.1687e-10,-1.1771e-08
3.3758e-19,0.005,1.6097e-06,-4.3334e-11,0,0,0,1.6097e-06,-4.3334e-11,-4.8921e-09
3.3758e-19,0.005,2.9883e-06,-7.6002e-11,0,0,0,2.9883e-06,-7.6002e-11,-9.0822e-09
3.3758e-19,0.005,3.601e-06,-1.043e-10,0,0,0,3.601e-06,-1.043e-10,-1.0944e-08
3.3758e-19,0.005,3.8733e-06,-1.1687e-10,0,0,0,3.8733e-06,-1.1687e-10,-1.1771e-08
3.3758e-19,0.005,1.6097e-06,-4.3334e-11,0,0,0,1.6097e-06,-4.3334e-11,-4.8921e-09
3.3758e-19,0.005,2.9883e-06,-7.6002e-11,0,0,0,2.9883e-06,-7.6002e-11,-9.0822e-09
3.3758e-19,0.005,3.601e-06,-1.043e-10,0,0,0,3.601e-06,-1.043e-10,-1.0944e-08
3.3758e-19,0.005,3.8733e-06,-1.1687e-10,0,0,0,3.8733e-06,-1.1687e-10,-1.1771e-08
3.3758e-19,0.005,1.6097e-06,-4.3334e-11,0,0,0,1.6097e-06,-4.3334e-11,-4.8921e-09
3.3758e-19,0.005,2.9883e-06,-7.6002e-11,0,0,0,2.9883e-06,-7.6002e-11,-9.0822e-09
3.3758e-19,0.005,3.601e-06,-1.043e-10,0,0,0,3.601e-06,-1.043e-10,-1.0944e-08
3.3758e-19,0.005,3.8733e-06,-1.1687e-10,0,0,0,3.8733e-06,-1.1687e-10,-1.1771e-08
3.3758e-19,0.005,1.6097e-06,-4.3334e-11,0,0,0,1.6097e-06,-4.3334e-11,-4.8921e-09
3.3758e-19,0.005,2.9883e-06,-7.6002e-11,0,0,0,2.9883e-06,-7.6002e-11,-9.0822e-09
3.3758e-19,0.005,3.601e-06,-1.043e-10,0,0,0,3.601e-06,-1.043e-10,-1.0944e-08
3.3758e-19,0.005,3.8733e-06,-1.1687e-10,0,0,0,3.8733e-06,-1.1687e-10,-1.1771e-08
3.3758e-19,0.005,1.6097e-06,-4.3334e-11,0,0,0,1.6097e-06,-4.3334e-11,-4.8921e-09
3.3758e-19,0.005,2.9883e-06,-7.6002e-11,0,0,0,2.9883e-06,-7.6002e-11,-9.0822e-09
3.3758e-19,0.005,3.601e-06,-1.043e-10,0,0,0,3.601e-06,-1.043e-10,-1.0944e-08
3.3758e-19,0.005,3.8733e-06,-1.1687e-10,0,0,0,3.8733e-06,-1.1687e-10,-1.1771e-08
3.3758e-19,0.005,1.6097e-06,-4.3334e-11,0,0,0,1.6097e-06,-4.3334e-11,-4.8921e-09
3.3758e-19,0.005,2.9883e-06,-7.6002e-11,0,0,0,2.9883e-06,-7.6002e-11,-9.0822e-09
3.3758e-19,0.005,3.601e-06,-1.043e-10,0,0,0,3.601e-06,-1.043e-10,-1.0944e-08
3.3758e-19,0.005,3.8733e-06,-1.1687e-10,0,0,0,3.8733e-06,-1.1687e-10,-1.1771e-08
3.3758e-19,0.005,1.6097e-06,-4.3334e-11,0,0,0,1.6097e-06,-4.3334e-11,-4.8921e-09
3.3758e-19,0.005,2.9883e-06,-7.6002e-11,0,0,0,2.9883e-06,-7.6002e-11,-9.0822e-09
3.3758e-19,0.005,3.601e-06,-1.043e-10,0,0,0,3.601e-06,-1.043e-10,-1.0944e-08
3.3758e-19,0.005,3.8733e-06,-1.1687e-10,0,0,0,3.8733e-06,-1.1687e-10,-1.1771e-08
3.3758e-19,0.005,1.6097e-06,-4.3334e-11,0,0,0,1.6097e-06,-4.3334e-11,-4.8921e-09
3.3758e-19,0.005,2.9883e-06,-7.6002e-11,0,0,0,2.9883e-06,-7.6002e-11,-9.0822e-09
3.3758e-19,0.005,3.601e-06,-1.043e-10,0,0,0,3.601e-06,-1.043e-10,-1.0944e-08
3.3758e-19,0.005,3.8733e-06,-1.1687e-10,0,0,0,3.8733e-06,-1.1687e-10,-1.1771e-08
3.3758e-19,0.005,1.6097e-06,-4.3334e-11,0,0,0,1.6097e-06,-4.3334e-11,-4.8921e-09
3.3758e-19,0.005,2.9883e-06,-7.6002e-11,0,0,0,2.9883e-06,-7.6002e-11,-9.0822e-09
3.3758e-19,0.005,3.601e-06,-1.043e-10,0,0,0,3.601e-06,-1.043e-10,-1.0944e-08
3.3758e-19,0.005,3.8733e-06,-1.1687e-10,0,0,0,3.8733e-06,-1.1687e-10,-1.1771e-08
3.3758e-19,0.005,1.6097e-06,-4.3334e-11,0,0,0,1.6097e-06,-4.3334e-11,-4.8921e-09
3.3758e-19,0.005,2.9883e-06,-7.6002e-11,0,0,0,2.9883e-06,-7.6002e-11,-9.0822e-09
3.3758e-19,0.005,3.601e-06,-1.043e-10,0,0,0,3.601e-06,-1.043e-10,-1.0944e-08
3.3758e-19,0.005,3.8733e-06,-1.1687e-10,0,0,0,3.8733e-06,-1.1687e-10,-1.1771e-08
3.3758e-19,0.005,1.6097e-06,-4.3334e-11,0,0,0,1.6097e-06,-4.3334e-11,-4.8921e-09
3.3758e-19,0.005,2.9883e-06,-7.6002e-11,0,0,0,2.9883e-06,-7.6002e-11,-9.0822e-09
3.3758e-19,0.005,3.601e-06,-1.043e-10,0,0,0,3.601e-06,-1.043e-10,-1.0944e-08
3.3758e-19,0.005,3.8733e-06,-1.1687e-10,0,0,0,3.8733e-06,-1.1687e-10,-1.1771e-08
3.3758e-19,0.005,1.6097e-06,-4.3334e-11,0,0,0,1.6097e-06,-4.3334e-11,-4.8921e-09
3.3758e-19,0.005,2.9883e-06,-7.6002e-11,0,0,0,2.9883e-06,-7.6002e-11,-9.0822e-09
3.3758e-19,0.005,3.601e-06,-1.043e-10,0,0,0,3.601e-06,-1.043e-10,-1.0944e-08
3.3758e-19,0.005,3.8733e-06,-1.1687e-10,0,0,0,3.8733e-06,-1.1687e-10,-1.1771e-08
3.3758e-19,0.005,1.6097e-06,-4.3334e-11,0,0,0,1.6097e-06,-4.3334e-11,-4.8921e-09
3.3758e-19,0.005,2.9883e-06,-7.6002e-11,0,0,0,2.9883e-06,-7.6002e-11,-9.0822e-09
3.3758e-19,0.005,3.601e-06,-1.043e-10,0,0,0,3.601e-06,-1.043e-10,-1.0944e-08
3.3758e-19,0.005,3.8733e-06,-1.1687e-10,0,0,0,3.8733e-06,-1.1687e-10,-1.1771e-08
3.3758e-19,0.005,1.6097e-06,-4.3334e-11,0,0,0,1.6097e-06,-4.3334e-11,-4.8921e-09
3.3758e-19,0.005,2.9883e-06,-7.6002e-11,0,0,0,2.9883e-06,-7.6002e-11,-9.0822e-09
3.3758e-19,0.005,3.601e-06,-1.043e-10,0,0,0,3.601e-06,-1.043e-10,-1.0944e-08
3.3758e-19,0.005,3.8733e-06,-1.1687e-10,0,0,0,3.8733e-06,-1.1687e-10,-1.1771e-08
3.3758e-19,0.005,1.6097e-06,-4.3334e-11,0,0,0,1.6097e-06,-4.3334e-11,-4.8921e-09
3.3758e-19,0.005,2.9883e-06,-7.6002e-11,0,0,0,2.9883e-06,-7.6002e-11,-9.0822e-09
3.3758e-19,0.005,3.601e-06,-1.043e-10,0,0,0,3.601e-06,-1.043e-10,-1.0944e-08
3.3758e-19,0.005,3.8733e-06,-1.1687e-10,0,0,0,3.8733e-06,-1.1687e-10,-1.1771e-08
3.3758e-19,0.005,1.6097e-06,-4.3334e-11,0,0,0,1.6097e-06,-4.3334e-11,-4.8921e-09
3.3758e-19,0.005,2.9883e-06,-7.6002e-11,0,0,0,2.9883e-06,-7.6002e-11,-9.0822e-09
3.3758e-19,0.005,3.601e-06,-1.043e-10,0,0,0,3.601e-06,-1.043e-10,-1.0944e-08
3.3758e-19,0.005,3.8733e-06,-1.1687e-10,0,0,0,3.8733e-06,-1.1687e-10,-1.1771e-08
3.3758e-19,0.005,1.6097e-06,-4.3334e-11,0,0,0,1.6097e-06,-4.3334e-11,-4.8921e-09
3.3758e-19,0.005,2.9883e-06,-7.6002e-11,0,0,0,2.9883e-06,-7.6002e-11,-9.0822e-09
3.3758e-19,0.005,3.601e-06,-1.043e-10,0,0,0,3.601e-06,-1.043e-10,-1.0944e-08
3.3758e-19,0.005,3.8733e-06,-1.1687e-10,0,0,0,3.8733e-06,-1.1687e-10,-1.1771e-08
3.3758e-19,0.005,1.6097e-06,-4.3334e-11,0,0,0,1.6097e-06,-4.3334e-11,-4.8921e-09
3.3758e-19,0.005,2.9883e-06,-7.6002e-11,0,0,0,2.9883e-06,-7.6002e-11,-9.0822e-09
3.3758e-19,0.005,3.601e-06,-1.043e-10,0,0,0,3.601e-06,-1.043e-10,-1.0944e-08
3.3758e-19,0.005,3.8733e-06,-1.1687e-10,0,0,0,3.8733e-06,-1.1687e-10,-1.1771e-08
3.3758e-19,0.005,1.6097e-06,-4.3334e-11,0,0,0,1.6097e-06,-4.3334e-11,-4.8921e-09
3.3758e-19,0.005,2.9883e-06,-7.6002e-11,0,0,0,2.9883e-06,-7.6002e-11,-9.0822e-09
3.3758e-19,0.005,3.601e-06,-1.043e-10,0,0,0,3.601e-06,-1.043e-10,-1.0944e-08
3.3758e-19,0.005,3.8733e-06,-1.1687e-10,0,0,0,3.8733e-06,-1.1687e-10,-1.1771e-08
3.3758e-19,0.005,1.6097e-06,-4.3334e-11,0,0,0,1.6097e-06,-4.3334e-11,-4.8921e-09
3.3758e-19,0.005,2.9883e-06,-7.6002e-11,0,0,0,2.9883e-06,-7.6002e-11,-9.0822e-09
3.3758e-19,0.005,3.601e-06,-1.043e-10,0,0,0,3.601e-06,-1.043e-10,-1.0944e-08
3.3758e-19,0.005,3.8733e-06,-1.1687e-10,0,0,0,3.8733e-06,-1.1687e-10,-1.1771e-08
3.3758e-19,0.005,1.6097e-06,-4.3334e-11,0,0,0,1.6097e-06,-4.3334e-11,-4.8921e-09
3.3758e-19,0.005,2.9883e-06,-7.6002e-11,0,0,0,2.9883e-06,-7.6002e-11,-9.0822e-09
3.3758e-19,0.005,3.601e-06,-1.043e-10,0,0,0,3.601e-06,-1.043e-10,-1.0944e-08
3.3758e-19,0.005,3.8733e-06,-1.1687e-10,0,0,0,3.8733e-06,-1.1687e-10,-1.1771e-08
