141.28
0.27169
0.13282
0.033513
0.0085364
0.0029268
0.0011012
0.00099022
0.00095449
0.00032433
0.00014792
0.00013394
0.00012928
5.149e-05
2.0126e-05
1.8616e-05
2.6902e-05
1.6585e-05
1.7102e-05
2.5378e-05
2.3186e-05
2.2574e-05
2.2391e-05
1.8761e-05
1.8924e-05
1.9028e-05
2.5175e-05
1.4506e-06
3.8353e-06
1.7526e-06
1.2466e-06
2.3003e-06
2.6349e-06
5.6298e-06
4.8957e-06
4.235e-06
1.0046e-05
1.7774e-06
3.0936e-06
3.6827e-06
9.6247e-06
1.6642e-06
3.0425e-06
3.66e-06
9.6074e-06
1.6595e-06
3.0404e-06
3.6911e-06
9.2507e-06
1.7733e-06
3.0494e-06
3.6415e-06
9.2112e-06
1.764e-06
3.0449e-06
3.6394e-06
9.2096e-06
1.7637e-06
3.0447e-06
3.646e-06
9.1776e-06
1.7814e-06
3.05e-06
3.6415e-06
9.1741e-06
1.7806e-06
3.0496e-06
3.6413e-06
9.1739e-06
1.7805e-06
3.0495e-06
3.6412e-06
9.1737e-06
1.7805e-06
3.0495e-06
3.6412e-06
9.1737e-06
1.7805e-06
3.0495e-06
3.6412e-06
9.1737e-06
1.7805e-06
3.0495e-06
3.6412e-06
9.1737e-06
1.7805e-06
3.0495e-06
3.6412e-06
9.1737e-06
1.7805e-06
3.0495e-06
3.6412e-06
9.1737e-06
1.7805e-06
3.0495e-06
3.6412e-06
9.1737e-06
1.7805e-06
3.0495e-06
3.6412e-06
9.1737e-06
1.7805e-06
3.0495e-06
3.6412e-06
9.1737e-06
1.7805e-06
3.0495e-06
3.6412e-06
9.1737e-06
1.7805e-06
3.0495e-06
3.6412e-06
9.1737e-06
1.7805e-06
3.0495e-06
3.6412e-06
9.1737e-06
1.7805e-06
3.0495e-06
3.6412e-06
9.1737e-06
1.7805e-06
3.0495e-06
3.6412e-06
9.1737e-06
1.7805e-06
3.0495e-06
3.6412e-06
9.1737e-06
1.7805e-06
3.0495e-06
3.6412e-06
9.1737e-06
1.7805e-06
3.0495e-06
3.6412e-06
9.1737e-06
1.7805e-06
3.0495e-06
3.6412e-06
9.1737e-06
1.7805e-06
3.0495e-06
3.6412e-06
9.1737e-06
1.7805e-06
3.0495e-06
3.6412e-06
9.1737e-06
1.7805e-06
3.0495e-06
3.6412e-06
9.1737e-06
1.7805e-06
3.0495e-06
3.6412e-06
9.1737e-06
1.7805e-06
3.0495e-06
3.6412e-06
9.1737e-06
1.7805e-06
3.0495e-06
3.6412e-06
9.1737e-06
1.7805e-06
3.0495e-06
3.6412e-06
9.1737e-06
1.7805e-06
3.0495e-06
3.6412e-06
9.1737e-06
1.7805e-06
3.0495e-06
3.6412e-06
9.1737e-06
1.7805e-06
3.0495e-06
3.6412e-06
9.1737e-06
1.7805e-06
3.0495e-06
3.6412e-06
9.1737e-06
1.7805e-06
3.0495e-06
3.6412e-06
9.1737e-06
1.7805e-06
3.0495e-06
3.6412e-06
9.1737e-06
1.7805e-06
3.0495e-06
3.6412e-06
9.1737e-06
1.7805e-06
3.0495e-06
3.6412e-06
