0.0027388
0.002981
0.00298
0.0029794
0.002979
0.002979
0.0029789
0.0029787
0.002979
0.0029787
0.0029787
0.0029786
0.0029788
0.0029786
0.0029785
0.0029784
0.0029784
0.0029986
0.0030167
0.0030167
0.0030166
0.0030165
0.0030165
0.0030164
0.0030164
0.0030164
0.0030283
0.0030298
0.0030297
0.0030297
0.0030295
0.0030295
0.0030345
0.0030377
0.0030319
0.0030294
0.0030349
0.0030369
0.0030378
0.0030365
0.0030362
0.0030361
0.0030328
0.0030376
0.0030362
0.0030362
0.0030292
0.0030292
0.0030349
0.0030371
0.0030372
0.0030368
0.0030361
0.0030393
0.0030359
0.0030377
0.0030379
0.0030399
0.0030395
0.0030397
0.0030359
0.0030381
0.0030394
0.0030398
0.0030397
0.0030395
0.0030396
0.0030359
0.0030381
0.0030395
0.00304
0.0030384
0.0030359
0.0030379
0.0030393
0.00304
0.00304
0.0030397
0.0030394
0.0030394
0.0030411
0.0030408
0.0030401
0.0030408
0.0030407
0.0030411
0.0030409
0.0030409
0.0030411
0.0030398
0.0030402
0.0030417
0.0030413
0.0030413
0.0030414
0.0030416
0.0030416
0.0030429
0.0030427
0.0030424
0.0030428
0.0030436
0.0030442
0.0030446
0.0030441
0.0030437
0.0030446
0.0030455
0.0030461
0.0030464
0.0030467
0.0030468
0.0030469
0.0030471
0.0030473
0.0030475
0.0030478
0.0030481
0.003048
0.0030477
0.0030477
0.003048
0.0030483
0.0030485
0.0030488
0.003049
0.0030491
0.0030494
0.0030494
0.0030493
0.0030492
0.0030491
0.0030492
0.0030493
0.0030496
0.0030492
0.0030492
0.0030493
0.0030494
0.0030494
0.0030496
0.0030496
0.0030494
0.0030496
0.0030494
0.0030497
0.0030495
0.0030494
0.0030494
0.0030495
0.0030497
0.0030499
0.0030501
0.0030499
0.00305
0.0030501
0.0030502
0.0030501
0.0030499
0.0030501
0.0030501
0.0030502
0.0030501
0.0030502
0.0030501
0.0030499
0.0030502
0.0030503
0.0030505
0.0030504
0.0030507
0.0030507
0.0030508
0.0030509
0.0030509
0.0030511
0.0030511
0.003051
0.003051
0.0030511
0.0030511
0.0030512
0.0030511
0.0030511
0.0030511
0.0030514
0.0030513
0.0030514
0.0030515
0.0030515
0.0030517
0.0030516
0.0030515
0.0030517
0.0030517
0.0030516
0.0030516
0.0030516
0.0030518
0.0030522
0.0030521
0.0030521
0.0030522
0.0030522
0.0030523
0.0030524
0.0030524
0.0030524
0.0030525
0.0030525
0.0030526
0.0030525
0.0030524
0.0030525
0.0030525
0.0030526
0.0030527
0.0030527
0.0030527
0.0030527
0.0030528
0.0030528
0.0030527
0.0030529
0.003053
0.003053
0.0030531
0.0030531
0.0030532
0.003053
0.0030531
0.0030531
0.0030532
0.003053
0.0030531
0.0030531
0.0030532
0.0030531
0.003053
0.0030531
0.0030531
0.0030532
0.0030531
0.0030532
0.0030531
0.0030531
0.0030531
0.0030531
0.0030531
0.0030532
0.0030532
0.0030534
0.0030533
0.0030533
0.0030533
0.0030535
0.0030533
0.0030534
0.0030534
0.0030533
0.0030534
0.0030534
0.0030535
0.0030534
0.0030531
0.0030531
0.0030529
0.0030531
0.0030533
0.0030534
0.0030534
0.0030535
0.0030532
0.003053
0.003053
0.0030531
0.0030531
0.0030531
0.0030531
0.0030529
0.003053
0.0030531
0.003053
0.0030528
0.0030529
0.0030528
0.0030529
0.0030532
0.0030532
0.0030532
0.0030534
0.0030531
0.0030529
0.0030531
0.0030528
0.0030528
0.0030528
0.003053
0.0030532
0.0030531
0.0030531
0.0030532
0.0030532
0.003053
0.0030531
0.0030531
0.0030532
0.0030531
0.0030531
0.0030531
0.003053
0.0030532
0.003053
0.0030531
0.0030532
0.0030532
0.0030531
0.0030531
0.0030531
0.0030531
0.0030531
0.0030531
0.003053
0.0030532
0.0030532
0.0030529
0.0030528
0.0030527
0.0030527
0.0030528
0.0030528
0.0030528
0.0030526
0.0030526
0.0030525
0.0030525
0.0030523
0.0030522
0.0030525
0.0030527
0.0030526
0.0030527
0.0030525
0.0030525
0.0030526
0.003053
0.0030529
0.003053
0.003053
0.003053
0.003053
0.0030531
0.0030531
0.0030532
0.0030533
0.0030533
0.0030533
0.0030533
0.0030534
0.0030533
0.0030533
0.0030533
0.0030533
0.0030534
0.0030532
0.0030529
0.0030527
0.0030528
0.003053
0.0030529
0.003053
0.003053
0.003053
0.003053
0.0030531
0.003053
0.0030532
0.003053
0.0030531
0.003053
0.0030532
0.0030531
0.003053
0.0030531
0.003053
0.0030528
0.0030525
0.0030526
0.0030529
0.0030526
0.0030524
0.0030525
0.0030523
0.0030523
0.0030522
0.0030521
0.0030521
0.003052
0.003052
0.0030521
0.0030522
0.003052
0.003052
0.0030517
0.0030514
0.0030511
0.0030515
0.003052
0.0030522
0.0030523
0.0030525
0.0030523
0.0030522
0.0030523
0.0030523
0.0030524
0.0030523
0.0030523
0.0030522
0.0030521
0.0030523
0.0030524
0.0030526
0.0030522
0.0030521
0.0030524
0.0030522
0.0030522
0.0030523
0.0030523
0.0030522
0.0030521
0.0030523
0.0030524
0.0030526
0.0030524
0.0030525
0.0030525
0.0030525
0.0030526
0.0030524
0.0030524
0.0030526
0.0030524
0.0030525
0.0030525
0.0030526
0.0030525
0.0030524
0.0030523
0.0030526
0.0030524
0.0030524
0.0030525
0.0030525
0.0030525
0.0030525
0.0030526
0.0030525
0.0030523
0.0030524
0.0030526
0.0030525
0.0030525
0.0030525
0.0030525
0.0030526
0.0030527
0.0030527
0.0030528
0.0030527
0.0030527
0.0030527
0.0030527
0.0030527
0.0030527
0.0030527
0.0030527
0.0030527
0.0030527
0.0030527
0.0030526
0.0030527
0.0030527
0.0030526
0.0030527
0.0030527
0.0030528
0.0030527
0.0030527
0.0030527
0.0030527
0.0030527
0.0030527
0.0030527
0.0030527
0.0030527
0.0030527
0.0030527
0.0030527
