1.0893,1.0956,0.3671,0.011573,0.84237,0.035682,0.98101,0.2382,0.012688,0.0060539,0.23709,0.011573,-0.0010761
0.99801,1.002,-0.13143,0.016161,0.54911,0.026016,0.98051,0.1511,-0.0023259,0.21196,0.52983,0.016161,-0.081045
0.9986,1.0034,-0.17679,0.0068505,0.59446,0.035241,0.98022,0.10574,0.0069205,0.21126,0.6659,0.025407,-0.081747
1.0001,1.0033,0.015998,0.013933,0.40166,0.028109,0.98008,0.19287,0.0070995,0.0010139,0.19279,0.0070827,-0.00080139
0.99947,1.0123,-0.42386,-0.11787,0.68247,0.15731,0.97998,-0.13883,-0.12657,0.081876,1.2454,0.40444,0.0066917
1.0012,1.0141,-0.42778,-0.12057,0.6863,0.15908,0.97992,-0.12707,-0.11847,0.11194,1.2415,0.40174,0.0067858
1.0029,1.0112,0.065224,-0.093676,0.19332,0.13237,0.97988,0.36593,-0.091576,0.10963,-0.23437,0.35235,1.0329
1.0198,1.027,-0.25654,-0.09784,0.0063864,0.13184,0.97991,0.31489,-0.077854,0.30475,-0.047906,0.34818,1.0325
1.0101,1.0182,-0.19815,-0.11937,-0.052008,0.15341,0.97988,0.13925,-0.017816,0.15324,0.010492,0.32665,1.033
1.005,1.0132,-0.19814,-0.11929,-0.051986,0.15364,0.97984,0.13927,-0.017738,0.15323,0.0105,0.32673,1.033
1.0051,1.0081,0.061973,-0.061733,-0.31207,0.0964,0.97982,0.35037,0.061254,0.13239,-0.72088,0.13229,1.0325
1.0155,1.0176,-0.11835,-0.057073,-0.40411,0.089079,0.97985,0.34718,0.047433,0.22559,-0.62911,0.13695,1.0321
1.0084,1.0093,-0.026317,-0.046973,-0.49609,0.079487,0.97982,0.070848,0.014852,0.13433,-0.53708,0.14705,1.0315
1.0044,1.0049,0.0094898,-0.044547,-0.54758,0.077329,0.97979,-0.067969,0.0078448,0.13469,-0.48556,0.14948,1.0313
1.0045,1.0048,0.020125,-0.043884,-0.56922,0.076671,0.97977,-0.12189,0.0058569,0.13482,-0.46392,0.15015,1.0312
1.0034,1.0014,0.16469,-0.019067,-0.71376,0.052063,0.97975,-0.031588,0.030288,0.1337,-0.84332,0.076334,1.0338
1.0025,0.99882,0.054581,-0.0068279,-0.86289,0.039981,0.97973,-0.040756,0.017713,0.13407,-0.87316,0.06461,1.0342
1.0044,1.001,-0.093966,-0.013204,-0.8548,0.045697,0.98639,-0.033866,0.011334,0.13423,-0.72342,0.083055,1.0331
1.0051,1.0018,-0.098758,-0.013334,-0.84847,0.045308,0.99234,-0.028308,0.011204,0.13421,-0.71786,0.082925,1.0331
1.0026,0.99923,-0.098752,-0.013295,-0.84846,0.045425,0.99232,-0.028302,0.011243,0.13421,-0.71785,0.082964,1.0331
1.0013,0.99798,-0.098753,-0.013276,-0.84845,0.045483,0.9923,-0.028302,0.011262,0.13421,-0.71785,0.082983,1.0331
1.0008,0.9972,-0.060876,-0.011951,-0.88632,0.044205,0.99228,-0.14192,0.0073446,0.13471,-0.67997,0.084308,1.0329
1.0009,0.99715,-0.049312,-0.011664,-0.8979,0.043922,0.99226,-0.17663,0.0064871,0.13481,-0.6684,0.084595,1.0328
1.0005,0.99673,-0.045094,-0.011586,-0.90212,0.043869,0.99224,-0.18929,0.0062791,0.13484,-0.66418,0.084673,1.0328
1.0007,0.99601,0.037512,-0.0041427,-0.98473,0.03647,0.99222,-0.11165,0.013645,0.13438,-0.90703,0.062503,1.0345
1.0003,0.99566,0.047233,-0.0042101,-0.98196,0.036515,0.99222,-0.11765,0.013673,0.13439,-0.90799,0.062586,1.0345
1.0021,0.99756,0.0048749,-0.0043027,-0.95489,0.036242,0.99616,-0.082937,0.01358,0.13429,-0.87328,0.062494,1.0345
1.0039,1.0002,-0.052398,-0.011719,-0.89761,0.04352,0.99666,-0.025658,0.020915,0.1339,-0.816,0.069829,1.034
1.002,0.99825,-0.052397,-0.011689,-0.89761,0.043611,0.99662,-0.025658,0.020946,0.1339,-0.816,0.069859,1.034
1.001,0.99726,-0.052396,-0.011674,-0.8976,0.043656,0.9966,-0.025657,0.020961,0.1339,-0.816,0.069874,1.034
1.001,0.99628,0.037339,-0.0044454,-0.98733,0.036487,0.99656,-0.11268,0.013857,0.13437,-0.90844,0.06261,1.0345
1.0005,0.9958,0.047225,-0.0044246,-0.98456,0.036436,0.99656,-0.11602,0.013832,0.13438,-0.9122,0.062563,1.0345
1.001,0.99646,0.0019642,-0.0044683,-0.95198,0.036312,0.99821,-0.077102,0.013788,0.13426,-0.87329,0.062519,1.0344
1.0019,0.99728,0.026126,-0.0045107,-0.97613,0.036246,0.99925,-0.10116,0.013758,0.13433,-0.89754,0.062531,1.0345
1.0014,0.99669,0.038629,-0.0045126,-0.98662,0.036472,0.99734,-0.11258,0.013845,0.13435,-0.90911,0.062673,1.0345
1.0007,0.996,0.046743,-0.004496,-0.98497,0.036519,0.99653,-0.11584,0.013863,0.13436,-0.91233,0.062687,1.0345
1.0014,0.99646,0.045457,-0.00094942,-0.99546,0.032835,0.99831,-0.12035,0.010231,0.13447,-0.91701,0.059095,1.0346
1.0018,0.99725,0.0040374,-0.0045615,-0.95404,0.03637,0.999,-0.078931,0.013796,0.13424,-0.87559,0.062661,1.0343
1.0026,0.99744,0.063906,-0.00097652,-1.023,0.032782,0.99928,-0.14331,0.010203,0.13455,-0.94004,0.059102,1.0347
1.0025,0.99738,0.059229,-0.0009772,-1.0092,0.032846,0.99886,-0.13409,0.010266,0.13452,-0.93081,0.0591,1.0347
1.0023,0.99729,0.054624,-0.00098981,-1.0046,0.032869,0.99874,-0.12948,0.010253,0.13451,-0.92622,0.059148,1.0347
1.0023,0.99729,0.052306,-0.00098927,-1.0023,0.032863,0.99872,-0.12716,0.010254,0.1345,-0.92389,0.059143,1.0347
1.0029,0.99788,0.051153,-0.00098322,-1.0012,0.032893,0.99762,-0.12603,0.010269,0.1345,-0.92273,0.059151,1.0347
1.0027,0.99794,0.011986,-0.0010011,-0.96198,0.032855,0.99921,-0.086865,0.010251,0.13438,-0.88354,0.059139,1.0345
1.0024,0.99787,-0.0076005,-0.0027552,-0.9424,0.034626,0.99876,-0.14447,0.0084968,0.13461,-0.78678,0.064411,1.034
1.0024,0.99785,-0.007887,-0.0036346,-0.94211,0.035495,0.99876,-0.20236,0.0076287,0.13481,-0.72832,0.067027,1.0338
1.0013,0.99658,-0.018163,-0.0035742,-0.97467,0.035675,0.99646,-0.2135,0.0076891,0.13485,-0.73946,0.067087,1.0338
1.0009,0.99567,0.041787,-0.00093656,-1.0449,0.033016,0.99645,-0.14327,0.010309,0.13455,-0.93987,0.059189,1.0347
1.0013,0.99624,0.059177,-0.00098784,-1.0092,0.032854,0.99831,-0.13409,0.010254,0.13452,-0.93071,0.059132,1.0347
1.0019,0.99688,0.054586,-0.0010026,-1.0046,0.032816,0.99905,-0.1295,0.010239,0.13451,-0.92611,0.059123,1.0347
1.0023,0.99724,0.052297,-0.00099888,-1.0023,0.032827,0.99909,-0.12721,0.010243,0.1345,-0.92382,0.059127,1.0347
1.0024,0.99734,0.051147,-0.00099275,-1.0011,0.032846,0.99895,-0.12606,0.010249,0.1345,-0.92267,0.059133,1.0347
1.0022,0.99743,0.011987,-0.001014,-0.96199,0.032894,0.99872,-0.08692,0.010258,0.13438,-0.8835,0.059184,1.0345
1.0016,0.99704,-0.027156,-0.0010275,-0.92284,0.032862,0.99976,-0.047777,0.010244,0.13426,-0.84436,0.05917,1.0343
1.0012,0.99587,0.040781,0.00074669,-1.0299,0.031204,0.99865,-0.13528,0.0085253,0.13458,-0.93185,0.057478,1.0347
1.0008,0.99567,0.055167,0.00071545,-1.0052,0.03114,0.99923,-0.13011,0.008485,0.13457,-0.92667,0.057485,1.0347
1.0012,0.99602,0.052582,0.00070619,-1.0026,0.031111,0.99931,-0.12753,0.0084757,0.13456,-0.92409,0.057475,1.0347
1.0012,0.99612,0.051289,0.00065599,-1.0013,0.031135,0.99998,-0.12624,0.0084279,0.13456,-0.92278,0.057597,1.0347
1.0011,0.99634,-0.0067653,0.00021647,-0.94324,0.031577,0.99982,-0.10603,0.0080155,0.13451,-0.82689,0.058877,1.0343
1.0011,0.99651,-0.016865,-0.00061963,-0.93313,0.032406,0.99989,-0.1729,0.0071752,0.13474,-0.7398,0.061381,1.034
1.0009,0.99562,0.048483,0.00061447,-1.0273,0.03132,0.99865,-0.13787,0.0084087,0.13459,-0.93439,0.057843,1.0347
1.0007,0.99559,0.056448,0.00054382,-1.0065,0.031292,0.99937,-0.13142,0.0083366,0.13457,-0.92792,0.05796,1.0348
1.0009,0.99581,0.053223,0.00053198,-1.0032,0.031262,0.9998,-0.1282,0.0083265,0.13456,-0.9247,0.057949,1.0347
1.0011,0.99601,0.051603,0.00042921,-1.0016,0.031358,0.99993,-0.1266,0.0082227,0.13457,-0.92306,0.058252,1.0347
1.0012,0.9961,0.050804,0.00043089,-1.0008,0.031364,0.99992,-0.1258,0.0082248,0.13456,-0.92226,0.058254,1.0347
1.0011,0.99625,0.011684,0.00042919,-0.96168,0.031367,0.99982,-0.086679,0.0082231,0.13444,-0.88314,0.058252,1.0346
1.001,0.99653,-0.046586,-0.0010226,-0.90342,0.032805,0.99985,-0.02841,0.0096612,0.13422,-0.82487,0.05969,1.0343
1.0009,0.99562,0.026163,0.00029573,-1.0347,0.03164,0.99864,-0.13047,0.0081025,0.13458,-0.92688,0.05879,1.0348
1.0007,0.99561,0.052708,8.1517e-05,-1.0027,0.031754,0.99937,-0.12776,0.0078915,0.13458,-0.9241,0.059327,1.0347
1.0009,0.99585,0.051353,7.0186e-05,-1.0014,0.031721,0.99982,-0.12641,0.0078807,0.13458,-0.92275,0.059316,1.0347
1.001,0.99619,0.012266,-3.5662e-05,-0.96226,0.031808,1,-0.087338,0.0077751,0.13446,-0.88363,0.059609,1.0347
1.0013,0.99685,-0.045677,-0.0011202,-0.90433,0.032903,0.99947,-0.029399,0.0088589,0.13425,-0.8257,0.060692,1.0344
1.0011,0.99579,0.026798,-0.00024642,-1.0345,0.032191,0.99865,-0.13075,0.0075676,0.1346,-0.92696,0.060419,1.0348
1.0008,0.99568,0.052809,-0.00027154,-1.0028,0.032116,0.99931,-0.12793,0.0075425,0.13459,-0.92414,0.060394,1.0348
1.001,0.9959,0.051411,-0.0002866,-1.0014,0.03208,0.99979,-0.12653,0.0075349,0.13459,-0.92274,0.060378,1.0347
1.0011,0.99626,0.012317,-0.00068055,-0.96232,0.032449,1,-0.087511,0.0071234,0.13448,-0.88357,0.061548,1.0346
1.0013,0.9964,0.031156,-0.00072352,-0.98115,0.032502,0.99999,-0.10636,0.0070805,0.13454,-0.90239,0.061689,1.0347
1.0014,0.99638,0.040579,-0.00071924,-0.99058,0.032514,0.99989,-0.11578,0.007087,0.13457,-0.91182,0.061693,1.0347
1.0013,0.99633,0.045269,-0.00087227,-0.99527,0.032675,0.99981,-0.1205,0.0069351,0.13459,-0.91648,0.062159,1.0347
1.0013,0.99629,0.047619,-0.001059,-0.99762,0.032861,0.9998,-0.12289,0.0067489,0.13459,-0.91879,0.062718,1.0347
1.0009,0.99609,0.0086431,-0.0010692,-0.95864,0.032837,1.0004,-0.083914,0.0067387,0.13447,-0.87982,0.062708,1.0346
1.0009,0.99584,0.047617,-0.0010767,-1,0.032853,1.0003,-0.16425,0.0067767,0.13472,-0.87981,0.0627,1.0346
1.0007,0.99572,0.049948,-0.0016421,-0.99995,0.033415,1,-0.12533,0.0062133,0.13462,-0.92101,0.064394,1.0348
1.0007,0.99576,0.049971,-0.0016472,-0.99997,0.033397,1.0003,-0.12535,0.0062056,0.13462,-0.92104,0.064389,1.0348
1.0007,0.996,0.011051,-0.0016569,-0.96105,0.033375,1.0002,-0.086429,0.0061959,0.1345,-0.88212,0.06438,1.0347
1.0009,0.99591,0.059667,-0.0022148,-1.0097,0.033966,1.0004,-0.13516,0.0056372,0.13467,-0.93061,0.066095,1.0348
1.0008,0.99587,0.054831,-0.0022182,-1.0048,0.033969,1.0003,-0.13033,0.0056469,0.13466,-0.92578,0.066092,1.0348
1.0008,0.99589,0.052389,-0.0024961,-1.0024,0.034242,1.0003,-0.12794,0.0053665,0.13465,-0.92328,0.066923,1.0348
1.0008,0.99589,0.051194,-0.0024962,-1.0012,0.034241,1.0004,-0.12675,0.005365,0.13465,-0.92209,0.066923,1.0348
1.001,0.99607,0.050593,-0.002492,-1.0006,0.034253,0.99994,-0.12615,0.0053692,0.13465,-0.92149,0.066927,1.0348
1.0011,0.99633,0.031031,-0.0028629,-0.98103,0.034578,1.0001,-0.14512,0.0064317,0.13468,-0.86339,0.066556,1.0346
1.0011,0.99621,0.059647,-0.0045838,-1.0096,0.036289,1.0006,-0.13547,0.0047151,0.13469,-0.93026,0.071711,1.0348
1.0009,0.99609,0.054787,-0.0049143,-1.0048,0.036626,1.0004,-0.13068,0.0043847,0.1347,-0.92533,0.072711,1.0349
1.0008,0.99603,0.052396,-0.0049145,-1.0024,0.036621,1.0004,-0.12829,0.0043845,0.13468,-0.92294,0.072707,1.0349
1.0008,0.99605,0.051148,-0.0054062,-1.0012,0.037106,1.0005,-0.12714,0.0038926,0.1347,-0.9216,0.074172,1.0348
1.0009,0.9961,0.050574,-0.0054084,-1.0006,0.0371,1.0005,-0.12657,0.0038904,0.1347,-0.92103,0.074174,1.0349
1.0008,0.99612,0.050236,-0.005964,-1.0002,0.037657,1.0005,-0.12633,0.0033304,0.13472,-0.92058,0.075848,1.0349
1.0007,0.99611,0.050101,-0.0078566,-1.0001,0.039488,1.001,-0.12623,0.004912,0.13466,-0.92042,0.077986,1.0349
1.0007,0.99609,0.050051,-0.0078548,-1.0001,0.039496,1.0009,-0.12618,0.0049142,0.13466,-0.92037,0.077988,1.0348
1.0006,0.9963,0.011452,-0.0083779,-0.96145,0.039984,1.0008,-0.087682,0.0043921,0.13457,-0.88167,0.079515,1.0347
1.0008,0.9962,0.059569,-0.008786,-1.0096,0.04043,1.0009,-0.13588,0.003984,0.13472,-0.9297,0.080789,1.0349
1.0006,0.99614,0.054784,-0.01021,-1.0048,0.041807,1.0012,-0.1311,0.0053819,0.13466,-0.92492,0.082188,1.0348
1.0005,0.99609,0.052331,-0.01156,-1.0023,0.04312,1.0014,-0.12877,0.0054557,0.13466,-0.92234,0.084776,1.0348
1.0004,0.99618,0.01394,-0.011572,-0.96394,0.04309,1.0015,-0.090376,0.005443,0.13455,-0.88395,0.084764,1.0347
1.0002,0.99601,0.01394,-0.011569,-0.96395,0.043099,1.0013,-0.090381,0.0054454,0.13455,-0.88395,0.084767,1.0347
1.0002,0.99579,0.070288,-0.012984,-1.0203,0.044527,1.0012,-0.14687,0.0053905,0.13471,-0.94016,0.087676,1.0349
1.0002,0.99599,0.03197,-0.012997,-0.98198,0.044492,1.0015,-0.10855,0.0053771,0.13459,-0.90184,0.087663,1.0348
1.0004,0.99602,0.069104,-0.014359,-1.0191,0.045818,1.0018,-0.1458,0.0054439,0.1347,-0.93886,0.090283,1.0347
1.0002,0.99601,0.059506,-0.01549,-1.0095,0.046924,1.002,-0.13628,0.0056774,0.13467,-0.92917,0.092291,1.0349
1.0001,0.99607,0.037986,-0.016125,-0.98799,0.047537,1.0021,-0.081363,0.0050422,0.13452,-0.94105,0.094168,1.0348
1.0002,0.99604,0.060726,-0.016727,-1.0107,0.048123,1.0022,-0.13757,0.0062056,0.13466,-0.93032,0.094198,1.0349
1.0001,0.9961,0.038954,-0.016882,-0.98895,0.048263,1.0022,-0.14863,0.0066525,0.13468,-0.87573,0.094043,1.0347
1.0002,0.99608,0.060844,-0.01755,-1.0108,0.048917,1.0023,-0.13778,0.0061405,0.13466,-0.93036,0.095877,1.0348
1.0001,0.99606,0.05538,-0.018303,-1.0054,0.04966,1.0023,-0.1324,0.0060548,0.13465,-0.92481,0.097459,1.0348
1.0001,0.99613,0.052691,-0.018683,-1.0027,0.05002,1.0024,-0.12971,0.0064279,0.13463,-0.92212,0.097825,1.0348
1.0001,0.99617,0.051299,-0.019306,-1.0013,0.050625,1.0025,-0.1284,0.0061845,0.13463,-0.92064,0.099298,1.0348
1,0.99634,0.013233,-0.019735,-0.96323,0.05102,1.0026,-0.090355,0.0063785,0.13451,-0.88256,0.099921,1.0347
1.0001,0.99644,0.0033994,-0.019849,-0.9534,0.051108,1.0027,-0.13695,0.0066933,0.13464,-0.81629,0.099807,1.0345
1.0002,0.99649,0.010131,-0.019881,-0.96013,0.051128,1.0026,-0.17682,0.0067757,0.13476,-0.78989,0.099775,1.0344
1.0002,0.99627,0.068032,-0.020837,-1.018,0.052098,1.0025,-0.14532,0.0058513,0.13469,-0.93719,0.10264,1.0349
1.0001,0.99625,0.05899,-0.02158,-1.009,0.052833,1.0025,-0.13633,0.0060638,0.13466,-0.9281,0.1039,1.0349
1.0001,0.99636,0.037768,-0.021844,-0.98777,0.053068,1.0026,-0.081671,0.0057998,0.1345,-0.94031,0.10466,1.0348
1.0002,0.99637,0.060576,-0.02246,-1.0106,0.05366,1.0027,-0.13798,0.0061918,0.13466,-0.92961,0.10548,1.0348
1.0002,0.99642,0.055261,-0.02301,-1.0053,0.054188,1.0028,-0.13272,0.0062532,0.13464,-0.92425,0.1065,1.0348
1.0001,0.99643,0.052611,-0.023503,-1.0026,0.054663,1.0029,-0.13011,0.0063099,0.13463,-0.92156,0.10741,1.0348
1.0001,0.99643,0.051291,-0.023906,-1.0013,0.055053,1.003,-0.12882,0.0064,0.13462,-0.92021,0.10811,1.0348
1,0.9966,0.013429,-0.024235,-0.96343,0.055355,1.003,-0.090983,0.0064751,0.13451,-0.88232,0.10866,1.0347
1.0002,0.99667,0.031708,-0.024511,-0.98171,0.055601,1.0031,-0.10928,0.0065276,0.13456,-0.90058,0.10913,1.0348
1.0001,0.9967,0.017369,-0.024585,-0.96737,0.055655,1.0031,-0.14191,0.0067311,0.13465,-0.83927,0.10905,1.0346
1.0003,0.99659,0.057157,-0.024788,-1.0072,0.055852,1.0031,-0.13475,0.0066009,0.13464,-0.926,0.10959,1.0348
1.0002,0.99653,0.053564,-0.025021,-1.0036,0.056081,1.003,-0.13119,0.0065712,0.13463,-0.92239,0.11008,1.0348
1.0001,0.99652,0.051784,-0.025141,-1.0018,0.056185,1.003,-0.12941,0.0066836,0.13462,-0.92061,0.11019,1.0348
1.0002,0.99656,0.050874,-0.025336,-1.0009,0.056357,1.003,-0.12853,0.0066073,0.13462,-0.91967,0.11064,1.0348
1.0001,0.99672,0.013094,-0.025348,-0.96309,0.056336,1.0031,-0.090747,0.0065954,0.13451,-0.88189,0.11063,1.0347
1.0003,0.99659,0.06888,-0.025555,-1.0189,0.05653,1.0031,-0.14656,0.0065936,0.13468,-0.93765,0.11104,1.0348
1.0001,0.9966,0.03111,-0.025558,-0.98111,0.056523,1.003,-0.10879,0.0065906,0.13456,-0.89988,0.11103,1.0347
1.0002,0.99663,0.045279,-0.025613,-0.99528,0.056555,1.003,-0.17017,0.0067387,0.13475,-0.86683,0.11098,1.0346
1.0003,0.99658,0.071234,-0.025818,-1.0212,0.05674,1.0031,-0.14894,0.0065813,0.13468,-0.93998,0.11153,1.0348
1.0002,0.99655,0.060611,-0.025965,-1.0106,0.056873,1.0031,-0.13832,0.0066395,0.13465,-0.92935,0.11175,1.0348
1.0001,0.99667,0.022856,-0.025972,-0.97286,0.056856,1.0031,-0.10057,0.0066325,0.13454,-0.89159,0.11174,1.0347
1.0003,0.99661,0.068882,-0.026064,-1.0189,0.056929,1.0032,-0.14659,0.0066928,0.13468,-0.93762,0.11185,1.0348
1.0002,0.99657,0.059434,-0.02616,-1.0094,0.057016,1.0031,-0.13716,0.0066894,0.13464,-0.92816,0.11204,1.0348
1.0001,0.99668,0.021684,-0.026167,-0.97168,0.057,1.0031,-0.099407,0.0066822,0.13452,-0.89041,0.11203,1.0347
1.0003,0.99661,0.068874,-0.026265,-1.0189,0.057078,1.0032,-0.14661,0.0066873,0.13468,-0.93759,0.11221,1.0348
1.0002,0.99675,0.031124,-0.02627,-0.98113,0.057071,1.0031,-0.10886,0.0066821,0.13456,-0.89984,0.1122,1.0347
1.0002,0.99681,0.021688,-0.026275,-0.97169,0.057047,1.0032,-0.099421,0.0066766,0.13454,-0.8904,0.11219,1.0347
1.0002,0.99664,0.047638,-0.026298,-0.99764,0.05708,1.0031,-0.17727,0.0067584,0.13477,-0.86445,0.11217,1.0346
1.0002,0.99649,0.074759,-0.026416,-1.0248,0.0572,1.0031,-0.15251,0.0066639,0.13469,-0.94345,0.11251,1.0348
1.0001,0.99647,0.062374,-0.026509,-1.0124,0.057286,1.0031,-0.14014,0.0066894,0.13465,-0.93106,0.11266,1.0348
1.0001,0.99654,0.056184,-0.026597,-1.0062,0.05736,1.0031,-0.13396,0.0066931,0.13463,-0.92486,0.11281,1.0348
1.0001,0.99658,0.053086,-0.026646,-1.0031,0.057386,1.0032,-0.13086,0.0067324,0.13462,-0.92175,0.11285,1.0348
1.0001,0.99665,0.033456,-0.026663,-0.98346,0.057385,1.0033,-0.14741,0.0067638,0.13467,-0.86594,0.11283,1.0346
1.0002,0.99657,0.059811,-0.026758,-1.0098,0.057473,1.0033,-0.1376,0.0066874,0.13464,-0.92847,0.11309,1.0348
1.0001,0.99652,0.054901,-0.026867,-1.0049,0.057581,1.0033,-0.1327,0.0066732,0.13463,-0.92355,0.11332,1.0348
1,0.99652,0.052446,-0.02697,-1.0024,0.057676,1.0033,-0.13025,0.0066801,0.13462,-0.92108,0.11352,1.0348
1,0.99661,0.032984,-0.027002,-0.98298,0.057693,1.0033,-0.14728,0.0067512,0.13467,-0.86514,0.11349,1.0346
1,0.99666,0.027504,-0.027015,-0.9775,0.057689,1.0033,-0.16977,0.0067699,0.13474,-0.83169,0.11348,1.0345
1.0002,0.99655,0.070964,-0.027173,-1.021,0.057844,1.0033,-0.14881,0.0066252,0.13468,-0.93957,0.11394,1.0348
1.0001,0.99654,0.060474,-0.027293,-1.0105,0.057959,1.0033,-0.13833,0.0066638,0.13465,-0.92907,0.11414,1.0348
1.0001,0.99656,0.055236,-0.027386,-1.0052,0.058042,1.0033,-0.13309,0.0066909,0.13463,-0.92382,0.11429,1.0348
1.0001,0.99659,0.052609,-0.027499,-1.0026,0.058141,1.0033,-0.13048,0.006671,0.13462,-0.92118,0.11452,1.0348
1.0001,0.99662,0.051299,-0.027612,-1.0013,0.058239,1.0033,-0.12918,0.0066709,0.13462,-0.91986,0.11473,1.0348
1,0.99676,0.01363,-0.027705,-0.96363,0.058303,1.0033,-0.091518,0.0066903,0.13451,-0.88219,0.11486,1.0347
1,0.99699,-0.024039,-0.027717,-0.92596,0.058276,1.0034,-0.053851,0.0066786,0.13439,-0.84452,0.11485,1.0346
1.0002,0.99676,0.050631,-0.027941,-1.0006,0.058513,1.0033,-0.12855,0.0065602,0.13462,-0.91915,0.11544,1.0347
1,0.9968,0.012979,-0.027945,-0.96298,0.05851,1.0033,-0.090903,0.0065565,0.13451,-0.8815,0.11544,1.0346
1.0002,0.9967,0.06879,-0.028367,-1.0188,0.058922,1.0034,-0.14677,0.0063616,0.13469,-0.93725,0.11648,1.0349
1.0001,0.99666,0.059384,-0.028718,-1.0094,0.059267,1.0034,-0.1374,0.006425,0.13465,-0.92782,0.11711,1.0348
1.0001,0.9967,0.054686,-0.028935,-1.0047,0.059468,1.0034,-0.1327,0.0065587,0.13463,-0.92311,0.11739,1.0348
1.0001,0.99682,0.034716,-0.028993,-0.98472,0.059507,1.0034,-0.14799,0.0067185,0.13467,-0.86788,0.11733,1.0346
1.0002,0.9968,0.059961,-0.029319,-1.01,0.059813,1.0035,-0.13803,0.0064505,0.13465,-0.92834,0.11823,1.0348
1.0001,0.99674,0.054961,-0.029684,-1.005,0.060169,1.0035,-0.13307,0.0064115,0.13464,-0.9233,0.11899,1.0348
1.0001,0.99677,0.052476,-0.029922,-1.0025,0.060393,1.0035,-0.13059,0.0065379,0.13463,-0.9208,0.11933,1.0348
1.0001,0.99677,0.051236,-0.030044,-1.0012,0.060497,1.0036,-0.12935,0.0066543,0.13462,-0.91956,0.11944,1.0348
0.99999,0.99688,0.013684,-0.030126,-0.96368,0.060555,1.0036,-0.091808,0.0066937,0.13451,-0.88201,0.11953,1.0347
1.0001,0.99694,0.031821,-0.030395,-0.98182,0.060797,1.0036,-0.10999,0.0065067,0.13456,-0.9001,0.12023,1.0348
1.0002,0.99693,0.040899,-0.030674,-0.9909,0.061054,1.0036,-0.1191,0.0064962,0.13459,-0.90914,0.12078,1.0347
1.0002,0.99693,0.045449,-0.030819,-0.99545,0.061178,1.0036,-0.12365,0.0066313,0.1346,-0.91369,0.12092,1.0348
1.0002,0.99692,0.047709,-0.03103,-0.99771,0.061368,1.0036,-0.12594,0.0065649,0.13461,-0.91592,0.12138,1.0348
1.0001,0.99698,0.029531,-0.031089,-0.97953,0.061401,1.0036,-0.14641,0.0067162,0.13467,-0.8591,0.12132,1.0347
1.0001,0.997,0.025559,-0.03111,-0.97556,0.061396,1.0037,-0.17084,0.0067545,0.13474,-0.82672,0.1213,1.0346
1.0003,0.99686,0.071287,-0.031359,-1.0213,0.061637,1.0037,-0.14955,0.0065269,0.13468,-0.93946,0.12202,1.0348
1,0.99687,0.033807,-0.031364,-0.98381,0.061629,1.0036,-0.11208,0.0065225,0.13456,-0.90198,0.12201,1.0346
1.0002,0.99686,0.068731,-0.031613,-1.0187,0.061856,1.0036,-0.14703,0.0065266,0.13468,-0.93688,0.1225,1.0349
1.0001,0.99691,0.045316,-0.031683,-0.99532,0.061898,1.0037,-0.15171,0.0067017,0.13469,-0.88536,0.12243,1.0347
1.0002,0.99688,0.061687,-0.031951,-1.0117,0.062145,1.0037,-0.14002,0.0065045,0.13466,-0.92979,0.12314,1.0348
1.0001,0.99698,0.024236,-0.031958,-0.97424,0.062125,1.0037,-0.10258,0.0064972,0.13455,-0.89234,0.12313,1.0347
1.0003,0.99692,0.068719,-0.032179,-1.0187,0.062324,1.0038,-0.14707,0.0065509,0.13468,-0.93681,0.12351,1.0348
1.0002,0.99689,0.059349,-0.032375,-1.0093,0.062506,1.0038,-0.13771,0.0065763,0.13465,-0.92743,0.12386,1.0348
1.0001,0.99701,0.021918,-0.032383,-0.97192,0.062489,1.0038,-0.10028,0.0065685,0.13454,-0.89,0.12385,1.0347
1.0001,0.99711,0.017244,-0.032391,-0.96724,0.062466,1.0039,-0.095606,0.006561,0.13453,-0.88533,0.12384,1.0347
1.0002,0.99689,0.071038,-0.032631,-1.021,0.06272,1.0038,-0.14943,0.006531,0.13468,-0.93908,0.12437,1.0349
1.0001,0.99685,0.060521,-0.032752,-1.0105,0.062838,1.0038,-0.13892,0.0066504,0.13464,-0.92857,0.12449,1.0348
1.0001,0.99694,0.039184,-0.032788,-0.98918,0.062854,1.0038,-0.14974,0.0067344,0.13468,-0.87508,0.12445,1.0346
1.0001,0.99706,0.017844,-0.032793,-0.96784,0.062835,1.0039,-0.1284,0.0067288,0.13462,-0.85374,0.12444,1.0345
1.0001,0.99697,0.036553,-0.032801,-0.98655,0.062848,1.0038,-0.18451,0.0067635,0.13479,-0.83503,0.12443,1.0344
1.0002,0.99686,0.078036,-0.033046,-1.028,0.063089,1.0038,-0.15647,0.0065265,0.1347,-0.94604,0.12516,1.0348
1.0001,0.99685,0.064016,-0.033223,-1.014,0.063255,1.0038,-0.14246,0.0065939,0.13467,-0.93201,0.12544,1.0349
1,0.997,0.026625,-0.033232,-0.97663,0.063235,1.0039,-0.10507,0.0065853,0.13456,-0.89462,0.12543,1.0348
1.0002,0.99694,0.068689,-0.033342,-1.0187,0.063326,1.004,-0.14714,0.0066622,0.13468,-0.93668,0.12556,1.0348
1.0001,0.99687,0.059341,-0.033401,-1.0093,0.063382,1.004,-0.1378,0.0067127,0.13464,-0.92733,0.12562,1.0348
1.0001,0.99686,0.054669,-0.033435,-1.0047,0.063409,1.004,-0.13313,0.006738,0.13463,-0.92265,0.12566,1.0348
1.0001,0.99689,0.052321,-0.033599,-1.0023,0.06356,1.004,-0.13081,0.0066086,0.13463,-0.92028,0.1261,1.0348
1,0.99699,0.033059,-0.033646,-0.98306,0.063591,1.004,-0.14775,0.0067263,0.13468,-0.86481,0.12606,1.0346
1.0001,0.99694,0.059629,-0.033745,-1.0096,0.063677,1.0041,-0.13813,0.0066741,0.13464,-0.92757,0.1263,1.0348
1.0001,0.99691,0.054814,-0.033797,-1.0048,0.063723,1.0041,-0.13332,0.0067227,0.13463,-0.92276,0.12635,1.0348
1.0001,0.99691,0.052404,-0.033833,-1.0024,0.063752,1.0041,-0.13091,0.0067389,0.13462,-0.92035,0.1264,1.0348
0.99997,0.99694,0.033111,-0.034011,-0.98311,0.063921,1.0041,-0.075487,0.0065611,0.13446,-0.93718,0.12692,1.0349
1.0001,0.99695,0.059624,-0.034219,-1.0096,0.064116,1.0041,-0.13818,0.0065659,0.13465,-0.92752,0.12732,1.0348
1,0.99705,0.022289,-0.034224,-0.97229,0.064105,1.0041,-0.10084,0.0065607,0.13454,-0.89018,0.12731,1.0347
1.0001,0.99704,0.04307,-0.034279,-0.99307,0.064148,1.0041,-0.070434,0.0065056,0.13445,-0.96215,0.12747,1.0349
1.0002,0.99696,0.064526,-0.034345,-1.0145,0.064209,1.0041,-0.15828,0.0067071,0.13471,-0.91721,0.1274,1.0348
1,0.99695,0.046031,-0.034363,-0.99603,0.06422,1.0041,-0.16226,0.0067546,0.13472,-0.87625,0.12738,1.0347
1.0001,0.99695,0.056591,-0.03461,-1.0066,0.064456,1.0041,-0.11471,0.0065076,0.13459,-0.94492,0.12811,1.0349
1.0001,0.99702,0.051644,-0.034679,-1.0016,0.064511,1.0041,-0.15402,0.0067051,0.13469,-0.89572,0.12804,1.0348
1.0001,0.99708,0.038524,-0.034702,-0.98852,0.064514,1.0042,-0.1655,0.0067518,0.13472,-0.858,0.12802,1.0347
1.0001,0.99712,0.034834,-0.034712,-0.98483,0.064516,1.0042,-0.18067,0.0067654,0.13477,-0.83545,0.12801,1.0346
1.0002,0.99703,0.070371,-0.035038,-1.0204,0.064843,1.0042,-0.13774,0.0064392,0.13465,-0.94945,0.12899,1.0348
1.0001,0.99697,0.05509,-0.035122,-1.0051,0.064924,1.0042,-0.1552,0.0066924,0.1347,-0.90143,0.1289,1.0347
1,0.997,0.040541,-0.035145,-0.99054,0.064937,1.0042,-0.16466,0.0067498,0.13473,-0.86287,0.12888,1.0346
1,0.99702,0.035631,-0.035155,-0.98563,0.064935,1.0042,-0.17903,0.006764,0.13476,-0.83868,0.12887,1.0345
1.0001,0.99692,0.075176,-0.035431,-1.0252,0.065207,1.0042,-0.15385,0.0064983,0.1347,-0.94294,0.12969,1.0348
1,0.99702,0.037901,-0.035434,-0.9879,0.065196,1.0042,-0.11658,0.0064949,0.13459,-0.90567,0.12968,1.0347
1.0001,0.99704,0.046974,-0.035525,-0.99697,0.06527,1.0043,-0.082337,0.0064032,0.13449,-0.95806,0.12994,1.0349
1.0001,0.99695,0.070144,-0.03569,-1.0201,0.065432,1.0043,-0.14884,0.0066092,0.13467,-0.9379,0.13007,1.0348
1,0.99693,0.060068,-0.035776,-1.0101,0.065513,1.0043,-0.13876,0.0066898,0.13465,-0.92782,0.13015,1.0348
1,0.99697,0.055031,-0.035842,-1.005,0.065567,1.0043,-0.13373,0.0067097,0.13463,-0.92278,0.13025,1.0348
0.99993,0.99709,0.017771,-0.035847,-0.96777,0.065555,1.0043,-0.096468,0.0067046,0.13452,-0.88552,0.13024,1.0347
1.0002,0.99703,0.068629,-0.035921,-1.0186,0.065619,1.0043,-0.14733,0.0067024,0.13468,-0.93637,0.13039,1.0348
1.0001,0.99699,0.05931,-0.035988,-1.0093,0.06568,1.0043,-0.13802,0.0067104,0.13464,-0.92705,0.13051,1.0348
1.0001,0.997,0.054656,-0.036022,-1.0047,0.065704,1.0043,-0.13336,0.0067431,0.13462,-0.92239,0.13053,1.0348
0.99997,0.99714,0.017396,-0.036028,-0.9674,0.065692,1.0043,-0.096105,0.006737,0.13451,-0.88513,0.13053,1.0347
1.0002,0.99706,0.068622,-0.036103,-1.0186,0.065755,1.0043,-0.14734,0.0067013,0.13468,-0.93635,0.13071,1.0348
1.0001,0.99701,0.059306,-0.036165,-1.0093,0.065812,1.0043,-0.13803,0.0067136,0.13464,-0.92702,0.13081,1.0348
1.0001,0.99701,0.054654,-0.0362,-1.0047,0.065838,1.0043,-0.13339,0.0067402,0.13463,-0.92237,0.13085,1.0348
1,0.99709,0.034866,-0.036215,-0.98487,0.065838,1.0043,-0.14851,0.0067598,0.13468,-0.86766,0.13084,1.0346
1,0.99714,0.028759,-0.036226,-0.97876,0.065829,1.0043,-0.16976,0.006764,0.13473,-0.8342,0.13083,1.0345
1.0002,0.99703,0.070509,-0.036281,-1.0205,0.065879,1.0043,-0.14925,0.006719,0.13468,-0.93821,0.13099,1.0348
1.0001,0.99702,0.060249,-0.036337,-1.0102,0.065929,1.0043,-0.139,0.0067172,0.13465,-0.92794,0.1311,1.0348
1.0001,0.99704,0.055121,-0.036377,-1.0051,0.065955,1.0043,-0.13388,0.0067345,0.13463,-0.92281,0.13115,1.0348
1,0.99712,0.035226,-0.036392,-0.98523,0.065953,1.0043,-0.14865,0.0067584,0.13467,-0.86824,0.13113,1.0346
1.0001,0.99711,0.046297,-0.036451,-0.9963,0.065997,1.0043,-0.097788,0.0066992,0.13451,-0.94125,0.1313,1.0348
1.0001,0.99714,0.035431,-0.036486,-0.98544,0.066017,1.0043,-0.061493,0.0066641,0.1344,-0.95582,0.13138,1.0348
1.0002,0.99708,0.069069,-0.036534,-1.0191,0.066055,1.0043,-0.14785,0.0067244,0.13466,-0.93673,0.13142,1.0348
1,0.99707,0.045696,-0.03655,-0.9957,0.066061,1.0043,-0.15216,0.0067544,0.13466,-0.88567,0.1314,1.0346
1.0001,0.99704,0.061689,-0.036582,-1.0117,0.066081,1.0043,-0.14047,0.0067386,0.13462,-0.92935,0.13147,1.0348
1.0001,0.99704,0.055841,-0.036623,-1.0058,0.066109,1.0043,-0.13463,0.0067297,0.1346,-0.9235,0.13155,1.0348
1.0001,0.99706,0.052919,-0.036663,-1.0029,0.066137,1.0043,-0.13171,0.0067297,0.13459,-0.92057,0.13162,1.0348
1.0001,0.99709,0.051459,-0.03669,-1.0015,0.066149,1.0043,-0.13025,0.0067436,0.13459,-0.91911,0.13164,1.0348
1.0001,0.99717,0.032486,-0.036699,-0.98249,0.066141,1.0043,-0.14776,0.0067602,0.13464,-0.86365,0.13163,1.0347
1.0001,0.99724,0.027376,-0.036708,-0.97738,0.066128,1.0044,-0.17038,0.0067609,0.13471,-0.83081,0.13162,1.0346
1.0002,0.9971,0.070794,-0.036787,-1.0208,0.066203,1.0044,-0.1496,0.0066913,0.13465,-0.93844,0.13185,1.0348
1.0001,0.99705,0.060393,-0.036832,-1.0104,0.066246,1.0044,-0.1392,0.0067242,0.13462,-0.92804,0.1319,1.0348
1.0001,0.99704,0.055196,-0.036881,-1.0052,0.066287,1.0044,-0.134,0.0067207,0.1346,-0.92283,0.132,1.0348
0.99996,0.99717,0.017986,-0.036887,-0.96799,0.066277,1.0044,-0.096795,0.0067145,0.13449,-0.88562,0.13199,1.0347
1.0002,0.99709,0.068597,-0.036942,-1.0186,0.066322,1.0044,-0.14741,0.0067148,0.13464,-0.93622,0.1321,1.0348
1,0.99708,0.045349,-0.036958,-0.99535,0.066331,1.0044,-0.15207,0.0067544,0.13465,-0.88507,0.13208,1.0346
1.0001,0.99706,0.061624,-0.037025,-1.0116,0.066388,1.0044,-0.14045,0.0067035,0.13463,-0.92925,0.13226,1.0348
1.0001,0.99706,0.055814,-0.037068,-1.0058,0.066422,1.0044,-0.13464,0.0067263,0.1346,-0.92344,0.13231,1.0348
1.0001,0.99708,0.052909,-0.037127,-1.0029,0.066471,1.0044,-0.13174,0.0067117,0.13458,-0.92052,0.13243,1.0348
1.0001,0.99711,0.051454,-0.037168,-1.0015,0.0665,1.0044,-0.13029,0.0067294,0.13457,-0.91907,0.13249,1.0348
1.0001,0.99719,0.03249,-0.037219,-0.98249,0.066535,1.0044,-0.074856,0.0066786,0.1344,-0.93657,0.13262,1.0349
1.0001,0.99716,0.045624,-0.037245,-0.99562,0.066547,1.0044,-0.15218,0.0067442,0.13461,-0.88552,0.13259,1.0347
1,0.99721,0.022283,-0.037248,-0.97228,0.066536,1.0044,-0.12884,0.0067417,0.13454,-0.86218,0.13258,1.0346
1.0001,0.99715,0.040882,-0.037253,-0.99088,0.066546,1.0043,-0.18463,0.0067647,0.13469,-0.84359,0.13258,1.0345
1.0002,0.99702,0.077889,-0.03735,-1.0279,0.066639,1.0043,-0.15674,0.0066708,0.1346,-0.94548,0.13287,1.0348
1.0001,0.99707,0.063941,-0.037405,-1.0139,0.066689,1.0042,-0.1428,0.0067127,0.13455,-0.93153,0.13293,1.0349
1.0001,0.99711,0.056969,-0.037443,-1.007,0.066699,1.0043,-0.13582,0.0067306,0.13453,-0.92456,0.13296,1.0348
1.0001,0.99713,0.053491,-0.037468,-1.0035,0.066704,1.0044,-0.13234,0.0067446,0.13452,-0.92109,0.13297,1.0348
1.0001,0.99714,0.051741,-0.037485,-1.0017,0.066708,1.0044,-0.13059,0.0067523,0.13451,-0.91934,0.13299,1.0348
1.0001,0.9972,0.032714,-0.037494,-0.98271,0.066702,1.0044,-0.14788,0.0067609,0.13455,-0.864,0.13298,1.0347
1.0001,0.99731,0.013688,-0.0375,-0.96369,0.066686,1.0044,-0.12885,0.0067549,0.13449,-0.84497,0.13297,1.0346
1.0001,0.99723,0.032282,-0.037501,-0.98227,0.066691,1.0043,-0.18463,0.0067682,0.13464,-0.82638,0.13297,1.0345
1.0002,0.99715,0.068574,-0.037475,-1.0186,0.066656,1.0043,-0.14746,0.0067935,0.13452,-0.93614,0.13289,1.0348
1.0001,0.99716,0.045351,-0.037453,-0.99535,0.066618,1.0043,-0.096349,0.0068161,0.13436,-0.9408,0.1328,1.0348
1.0002,0.99716,0.061621,-0.037423,-1.0116,0.066566,1.0043,-0.14049,0.0067972,0.13447,-0.9292,0.13274,1.0348
1.0001,0.99718,0.040129,-0.037422,-0.99013,0.066544,1.0043,-0.15036,0.0067665,0.1345,-0.87634,0.13274,1.0346
1.0001,0.99722,0.031848,-0.037428,-0.98185,0.066527,1.0043,-0.16851,0.0067596,0.13455,-0.84163,0.13273,1.0345
1.0002,0.99713,0.069824,-0.037392,-1.0198,0.066474,1.0043,-0.14869,0.0068016,0.13448,-0.93741,0.13261,1.0348
1.0001,0.9971,0.059913,-0.037371,-1.0099,0.06644,1.0043,-0.13878,0.0067885,0.13445,-0.9275,0.13257,1.0348
1.0001,0.99713,0.054954,-0.037363,-1.005,0.066413,1.0043,-0.13382,0.006775,0.13444,-0.92254,0.13255,1.0348
1.0001,0.99718,0.035128,-0.037369,-0.98513,0.066396,1.0043,-0.14869,0.0067605,0.13449,-0.86801,0.13255,1.0346
1.0001,0.99733,0.015298,-0.037377,-0.9653,0.066379,1.0043,-0.12886,0.0067524,0.13443,-0.84818,0.13254,1.0345
1.0001,0.99722,0.033888,-0.037379,-0.98389,0.066388,1.0042,-0.18463,0.0067645,0.13459,-0.82959,0.13254,1.0345
1.0002,0.99708,0.077881,-0.037322,-1.0279,0.066325,1.0042,-0.15675,0.0068247,0.1345,-0.94546,0.13237,1.0348
1.0001,0.99703,0.063944,-0.037291,-1.0139,0.066284,1.0042,-0.14281,0.0067987,0.13447,-0.93153,0.13232,1.0349
1.0001,0.99708,0.056974,-0.037275,-1.007,0.066249,1.0043,-0.13584,0.0067836,0.13445,-0.92456,0.13228,1.0348
1.0001,0.9971,0.053484,-0.03727,-1.0035,0.066227,1.0043,-0.13235,0.0067722,0.13443,-0.92107,0.13227,1.0348
1.0001,0.99717,0.034026,-0.037276,-0.98403,0.066214,1.0043,-0.14832,0.006762,0.13448,-0.86617,0.13227,1.0346
1.0001,0.99724,0.028286,-0.037282,-0.97829,0.066199,1.0044,-0.17003,0.0067607,0.13455,-0.83298,0.13226,1.0345
1.0001,0.99722,0.030849,-0.037285,-0.98085,0.066194,1.0044,-0.18919,0.0067645,0.13461,-0.81895,0.13225,1.0345
1.0002,0.99701,0.077605,-0.037265,-1.0276,0.066186,1.0043,-0.15647,0.0067875,0.13451,-0.94519,0.13221,1.0349
1.0001,0.99714,0.040428,-0.037268,-0.99043,0.066179,1.0042,-0.11929,0.0067845,0.1344,-0.90801,0.13221,1.0348
1.0001,0.99726,0.026624,-0.037278,-0.97662,0.066157,1.0043,-0.10549,0.0067742,0.13436,-0.89421,0.1322,1.0348
1.0001,0.99713,0.051062,-0.037272,-1.0011,0.066158,1.0042,-0.17879,0.0067713,0.13458,-0.86978,0.13221,1.0348
1.0002,0.99703,0.074959,-0.037254,-1.025,0.066137,1.0042,-0.15382,0.0067869,0.13449,-0.94254,0.13215,1.0348
1.0001,0.99703,0.062479,-0.037246,-1.0125,0.066117,1.0042,-0.14134,0.006777,0.13446,-0.93006,0.13213,1.0348
1,0.99709,0.040773,-0.03725,-0.99077,0.066101,1.0043,-0.15058,0.0067646,0.13449,-0.87742,0.13213,1.0346
1.0002,0.99709,0.060854,-0.037254,-1.0109,0.066088,1.0043,-0.13972,0.0067651,0.13446,-0.92844,0.13212,1.0348
1.0001,0.99708,0.055431,-0.037253,-1.0054,0.066075,1.0043,-0.13429,0.0067689,0.13444,-0.92302,0.1321,1.0348
1,0.99713,0.035478,-0.037256,-0.98548,0.066065,1.0043,-0.1488,0.006766,0.13448,-0.8686,0.1321,1.0346
1.0001,0.9972,0.029141,-0.037264,-0.97914,0.066053,1.0043,-0.16968,0.0067603,0.13454,-0.83505,0.13209,1.0345
1.0002,0.99707,0.070412,-0.037261,-1.0204,0.066043,1.0043,-0.14927,0.0067711,0.13449,-0.938,0.13208,1.0348
1.0001,0.99704,0.060204,-0.037259,-1.0102,0.066035,1.0043,-0.13907,0.0067698,0.13446,-0.92779,0.13207,1.0348
1.0001,0.99704,0.055098,-0.037261,-1.0051,0.066026,1.0043,-0.13396,0.0067656,0.13444,-0.92268,0.13207,1.0348
1,0.99711,0.035231,-0.037267,-0.98523,0.066018,1.0043,-0.14873,0.0067611,0.13449,-0.86818,0.13207,1.0346
1.0002,0.99711,0.059934,-0.037265,-1.0099,0.065999,1.0043,-0.1388,0.0067698,0.13445,-0.92752,0.13204,1.0348
1.0001,0.99714,0.038861,-0.037269,-0.98886,0.065989,1.0043,-0.14994,0.0067642,0.13448,-0.87423,0.13203,1.0346
1.0002,0.9971,0.060539,-0.037271,-1.0105,0.065981,1.0043,-0.1394,0.0067655,0.13446,-0.92812,0.13203,1.0348
1.0001,0.99706,0.055266,-0.037271,-1.0053,0.065973,1.0043,-0.13412,0.0067672,0.13444,-0.92285,0.13202,1.0348
0.99997,0.99715,0.018082,-0.037276,-0.96808,0.065964,1.0043,-0.096943,0.0067622,0.13433,-0.88567,0.13202,1.0347
1.0002,0.99706,0.068591,-0.037278,-1.0186,0.065955,1.0043,-0.14745,0.0067662,0.13448,-0.93618,0.13201,1.0348
1.0001,0.99705,0.059299,-0.037281,-1.0093,0.065949,1.0043,-0.13816,0.0067655,0.13444,-0.92688,0.13201,1.0348
1,0.9971,0.038381,-0.037287,-0.98838,0.065941,1.0043,-0.14978,0.0067622,0.13447,-0.87343,0.13201,1.0346
1,0.99713,0.030828,-0.037293,-0.98083,0.065932,1.0043,-0.16895,0.0067619,0.13452,-0.83915,0.132,1.0345
1.0002,0.99706,0.070044,-0.037293,-1.02,0.065923,1.0043,-0.14891,0.0067673,0.13445,-0.93763,0.132,1.0348
1,0.99705,0.046443,-0.037299,-0.99644,0.06592,1.0043,-0.15247,0.0067624,0.13445,-0.88687,0.132,1.0346
1.0001,0.99703,0.061801,-0.037297,-1.0118,0.065907,1.0043,-0.14066,0.0067694,0.1344,-0.92939,0.13198,1.0348
1.0001,0.99703,0.055896,-0.037297,-1.0059,0.065897,1.0043,-0.13475,0.0067675,0.13437,-0.92348,0.13197,1.0348
1.0001,0.99705,0.052951,-0.037298,-1.003,0.065886,1.0043,-0.13181,0.0067669,0.13435,-0.92054,0.13196,1.0348
1.0001,0.99707,0.051474,-0.037302,-1.0015,0.065878,1.0043,-0.13034,0.006764,0.13434,-0.91906,0.13196,1.0348
1.0001,0.99709,0.050739,-0.037305,-1.0007,0.065869,1.0043,-0.1296,0.0067648,0.13433,-0.91832,0.13195,1.0348
1,0.99721,0.013554,-0.037313,-0.96355,0.065851,1.0043,-0.09242,0.0067603,0.1342,-0.88114,0.13194,1.0347
1.0001,0.99735,0.0040756,-0.037323,-0.95408,0.065829,1.0043,-0.13834,0.0067579,0.13433,-0.81625,0.13193,1.0345
1.0003,0.99722,0.054736,-0.037336,-1.0047,0.065826,1.0043,-0.13359,0.0067551,0.13431,-0.92232,0.13195,1.0348
1.0001,0.99724,0.017555,-0.037342,-0.96756,0.065819,1.0042,-0.096413,0.0067491,0.1342,-0.88514,0.13195,1.0347
1.0003,0.99717,0.068593,-0.037354,-1.0186,0.065814,1.0042,-0.14745,0.006756,0.13433,-0.93619,0.13195,1.0348
1.0002,0.99711,0.059301,-0.037361,-1.0093,0.065809,1.0042,-0.13816,0.0067556,0.13429,-0.92689,0.13195,1.0348
1.0001,0.9971,0.054651,-0.037365,-1.0047,0.065797,1.0042,-0.13351,0.0067591,0.13427,-0.92224,0.13194,1.0348
1.0002,0.99713,0.052326,-0.037373,-1.0023,0.065783,1.0042,-0.13118,0.006757,0.13426,-0.91991,0.13194,1.0348
1.0001,0.99712,0.051161,-0.037378,-1.0012,0.065765,1.0042,-0.13002,0.0067595,0.13426,-0.91875,0.13192,1.0348
1.0002,0.99714,0.050578,-0.037388,-1.0006,0.065753,1.0042,-0.12944,0.0067546,0.13426,-0.91816,0.13193,1.0348
1.0001,0.99729,0.013394,-0.037401,-0.96339,0.065724,1.0041,-0.092259,0.0067511,0.13414,-0.88098,0.13191,1.0347
1.0003,0.99736,0.031698,-0.037419,-0.9817,0.065693,1.0041,-0.11056,0.0067444,0.1342,-0.89928,0.1319,1.0348
1.0002,0.99748,-0.0054867,-0.037431,-0.94451,0.065658,1.0041,-0.073378,0.0067325,0.13409,-0.8621,0.13189,1.0347
1.0004,0.99722,0.077899,-0.037417,-1.0278,0.065686,1.0041,-0.15672,0.0067663,0.13433,-0.94545,0.13188,1.0348
1.0002,0.99708,0.063931,-0.037411,-1.0139,0.065678,1.004,-0.14279,0.0067681,0.1343,-0.93152,0.13186,1.0349
1.0001,0.99713,0.041858,-0.037417,-0.99186,0.065659,1.004,-0.15093,0.0067568,0.13433,-0.87923,0.13186,1.0347
1.0002,0.99723,0.032856,-0.037429,-0.98286,0.065631,1.0041,-0.16807,0.0067515,0.13437,-0.84408,0.13184,1.0346
1.0003,0.99714,0.069611,-0.037454,-1.0196,0.06563,1.0042,-0.14847,0.0067388,0.13431,-0.9372,0.13189,1.0348
1.0001,0.99716,0.03243,-0.037461,-0.98243,0.065623,1.0042,-0.11129,0.006731,0.13419,-0.90002,0.13189,1.0347
1.0001,0.99726,0.022625,-0.037467,-0.97263,0.065606,1.0042,-0.10148,0.0067249,0.13416,-0.89022,0.13188,1.0347
1.0002,0.99704,0.073493,-0.037469,-1.0235,0.065621,1.0041,-0.15236,0.0067616,0.13433,-0.94108,0.13187,1.0349
1.0001,0.99702,0.061744,-0.037468,-1.0117,0.065612,1.0041,-0.14061,0.0067663,0.13429,-0.92933,0.13185,1.0348
1.0001,0.99711,0.040221,-0.037474,-0.99022,0.065594,1.0042,-0.087779,0.0067609,0.13413,-0.93911,0.13184,1.0348
1.0002,0.9971,0.060763,-0.037479,-1.0108,0.06558,1.0043,-0.13963,0.0067592,0.13429,-0.92835,0.13184,1.0348
1.0001,0.99721,0.023587,-0.037482,-0.97359,0.065574,1.0042,-0.10245,0.0067564,0.13418,-0.89117,0.13183,1.0347
1.0001,0.99724,0.018203,-0.037488,-0.9682,0.065557,1.0043,-0.097066,0.006751,0.13417,-0.88579,0.13183,1.0347
1.0002,0.99704,0.071281,-0.037478,-1.0213,0.06556,1.0043,-0.15015,0.0067784,0.13432,-0.93887,0.1318,1.0348
1.0001,0.99697,0.060639,-0.037463,-1.0106,0.065548,1.0043,-0.1395,0.0067838,0.13429,-0.92822,0.13177,1.0348
1,0.99697,0.055321,-0.037455,-1.0053,0.065536,1.0043,-0.13419,0.0067769,0.13427,-0.9229,0.13175,1.0348
1,0.99696,0.052659,-0.037441,-1.0027,0.065518,1.0043,-0.13153,0.0067825,0.13426,-0.92023,0.13172,1.0348
0.99994,0.99711,0.015482,-0.037446,-0.96548,0.065509,1.0043,-0.094355,0.0067776,0.13415,-0.88306,0.13171,1.0347
1.0001,0.99711,0.041371,-0.037432,-0.99137,0.065482,1.0044,-0.065808,0.0067918,0.13407,-0.96338,0.13166,1.0349
1,0.99707,0.038549,-0.037421,-0.98855,0.065472,1.0044,-0.048712,0.0068026,0.13401,-0.97483,0.13163,1.0349
1.0002,0.99696,0.078626,-0.037412,-1.0286,0.065467,1.0044,-0.15749,0.0067829,0.13434,-0.9462,0.13164,1.0348
1,0.99691,0.064316,-0.037399,-1.0143,0.065456,1.0044,-0.14318,0.0067839,0.1343,-0.93189,0.13161,1.0349
0.99998,0.99698,0.042148,-0.037397,-0.99215,0.065447,1.0044,-0.15104,0.0067734,0.13432,-0.8797,0.13161,1.0347
1.0001,0.99695,0.061084,-0.037379,-1.0111,0.065427,1.0044,-0.13996,0.0067892,0.13429,-0.92866,0.13156,1.0348
1,0.99692,0.055544,-0.037374,-1.0055,0.065421,1.0044,-0.13442,0.0067769,0.13427,-0.92312,0.13156,1.0348
0.99997,0.99692,0.052773,-0.037373,-1.0028,0.065418,1.0044,-0.13165,0.006774,0.13426,-0.92035,0.13156,1.0348
0.99998,0.99694,0.051383,-0.037364,-1.0014,0.065406,1.0044,-0.13026,0.0067817,0.13426,-0.91896,0.13153,1.0348
0.99984,0.99713,-0.0040353,-0.03737,-0.94597,0.065394,1.0044,-0.11132,0.0067681,0.1342,-0.82706,0.13153,1.0346
0.99994,0.99729,-0.013506,-0.037376,-0.93649,0.065395,1.0044,-0.17482,0.0067637,0.13439,-0.74462,0.13153,1.0343
1.0002,0.99711,0.055425,-0.037352,-1.0054,0.065383,1.0043,-0.13429,0.0067994,0.13427,-0.923,0.13147,1.0348
1.0001,0.99704,0.052711,-0.037331,-1.0027,0.065365,1.0042,-0.13158,0.0067972,0.13426,-0.92029,0.13144,1.0348
1.0001,0.997,0.051359,-0.037318,-1.0014,0.065346,1.0042,-0.13022,0.0067902,0.13426,-0.91894,0.13141,1.0348
0.99994,0.99712,0.014177,-0.037322,-0.96418,0.065333,1.0042,-0.093039,0.0067861,0.13415,-0.88176,0.1314,1.0347
1.0002,0.99704,0.068588,-0.037329,-1.0186,0.065327,1.0043,-0.14745,0.0067704,0.13431,-0.93617,0.13143,1.0348
1,0.99706,0.031409,-0.037332,-0.98141,0.065325,1.0043,-0.11027,0.0067672,0.1342,-0.89899,0.13142,1.0347
0.99998,0.99711,0.022114,-0.037335,-0.97211,0.065317,1.0043,-0.10098,0.0067643,0.13417,-0.8897,0.13142,1.0347
0.99999,0.99712,0.022114,-0.037335,-0.97211,0.065317,1.0043,-0.10098,0.0067642,0.13417,-0.8897,0.13142,1.0347
1.0001,0.99696,0.073236,-0.037323,-1.0232,0.065314,1.0043,-0.1521,0.0067887,0.13432,-0.94081,0.13139,1.0348
0.99994,0.99698,0.036056,-0.037325,-0.98606,0.065315,1.0043,-0.11492,0.0067865,0.1342,-0.90363,0.13139,1.0346
1.0001,0.99691,0.068589,-0.037311,-1.0186,0.065302,1.0043,-0.14746,0.00679,0.13431,-0.93616,0.13137,1.0348
0.99994,0.99701,0.031408,-0.037316,-0.98141,0.065299,1.0043,-0.11028,0.0067858,0.1342,-0.89898,0.13136,1.0347
1.0001,0.99695,0.068589,-0.037309,-1.0186,0.06529,1.0043,-0.14746,0.0067812,0.13431,-0.93616,0.13136,1.0348
1,0.99694,0.059298,-0.037308,-1.0093,0.065287,1.0043,-0.13817,0.0067787,0.13428,-0.92687,0.13136,1.0348
1,0.99693,0.054644,-0.037311,-1.0046,0.065288,1.0043,-0.13352,0.0067737,0.13427,-0.92222,0.13136,1.0348
0.99993,0.99707,0.017467,-0.037317,-0.96747,0.065282,1.0043,-0.096339,0.0067711,0.13416,-0.88504,0.13136,1.0347
1,0.9971,0.033734,-0.037322,-0.98373,0.065274,1.0043,-0.11261,0.0067719,0.1342,-0.90131,0.13136,1.0347
1.0001,0.99707,0.041868,-0.037328,-0.99187,0.065277,1.0043,-0.12074,0.0067709,0.13422,-0.90944,0.13137,1.0347
1.0001,0.99705,0.045933,-0.037319,-0.99593,0.065265,1.0043,-0.12481,0.0067863,0.13424,-0.91351,0.13133,1.0347
1,0.997,0.047964,-0.037308,-0.99796,0.065253,1.0043,-0.12684,0.0067887,0.13425,-0.91554,0.13131,1.0348
0.99979,0.9972,-0.027397,-0.037315,-0.9226,0.065243,1.0043,-0.051477,0.0067813,0.13402,-0.84018,0.1313,1.0345
1.0001,0.99708,0.048478,-0.0373,-0.99847,0.065236,1.0042,-0.12735,0.006793,0.13425,-0.91605,0.13128,1.0348
0.99998,0.99716,0.0113,-0.037299,-0.9613,0.065222,1.0041,-0.090178,0.0067794,0.13414,-0.87887,0.13127,1.0346
1.0001,0.99729,0.0023876,-0.037307,-0.95239,0.065195,1.0042,-0.02474,0.0067715,0.13395,-0.92648,0.13126,1.0348
1.0003,0.99722,0.054456,-0.037313,-1.0045,0.065182,1.0042,-0.13333,0.0067726,0.13427,-0.92202,0.13126,1.0348
1.0002,0.99714,0.052231,-0.037318,-1.0022,0.06518,1.0041,-0.13111,0.0067754,0.13426,-0.9198,0.13126,1.0348
1.0002,0.9971,0.051116,-0.037329,-1.0011,0.065175,1.0041,-0.12999,0.0067698,0.13426,-0.91868,0.13127,1.0348
1.0002,0.9971,0.050556,-0.037341,-1.0006,0.065168,1.0041,-0.12943,0.0067692,0.13426,-0.91812,0.13128,1.0348
1.0001,0.99723,0.013377,-0.037336,-0.96338,0.065125,1.004,-0.09225,0.0067855,0.13414,-0.88095,0.13121,1.0347
1.0003,0.99731,0.031688,-0.037336,-0.98169,0.065076,1.004,-0.11056,0.0067817,0.1342,-0.89926,0.13117,1.0348
1.0003,0.99729,0.040843,-0.037339,-0.99084,0.06504,1.004,-0.11972,0.0067786,0.13423,-0.90842,0.13114,1.0347
1.0003,0.99727,0.045423,-0.03735,-0.99542,0.065018,1.004,-0.1243,0.0067712,0.13424,-0.913,0.13113,1.0347
1.0003,0.99725,0.047709,-0.037349,-0.99771,0.064985,1.004,-0.12658,0.0067825,0.13425,-0.91528,0.13109,1.0348
1.0003,0.99723,0.048859,-0.037346,-0.99886,0.06495,1.004,-0.12773,0.0067841,0.13425,-0.91643,0.13105,1.0348
1.0003,0.99722,0.049428,-0.03735,-0.99943,0.064922,1.004,-0.1283,0.0067778,0.13425,-0.917,0.13103,1.0348
1.0002,0.99728,0.030983,-0.037361,-0.98098,0.064896,1.004,-0.14732,0.0067706,0.13431,-0.8611,0.13102,1.0347
1.0004,0.99726,0.059226,-0.037367,-1.0092,0.064863,1.004,-0.13809,0.0067752,0.13428,-0.9268,0.13099,1.0348
1.0003,0.99721,0.054608,-0.037367,-1.0046,0.064833,1.004,-0.13348,0.0067823,0.13427,-0.92218,0.13096,1.0348
1.0002,0.99724,0.034868,-0.037377,-0.98487,0.064809,1.0039,-0.14861,0.0067724,0.13432,-0.86757,0.13095,1.0346
1.0003,0.99736,0.028781,-0.03739,-0.97878,0.064782,1.0039,-0.16983,0.0067686,0.13437,-0.83418,0.13094,1.0345
1.0002,0.99718,0.037132,-0.037391,-0.98713,0.064793,1.0038,-0.19487,0.0067815,0.13446,-0.82583,0.13094,1.0344
1.0002,0.99697,0.080747,-0.037368,-1.0307,0.064783,1.0037,-0.15961,0.006804,0.13435,-0.94833,0.13089,1.0349
1.0002,0.99699,0.065368,-0.037357,-1.0154,0.064741,1.0038,-0.14423,0.0067926,0.1343,-0.93295,0.13085,1.0349
1.0002,0.99709,0.057686,-0.037364,-1.0077,0.064705,1.0039,-0.13655,0.006775,0.13428,-0.92526,0.13083,1.0348
1.0002,0.99714,0.053841,-0.037369,-1.0038,0.064671,1.004,-0.13271,0.0067772,0.13427,-0.92142,0.1308,1.0348
1.0001,0.99715,0.034293,-0.037379,-0.98429,0.064653,1.0041,-0.14842,0.0067727,0.13432,-0.86662,0.1308,1.0346
1.0002,0.99706,0.059779,-0.037377,-1.0098,0.064638,1.0041,-0.13864,0.0067834,0.13428,-0.92736,0.13077,1.0348
1.0001,0.99703,0.054889,-0.037373,-1.0049,0.064625,1.004,-0.13375,0.0067852,0.13427,-0.92247,0.13075,1.0348
1.0001,0.9971,0.035076,-0.037378,-0.98508,0.064605,1.004,-0.14867,0.0067771,0.13432,-0.86792,0.13074,1.0346
1.0002,0.99706,0.059906,-0.037378,-1.0099,0.06458,1.0041,-0.13876,0.006782,0.13428,-0.92749,0.13071,1.0348
1.0001,0.99705,0.038841,-0.037381,-0.98884,0.064569,1.0041,-0.14993,0.0067791,0.13431,-0.8742,0.13071,1.0346
1.0001,0.99699,0.060536,-0.037373,-1.0105,0.064549,1.0041,-0.13939,0.0067901,0.13429,-0.92812,0.13067,1.0348
1.0001,0.99705,0.039308,-0.037376,-0.98931,0.064536,1.004,-0.15008,0.0067792,0.13432,-0.87498,0.13067,1.0346
1.0001,0.99715,0.018084,-0.037387,-0.96808,0.064514,1.0041,-0.12886,0.0067687,0.13426,-0.85376,0.13066,1.0345
1.0002,0.99696,0.071225,-0.037367,-1.0212,0.064506,1.004,-0.15008,0.0068017,0.13432,-0.93881,0.13061,1.0349
1.0001,0.997,0.047326,-0.037366,-0.99733,0.064493,1.004,-0.15275,0.006785,0.13433,-0.88834,0.13061,1.0347
1.0002,0.99703,0.061946,-0.037353,-1.0119,0.064465,1.004,-0.1408,0.0067963,0.13429,-0.92953,0.13056,1.0348
1.0001,0.99706,0.040371,-0.037355,-0.99037,0.064447,1.0041,-0.15044,0.0067819,0.13432,-0.87675,0.13056,1.0346
1,0.99714,0.018795,-0.037363,-0.9688,0.064436,1.0041,-0.12886,0.0067742,0.13426,-0.85518,0.13055,1.0345
1.0002,0.99695,0.071577,-0.037353,-1.0216,0.064437,1.004,-0.15044,0.0067934,0.13431,-0.93917,0.13054,1.0348
1.0001,0.99699,0.047596,-0.037355,-0.9976,0.064428,1.004,-0.15284,0.006781,0.13433,-0.88879,0.13054,1.0346
1,0.99709,0.023606,-0.037364,-0.97361,0.064412,1.0041,-0.12885,0.0067722,0.13426,-0.8648,0.13053,1.0345
1.0001,0.99698,0.055391,-0.037354,-1.0054,0.064408,1.004,-0.097066,0.0067822,0.13417,-0.96017,0.13052,1.0349
1.0001,0.99694,0.063343,-0.037357,-1.0133,0.064401,1.004,-0.1581,0.0067817,0.13434,-0.91504,0.13052,1.0348
1,0.99696,0.045391,-0.037363,-0.99539,0.064392,1.004,-0.16271,0.006778,0.13435,-0.87452,0.13052,1.0347
1,0.99706,0.027436,-0.037369,-0.97744,0.064375,1.0041,-0.14475,0.0067714,0.1343,-0.85656,0.13051,1.0347
1.0002,0.9969,0.075898,-0.037358,-1.0259,0.064374,1.004,-0.15476,0.0067952,0.13434,-0.94349,0.13048,1.0348
1.0001,0.99688,0.062951,-0.037352,-1.013,0.064361,1.004,-0.14181,0.0067907,0.13429,-0.93054,0.13046,1.0349
1,0.99695,0.041123,-0.037356,-0.99112,0.064346,1.004,-0.15069,0.0067813,0.13432,-0.87801,0.13046,1.0347
1.0001,0.99706,0.032431,-0.037366,-0.98243,0.064329,1.0041,-0.16826,0.0067759,0.13437,-0.84305,0.13045,1.0346
1.0002,0.99697,0.069704,-0.037363,-1.0197,0.064316,1.0041,-0.14856,0.0067889,0.13431,-0.9373,0.13043,1.0348
0.99999,0.99699,0.032521,-0.037366,-0.98253,0.064312,1.0041,-0.11137,0.006786,0.13419,-0.90012,0.13042,1.0347
1.0002,0.99694,0.068589,-0.037365,-1.0186,0.064302,1.0041,-0.14744,0.0067868,0.13431,-0.93618,0.13042,1.0348
1,0.99696,0.045353,-0.037368,-0.99535,0.064294,1.0041,-0.1521,0.006781,0.13432,-0.88506,0.13042,1.0346
1,0.99703,0.034893,-0.037375,-0.98489,0.064285,1.0041,-0.1672,0.0067764,0.13437,-0.84904,0.13042,1.0344
1.0002,0.99694,0.069174,-0.037372,-1.0192,0.064274,1.0041,-0.14803,0.0067871,0.13431,-0.93677,0.1304,1.0348
1.0001,0.99694,0.059582,-0.037365,-1.0096,0.06426,1.0041,-0.13844,0.006791,0.13428,-0.92718,0.13037,1.0348
0.99999,0.99705,0.022404,-0.03737,-0.9724,0.06425,1.0041,-0.10126,0.0067856,0.13416,-0.89,0.13037,1.0347
1.0002,0.99697,0.068596,-0.037364,-1.0186,0.064235,1.0041,-0.14744,0.0067908,0.13431,-0.93619,0.13035,1.0348
1,0.99695,0.045352,-0.037368,-0.99535,0.064235,1.0041,-0.096311,0.0067875,0.13415,-0.94084,0.13035,1.0348
1.0001,0.99692,0.061621,-0.037367,-1.0116,0.064225,1.0041,-0.14047,0.0067866,0.13428,-0.92922,0.13034,1.0348
1,0.99697,0.040123,-0.037369,-0.99012,0.064214,1.0041,-0.15035,0.0067822,0.13432,-0.87635,0.13034,1.0346
1.0001,0.99701,0.047533,-0.037374,-0.99753,0.064204,1.0041,-0.099945,0.0067774,0.13417,-0.94157,0.13034,1.0348
1.0001,0.99702,0.049386,-0.037381,-0.99939,0.064198,1.0041,-0.15343,0.0067773,0.13433,-0.89178,0.13034,1.0346
1.0001,0.99705,0.037398,-0.037377,-0.98739,0.064175,1.0041,-0.11624,0.0067905,0.13422,-0.90499,0.1303,1.0347
1,0.99723,0.00020941,-0.037385,-0.95021,0.064158,1.0041,-0.079057,0.0067825,0.13411,-0.86781,0.13029,1.0346
1.0002,0.99715,0.034404,-0.037381,-0.9844,0.06417,1.0041,-0.20023,0.0067824,0.13447,-0.81503,0.1303,1.0343
1.0002,0.99691,0.078643,-0.037365,-1.0286,0.064168,1.0041,-0.15599,0.0067987,0.13433,-0.94774,0.13028,1.0349
1.0001,0.99691,0.054008,-0.037364,-1.004,0.064165,1.0041,-0.15497,0.0067859,0.13433,-0.89949,0.13028,1.0348
1.0001,0.99691,0.063064,-0.037355,-1.0131,0.064149,1.0041,-0.14191,0.0067888,0.13429,-0.93067,0.13026,1.0349
0.99999,0.99692,0.041206,-0.037356,-0.99121,0.064144,1.0041,-0.1507,0.0067797,0.13432,-0.87815,0.13026,1.0347
1.0001,0.99687,0.060929,-0.037349,-1.0109,0.064132,1.0041,-0.13977,0.0067903,0.13429,-0.92853,0.13023,1.0348
0.99999,0.99693,0.039602,-0.037347,-0.9896,0.064122,1.0041,-0.086722,0.0067921,0.13413,-0.93893,0.13021,1.0348
1,0.997,0.031537,-0.037349,-0.98154,0.064112,1.0041,-0.052137,0.0067895,0.13403,-0.95738,0.13021,1.0349
1,0.99702,0.032119,-0.037353,-0.98212,0.064106,1.0041,-0.035432,0.0067857,0.13397,-0.97525,0.13021,1.035
1.0002,0.99686,0.078244,-0.037346,-1.0282,0.064108,1.0041,-0.1571,0.0067958,0.13434,-0.94584,0.1302,1.0348
0.99998,0.99692,0.041058,-0.03735,-0.99106,0.064106,1.0041,-0.11991,0.0067923,0.13423,-0.90865,0.1302,1.0347
1.0001,0.99687,0.068594,-0.037345,-1.0186,0.064095,1.0041,-0.14745,0.0067936,0.13431,-0.93619,0.13019,1.0348
1,0.99687,0.059293,-0.037339,-1.0093,0.064084,1.0041,-0.13815,0.0067923,0.13428,-0.92689,0.13017,1.0348
0.99996,0.99691,0.038381,-0.037341,-0.98838,0.064078,1.0041,-0.14977,0.0067835,0.13432,-0.87344,0.13017,1.0346
1.0001,0.99688,0.060459,-0.03734,-1.0105,0.064071,1.0041,-0.13931,0.0067867,0.13429,-0.92805,0.13016,1.0348
0.99995,0.997,0.023274,-0.037343,-0.97327,0.064062,1.0041,-0.10213,0.0067833,0.13418,-0.89087,0.13016,1.0347
1.0002,0.99693,0.068594,-0.03734,-1.0186,0.064053,1.0042,-0.14745,0.0067885,0.13431,-0.93619,0.13015,1.0348
1.0001,0.99689,0.059299,-0.037333,-1.0093,0.064047,1.0042,-0.13815,0.0067944,0.13428,-0.92689,0.13012,1.0348
1,0.99695,0.03838,-0.037333,-0.98838,0.064041,1.0042,-0.14977,0.0067873,0.13432,-0.87344,0.13012,1.0346
0.99996,0.99703,0.017464,-0.037336,-0.96746,0.064035,1.0042,-0.12885,0.0067843,0.13426,-0.85253,0.13012,1.0345
1.0001,0.99695,0.052326,-0.037327,-1.0023,0.064031,1.0042,-0.093987,0.0067934,0.13416,-0.9571,0.1301,1.0349
1,0.99697,0.03373,-0.037328,-0.98373,0.064029,1.0042,-0.075395,0.0067925,0.1341,-0.93851,0.1301,1.0348
1.0001,0.99689,0.064526,-0.037326,-1.0145,0.064029,1.0042,-0.1701,0.0067897,0.13438,-0.90539,0.1301,1.0347
1.0001,0.99683,0.070624,-0.037307,-1.0206,0.064012,1.0042,-0.14948,0.0068046,0.13432,-0.93822,0.13006,1.0348
1,0.99684,0.060313,-0.037297,-1.0103,0.063999,1.0042,-0.13917,0.0067953,0.13429,-0.92791,0.13004,1.0348
1,0.99685,0.055156,-0.037293,-1.0052,0.063991,1.0042,-0.13401,0.0067898,0.13426,-0.92274,0.13003,1.0348
1,0.99686,0.052573,-0.037291,-1.0026,0.063986,1.0042,-0.13144,0.0067883,0.13426,-0.92016,0.13003,1.0348
1,0.99686,0.051283,-0.037291,-1.0013,0.063983,1.0042,-0.13015,0.0067864,0.13426,-0.91887,0.13003,1.0348
0.99989,0.99698,0.014108,-0.037297,-0.96411,0.063975,1.0042,-0.092973,0.0067807,0.13415,-0.88169,0.13002,1.0347
1,0.99701,0.032053,-0.037301,-0.98205,0.063969,1.0042,-0.11092,0.0067832,0.13419,-0.89964,0.13002,1.0348
1.0001,0.99698,0.041028,-0.037305,-0.99103,0.06397,1.0042,-0.11989,0.0067821,0.13423,-0.90861,0.13003,1.0347
1,0.99704,0.024681,-0.03731,-0.97468,0.063968,1.0042,-0.14521,0.0067804,0.13431,-0.8506,0.13003,1.0345
0.99998,0.99711,0.0083358,-0.037313,-0.95834,0.06396,1.0042,-0.12887,0.006778,0.13426,-0.83425,0.13002,1.0344
1,0.99706,0.026925,-0.037313,-0.97693,0.063963,1.0042,-0.18463,0.0067861,0.13442,-0.81566,0.13002,1.0344
1.0001,0.99686,0.075639,-0.037295,-1.0257,0.063957,1.0042,-0.15451,0.0068043,0.13433,-0.94323,0.12999,1.0348
1,0.99683,0.062824,-0.037276,-1.0128,0.063939,1.0042,-0.14169,0.0068054,0.13429,-0.93041,0.12995,1.0349
0.99994,0.99696,0.025647,-0.037279,-0.97565,0.063933,1.0042,-0.10451,0.0068015,0.13417,-0.89323,0.12995,1.0348
1.0001,0.99688,0.068589,-0.037261,-1.0186,0.063913,1.0042,-0.14745,0.0068039,0.13431,-0.93617,0.12991,1.0348
1,0.99686,0.059294,-0.037245,-1.0093,0.063897,1.0042,-0.13816,0.0068035,0.13428,-0.92688,0.12988,1.0348
0.99995,0.99689,0.038383,-0.037244,-0.98838,0.063892,1.0042,-0.14978,0.0067882,0.13432,-0.87344,0.12988,1.0346
1,0.9969,0.047091,-0.037236,-0.99709,0.06388,1.0042,-0.09924,0.006796,0.13417,-0.94139,0.12986,1.0348
1.0001,0.99685,0.061906,-0.037222,-1.0119,0.063866,1.0042,-0.14077,0.0068014,0.13429,-0.92948,0.12983,1.0348
1,0.99686,0.055951,-0.037212,-1.006,0.063853,1.0042,-0.13482,0.0067988,0.13427,-0.92353,0.12981,1.0348
0.99996,0.99692,0.035876,-0.037213,-0.98588,0.063848,1.0042,-0.14894,0.0067881,0.13431,-0.86925,0.12981,1.0346
1.0001,0.99687,0.060036,-0.037206,-1.01,0.06384,1.0042,-0.13891,0.0067968,0.13429,-0.9276,0.12979,1.0348
0.99999,0.99693,0.038938,-0.037208,-0.98894,0.063836,1.0042,-0.14997,0.0067885,0.13431,-0.87435,0.12979,1.0346
0.99995,0.99701,0.017844,-0.037212,-0.96784,0.063831,1.0042,-0.12888,0.0067848,0.13425,-0.85326,0.12979,1.0345
1.0001,0.99687,0.071095,-0.037198,-1.0211,0.063824,1.0042,-0.14997,0.0068054,0.13432,-0.93865,0.12976,1.0348
1,0.99681,0.060544,-0.037185,-1.0105,0.063812,1.0042,-0.13943,0.0068068,0.13429,-0.92811,0.12973,1.0348
1,0.99684,0.055273,-0.037169,-1.0053,0.063792,1.0042,-0.13416,0.0068087,0.13427,-0.92284,0.12969,1.0348
