8.784
0.038175
0.0057877
0.048228
0.091612
0.0085704
0.49366
0.23169
0.061228
0.0035692
0.53274
0.24229
0.18547
0.096442
0.038983
0.29334
0.28184
0.14981
0.0068398
0.0036246
0.0018041
0.075794
0.023137
0.0084596
0.16586
0.13939
0.088113
0.030104
0.0013928
0.0014033
0.090011
0.07581
0.048025
0.041666
0.0393
0.038055
0.029466
0.018372
0.027683
0.025272
0.026616
0.027301
0.027643
0.021358
0.011938
0.0059242
0.0051797
0.030027
0.025615
0.026612
0.027292
0.027644
0.021346
0.0097876
0.033975
0.028251
0.028638
0.028948
0.018797
0.010692
0.03268
0.027791
0.028478
0.028855
0.029051
0.021175
0.010913
0.036377
0.029317
0.028891
0.021059
0.010824
0.036235
0.02924
0.028852
0.021028
0.017449
0.015908
0.015213
0.014886
0.0097433
0.0084438
0.0068878
0.006884
0.0054239
0.006782
0.0064664
0.0066638
0.0067651
0.0068163
0.0054182
0.0062798
0.0064303
0.0066313
0.006734
0.0067843
0.0068089
0.0068083
0.0068127
0.0053859
0.0067026
0.0063906
0.0065854
0.0047973
4.0516e-05
0.028179
0.019157
0.024182
0.02391
0.020852
0.02456
0.020775
0.024397
0.025111
0.026004
0.026455
0.021053
0.011841
0.0048157
0.02895
0.023863
0.020728
0.024432
0.024995
0.025863
0.026306
0.020937
0.016915
0.011129
0.013996
0.012748
0.01305
0.013203
0.0094455
0.014055
0.0094425
0.0063556
0.010635
0.011623
0.0094365
0.012898
0.011798
0.0094343
0.013028
0.0094379
0.0023595
0.012973
0.020328
0.022727
0.024583
0.025601
0.020913
0.024998
0.024989
0.025808
0.020936
0.011983
0.024618
0.023239
0.024859
0.02573
0.026177
0.020836
0.0094157
0.037329
0.018818
0.028061
0.023506
0.024983
0.02076
0.024713
0.024862
0.025689
0.026115
0.02078
0.016788
0.014956
0.014089
0.013667
0.010545
0.0057658
0.012462
0.0093687
0.011695
0.010001
0.01154
0.0093613
0.012663
0.011696
0.0093529
0.0011687
0.026894
0.023035
0.020357
0.010668
0.0093524
0.022094
0.02204
0.018689
0.02478
0.023362
0.024831
0.025611
0.020755
0.024852
0.024769
0.025577
0.020745
0.02483
0.018662
0.013019
0.017603
0.015885
0.017219
0.017481
0.014116
0.0080786
0.019702
0.017815
0.01457
0.0087258
0.02236
0.018636
0.012523
0.020897
0.023061
0.02463
0.018624
0.026712
0.023282
0.024749
0.018631
0.026797
0.023277
0.024741
0.020567
0.012023
0.02412
0.022989
0.024578
0.02053
0.0184
0.013392
0.022901
0.019852
0.022891
0.024335
0.025299
0.025799
0.020722
0.011747
0.02439
0.022929
0.024537
0.018601
0.026631
0.019861
0.022924
0.024331
0.025292
0.025791
0.020713
0.018635
0.011669
0.0092975
0.021002
0.021921
0.023952
0.025087
0.025682
0.020685
0.0095116
0.0092944
0.01176
0.0099236
0.011455
0.010085
0.0063069
0.011746
0.011524
0.012298
0.010256
0.0049566
0.0092931
0.022621
0.021918
0.023946
0.025084
0.02059
0.011906
0.0050411
0.023373
0.018585
0.0069013
0.012216
0.019395
0.022316
0.020131
0.023544
0.024443
0.020487
0.01207
0.024015
0.022967
0.024552
0.020506
0.024394
0.020255
0.023829
0.024496
0.018592
0.026599
0.023235
0.02029
0.012408
0.023684
0.019786
0.022772
0.024292
0.025265
0.025773
0.026029
0.020658
0.01159
0.015219
0.0092909
0.013362
0.011618
0.012351
0.012741
0.012942
0.013042
0.010343
0.0083478
0.0046473
0.011581
0.010961
0.010031
0.0064127
0.011655
0.0092932
0.002451
0.025429
0.02252
0.020163
0.023624
0.01859
0.0026921
0.05307
0.045674
0.048948
0.050722
0.037179
0.027247
0.012251
0.042988
0.043632
0.040085
0.046694
0.048809
0.050647
0.051602
0.037939
0.025043
0.03446
0.025343
0.025809
0.018592
0.027542
0.018588
0.0046464
9.2826e-06
0.10222
0.074326
0.091292
0.074351
0.094774
0.092927
0.09878
0.079999
0.065088
0.058595
0.055513
0.054022
0.037674
0.03793
0.021034
0.011673
0.015405
0.012754
0.012946
0.013044
0.010343
0.008347
0.0074238
0.0069866
0.0067759
0.0066721
0.0066211
0.0052024
0.0062735
0.0061765
0.0051315
0.0029996
0.002087
0.010902
0.010773
0.011861
0.012481
0.010283
0.012271
0.012309
0.010258
0.012209
0.010128
0.011915
0.010113
0.0053052
0.026566
0.019737
0.022661
0.020153
0.010786
0.026387
0.019724
0.011993
0.01589
0.0162
0.015664
0.0089762
0.024227
0.022186
0.020113
0.012735
0.023388
0.018588
0.02348
0.019852
0.01326
0.022968
0.023151
0.01859
0.025601
0.019855
0.022916
0.020175
0.018009
0.017611
0.015519
0.0092943
0.0014967
0.044233
0.038293
0.043819
0.040221
0.046975
0.04042
0.025108
0.011819
0.046117
0.03717
0.043975
0.046475
0.04058
0.047803
0.037188
0.050809
0.046471
0.04058
0.020913
0.034855
0.018584
0.031972
0.038241
0.045867
0.049064
0.050784
0.051671
0.041129
0.03324
0.029627
0.021305
0.0081712
0.018584
0.048707
0.044442
0.037166
0.049762
0.046467
0.040574
0.036259
0.045375
0.048542
0.04092
0.048567
0.040489
0.02109
0.053239
0.045715
0.048968
