15.988
0.29585
0.059962
0.0087203
-0.00084091
-0.0038465
-0.0027662
-0.0012561
-0.00052343
-0.00019725
-0.00033662
-0.00017991
-9.388e-05
-9.928e-05
-5.0078e-05
-2.5187e-05
-1.264e-05
-6.3362e-06
-6.3611e-06
-3.1813e-06
-3.1847e-06
-3.1858e-06
-1.5924e-06
-7.9559e-07
-1.5929e-06
-7.9575e-07
-3.9735e-07
-7.9596e-07
-3.9745e-07
-7.9603e-07
-1.5931e-06
-7.9582e-07
-3.9735e-07
-7.9598e-07
-7.9589e-07
-7.9585e-07
-3.9735e-07
-7.96e-07
-7.959e-07
-7.9585e-07
-7.9585e-07
-7.9584e-07
-7.9585e-07
-7.9585e-07
-7.9585e-07
-7.9585e-07
-7.9586e-07
-7.9586e-07
-7.9588e-07
-7.9588e-07
-3.9735e-07
-7.9602e-07
-3.9743e-07
-7.9608e-07
-1.593e-06
-1.5931e-06
-1.593e-06
-7.9589e-07
-3.9736e-07
-7.9605e-07
-7.9597e-07
-7.9591e-07
-3.9735e-07
-7.9603e-07
-7.9595e-07
-7.9592e-07
-3.9737e-07
-7.9605e-07
-7.9595e-07
-7.9594e-07
-3.9736e-07
-7.9605e-07
-7.9598e-07
-7.9591e-07
-3.9736e-07
-7.9609e-07
-7.9599e-07
-7.9595e-07
-7.9593e-07
-7.9592e-07
-3.9735e-07
-7.9611e-07
-1.5929e-06
-1.593e-06
-1.5929e-06
-7.9595e-07
-7.9596e-07
-7.9594e-07
-3.9737e-07
-7.961e-07
-7.9602e-07
-7.9596e-07
-3.9736e-07
-7.9607e-07
-7.9601e-07
-7.9595e-07
-3.9737e-07
-7.9609e-07
-7.96e-07
-7.9597e-07
-3.9737e-07
