139.34
2.9879
3.1148
2.0526
1.1414
0.57558
0.26045
0.10542
0.038658
0.013517
0.010632
0.010406
0.0103
0.010216
0.01021
0.010206
0.010206
0.010207
0.010206
0.010209
0.010207
0.010206
0.010206
0.010219
0.010206
0.010221
0.01023
0.01022
0.010226
0.010219
0.010206
0.010221
0.010232
0.010219
0.010219
0.010221
0.010234
0.010219
0.01022
0.010221
0.01022
0.010221
0.01022
0.010221
0.01022
0.010221
0.01022
0.010221
0.01022
0.010221
0.010236
0.01022
0.010227
0.010218
0.010206
0.010206
0.010206
0.010221
0.010233
0.010219
0.010219
0.010221
0.010235
0.010219
0.010219
0.010221
0.010235
0.010219
0.010219
0.01022
0.010235
0.010219
0.010219
0.01022
0.010235
0.010219
0.01022
0.010221
0.01022
0.010221
0.010237
0.010218
0.010206
0.010206
0.010206
0.010221
0.010219
0.01022
0.010234
0.010219
0.010219
0.010221
0.010236
0.010219
0.010219
0.010221
0.010236
0.010219
0.010219
0.01022
0.010236
