0.0027405
0.0027712
0.0027709
0.0027709
0.0027709
0.0027706
0.0027703
0.0027703
0.0027703
0.0027702
0.0027701
0.00277
0.0027697
0.0027698
0.0027697
0.0027696
0.0027695
0.0027695
0.0027695
0.0027693
0.0027693
0.0027692
0.0027691
0.002769
0.0027689
0.002769
0.002769
0.0027689
0.0027689
0.0027688
0.0027687
0.0027687
0.0027686
0.0027685
0.0027684
0.0027683
0.0027682
0.0027681
0.0027681
0.0027681
0.002768
0.0027679
0.0027679
0.0027678
0.0027677
0.0027677
0.0027677
0.0027677
0.0027677
0.0027675
0.0027675
0.0027675
0.0027674
0.0027674
0.0027674
0.0027673
0.0027673
0.0027673
0.0027673
0.0027672
0.0027672
0.0027671
0.0027671
0.002767
0.002767
0.002767
0.0027669
0.0027669
0.0027669
0.0027669
0.0027668
0.0027668
0.0027668
0.0027667
0.0027667
0.0027666
0.0027666
0.0027665
0.0027664
0.0027664
0.0027663
0.0027663
0.0027662
0.0027661
0.002766
0.0027659
0.0027658
0.0027658
0.0027657
0.0027656
0.0027655
0.0027654
0.0027653
0.0027652
0.0027651
0.002765
0.0027649
0.0027648
0.0027647
0.0027646
0.0027646
0.0027645
0.0027643
0.0027643
0.0027642
0.0027642
0.0027642
0.0027641
0.002764
0.0027639
0.0027639
0.0027638
0.0027638
0.0027638
0.0027637
0.0027637
0.0027637
0.0027636
0.0027636
0.0027636
0.0027635
0.0027634
0.0027634
0.0027634
0.0027634
0.0027633
0.0027633
0.0027633
0.0027632
0.0027632
0.0027631
0.0027631
0.0027631
0.0027631
0.0027631
0.0027631
0.0027631
0.0027631
0.002763
0.002763
0.002763
0.002763
0.002763
0.002763
0.0027629
0.0027629
0.0027628
0.0027628
0.0027627
0.0027627
0.0027627
0.0027626
0.0027626
0.0027626
0.0027626
0.0027625
0.0027625
0.0027624
0.0027623
0.0027622
0.0027621
0.002762
0.002762
0.0027619
0.0027618
0.0027617
0.0027617
0.0027616
0.0027615
0.0027615
0.0027614
0.0027614
0.0027613
0.0027613
0.0027613
0.0027612
0.0027612
0.0027612
0.0027611
0.0027611
0.002761
0.002761
0.002761
0.0027609
0.0027609
0.0027609
0.0027608
0.0027608
0.0027608
0.0027608
0.0027607
0.0027607
0.0027607
0.0027606
0.0027606
0.0027606
0.0027605
0.0027605
0.0027605
0.0027604
0.0027604
0.0027604
0.0027604
0.0027603
0.0027602
0.0027602
0.0027602
0.0027602
0.0027602
0.0027601
0.0027601
0.0027601
0.00276
0.00276
0.00276
0.0027599
0.0027599
0.0027599
0.0027598
0.0027598
0.0027598
0.0027597
0.0027597
0.0027597
0.0027597
0.0027596
0.0027596
0.0027596
0.0027595
0.0027595
0.0027595
0.0027594
0.0027594
0.0027594
0.0027593
0.0027592
0.0027592
0.0027591
0.0027591
0.002759
0.0027589
0.0027589
0.0027588
0.0027587
0.0027587
0.0027586
0.0027586
0.0027585
0.0027584
