1.1769e-05
279.04
2.4548
0.68907
0.93997
0.2131
0.059432
0.015597
0.018905
0.56722
0.57224
0.57728
0.31804
0.29513
0.28787
0.2865
0.15862
0.28795
0.28637
0.12359
0.14525
0.1484
0.15605
0.15673
0.10034
0.16647
0.15635
0.10035
0.35416
0.19645
0.045694
0.19091
0.26135
0.16278
0.01918
0.11776
0.10486
0.070827
0.0070755
0.037257
0.051968
0.014809
0.0052154
0.019658
0.01346
0.012246
0.0069634
0.0060699
0.0034909
0.0032145
0.0028561
0.0028389
0.0027428
0.0013899
0.0013636
0.0006938
0.00068224
0.00067921
0.00034634
6.8268e-06
1.5321e-05
1.5902e-05
1.5946e-05
6.9529e-06
1.6362e-05
3.2429e-05
3.0911e-05
3.0571e-05
3.0478e-05
3.0384e-05
3.0294e-05
3.0382e-05
3.0293e-05
3.0475e-05
3.0387e-05
3.0384e-05
3.0387e-05
3.029e-05
3.0434e-05
1.4442e-05
3.1958e-05
3.0632e-05
3.0385e-05
3.0382e-05
3.0385e-05
3.0289e-05
3.0292e-05
3.0288e-05
3.0292e-05
3.0288e-05
3.0292e-05
3.0289e-05
3.0292e-05
3.0196e-05
3.0199e-05
3.029e-05
3.0246e-05
3.0242e-05
3.0293e-05
3.0196e-05
3.0293e-05
