1,1,0.4,-0.0099106,0,0,0,-0.0099106,-0.0099106,-0.0099106
1,1,-0.20511,-0.00015723,0,0,0,-0.41008,-0.00015723,0.0012403
1,1,0.05125,2.3658e-06,0,0,0,-0.051242,2.3658e-06,0.0001557
1,1,-0.051237,4.7337e-06,0,0,0,-0.10249,4.7337e-06,0.00031144
1,1,0.012838,5.9064e-07,0,0,0,-0.012788,5.9064e-07,3.8858e-05
1,1,-0.012857,1.186e-06,0,0,0,-0.025679,1.186e-06,7.8026e-05
1,1,0.0032457,4.4358e-07,0,0,0,-0.028872,1.3335e-06,9.7014e-06
1,1,0.025664,-8.8879e-07,0,0,0,-0.016068,1.1058e-09,-2.9182e-05
1,1,0.025692,-6.5974e-07,0,0,0,-0.020903,2.3016e-07,-1.449e-05
1,1,0.025712,-5.614e-07,0,0,0,-0.023263,3.285e-07,-7.3174e-06
1,1,0.025673,-4.9986e-07,0,0,0,-0.024488,3.9004e-07,-3.5975e-06
1,1,0.025676,-4.7213e-07,0,0,0,-0.02508,4.1777e-07,-1.7961e-06
1,1,0.025677,-4.5841e-07,0,0,0,-0.025379,4.3149e-07,-8.9036e-07
1,1,0.025679,-4.5157e-07,0,0,0,-0.025528,4.3833e-07,-4.3754e-07
1,1,0.025679,-4.4809e-07,0,0,0,-0.025603,4.4181e-07,-2.0812e-07
1,1,0.025679,-4.4634e-07,0,0,0,-0.025641,4.4356e-07,-9.2646e-08
1,1,0.025679,-4.4548e-07,0,0,0,-0.02566,4.4442e-07,-3.4912e-08
1,1,0.025678,-4.4503e-07,0,0,0,-0.02567,4.4487e-07,-6.0451e-09
1,1,0.02568,-4.4485e-07,0,0,0,-0.02535,-7.4095e-07,6.1093e-09
1,1,0.025355,1.5548e-07,0,0,0,-0.025515,-1.4062e-07,4.8947e-07
1,1,0.025355,1.5179e-07,0,0,0,-0.025435,-1.4431e-07,2.4637e-07
1,1,0.025355,1.4994e-07,0,0,0,-0.025395,-1.4616e-07,1.2483e-07
1,1,0.025355,1.4903e-07,0,0,0,-0.025375,-1.4707e-07,6.4059e-08
1,1,0.025354,1.4856e-07,0,0,0,-0.056382,-1.4754e-07,3.3671e-08
1,1,0.056368,-5.6784e-07,0,0,0,-0.04087,-8.6394e-07,-4.7099e-05
1,1,0.056372,-2.1004e-07,0,0,0,-0.051803,-5.0614e-07,-2.3558e-05
1,1,0.059539,-1.042e-07,0,0,0,-0.054092,-4.003e-07,-1.6603e-05
1,1,0.059557,2.128e-08,0,0,0,-0.056813,-2.7482e-07,-8.3379e-06
1,1,0.05956,8.4614e-08,0,0,0,-0.055439,-2.1149e-07,-4.1719e-06
1,1,0.056816,1.7975e-07,0,0,0,-0.057498,-1.1635e-07,2.0857e-06
1,1,0.056813,3.1915e-08,0,0,0,-0.057157,-1.3208e-07,1.0501e-06
1,1,0.056813,8.9956e-08,0,0,0,-0.056985,-7.4044e-08,5.2576e-07
1,1,0.056812,8.0424e-09,0,0,0,-0.056899,-7.7978e-08,2.6458e-07
1,1,0.056813,4.4984e-08,0,0,0,-0.056856,-4.1036e-08,1.3129e-07
1,1,0.056813,4.4013e-08,0,0,0,-0.056834,-4.2007e-08,6.5994e-08
1,1,0.056813,4.3529e-08,0,0,0,-0.056824,-4.2491e-08,3.4105e-08
1,1,0.056813,4.3275e-08,0,0,0,-0.056818,-4.2745e-08,1.7402e-08
1,1,0.056813,4.316e-08,0,0,0,-0.056816,-4.286e-08,9.8102e-09
1,1,0.056813,1.5961e-10,0,0,0,-0.056817,-4.293e-08,5.2549e-09
1,1,0.056815,2.151e-08,0,0,0,-0.056815,-2.158e-08,-1.4708e-09
1,1,0.056833,-7.2302e-11,0,0,0,-0.056814,-4.3162e-08,-2.9441e-09
1,1,0.056833,2.193e-08,0,0,0,-0.10066,-2.116e-08,2.5269e-08
1,1,0.10066,-9.9029e-07,0,0,0,-0.078753,-1.0334e-06,-6.6566e-05
1,1,0.10067,-4.8428e-07,0,0,0,-0.089707,-5.2737e-07,-3.328e-05
1,1,0.10067,-2.3112e-07,0,0,0,-0.095189,-2.7421e-07,-1.6622e-05
1,1,0.10067,-1.0451e-07,0,0,0,-0.09793,-1.476e-07,-8.294e-06
1,1,0.10067,-4.1242e-08,0,0,0,-0.0993,-8.4332e-08,-4.1308e-06
1,1,0.10067,-9.5988e-09,0,0,0,-0.099985,-5.2689e-08,-2.049e-06
1,1,0.10067,-3.065e-08,0,0,0,-0.10033,-3.6869e-08,-1.0082e-06
1,1,0.10067,-4.37e-09,0,0,0,-0.16521,-1.0589e-08,-4.9213e-07
1,1,0.16537,-1.4948e-06,0,0,0,-0.13278,-1.501e-06,-9.8548e-05
1,1,0.16521,-7.4222e-07,0,0,0,-0.14907,-7.4844e-07,-4.9032e-05
1,1,0.16521,-3.6946e-07,0,0,0,-0.15714,-3.7568e-07,-2.4512e-05
1,1,0.1652,-1.8311e-07,0,0,0,-0.16118,-1.8933e-07,-1.2251e-05
1,1,0.16521,-9.0265e-08,0,0,0,-0.16335,-9.6484e-08,-6.1428e-06
1,1,0.16537,-4.7305e-08,0,0,0,-0.16781,-5.3524e-08,-3.3168e-06
1,1,0.1689,-1.0365e-07,0,0,0,-0.16659,-1.0987e-07,-7.024e-06
1,1,0.1689,-5.0309e-08,0,0,0,-0.16774,-5.6528e-08,-3.5143e-06
1,1,0.1689,-2.352e-08,0,0,0,-0.16832,-2.9739e-08,-1.752e-06
1,1,0.1689,-1.0127e-08,0,0,0,-0.16861,-1.6346e-08,-8.7076e-07
1,1,0.16889,-3.4286e-09,0,0,0,-0.16876,-9.6476e-09,-4.3016e-07
1,1,0.1689,-4.2698e-10,0,0,0,-0.16882,-6.646e-09,-2.3266e-07
1,1,0.1689,1.4206e-09,0,0,0,-0.16886,-4.7984e-09,-1.1112e-07
1,1,0.1689,2.3442e-09,0,0,0,-0.16888,-3.8748e-09,-5.0344e-08
1,1,0.1689,2.8061e-09,0,0,0,-0.16889,-3.4129e-09,-1.996e-08
1,1,0.16889,-1.4495e-10,0,0,0,-0.1689,-3.182e-09,-4.7672e-09
1,1,0.1689,1.2144e-09,0,0,0,-0.16889,-1.8226e-09,-2.0008e-08
1,1,0.16889,1.4453e-09,0,0,0,-0.1689,-1.5917e-09,-4.8156e-09
1,1,0.1689,1.2144e-09,0,0,0,-0.16889,-1.8226e-09,-2.0008e-08
1,1,0.16889,1.4453e-09,0,0,0,-0.1689,-1.5917e-09,-4.8156e-09
1,1,0.1689,1.2144e-09,0,0,0,-0.16889,-1.8226e-09,-2.0008e-08
1,1,0.16889,1.4453e-09,0,0,0,-0.17458,-0.00101,0.034223
1,1,0.17469,0.0020492,0,0,0,-0.17168,1.4558e-05,0.034183
1,1,0.17469,0.0020498,0,0,0,-0.17023,-0.00049744,0.034203
1,1,0.17214,0.0019219,0,0,0,-0.1706,-0.00088176,0.03422
1,1,0.17033,0.0020503,0,0,0,-0.17168,-0.00088165,0.034222
1,1,0.1707,0.0020503,0,0,0,-0.17204,-0.00094581,0.034222
1,1,0.17178,0.0020503,0,0,0,-0.17168,-0.00097789,0.034221
1,1,0.17252,0.0020664,0,0,0,-0.18095,-0.00097786,0.03422
1,1,0.18179,0.0020499,0,0,0,-0.17595,-0.0010022,0.034208
1,1,0.18105,0.0020502,0,0,0,-0.17382,-0.0010059,0.034216
1,1,0.17606,0.0020505,0,0,0,-0.17525,-0.0010078,0.034227
1,1,0.17393,0.0020505,0,0,0,-0.17703,-0.0010089,0.034228
1,1,0.17544,0.0020501,0,0,0,-0.17712,-0.0010098,0.034223
1,1,0.17713,0.0020503,0,0,0,-0.17632,-0.0010098,0.034221
1,1,0.17723,0.0020504,0,0,0,-0.17587,-0.0010098,0.034222
1,1,0.17642,0.0020504,0,0,0,-0.17605,-0.0010099,0.034224
1,1,0.17598,0.0020504,0,0,0,-0.18302,-0.001131,0.038748
1,1,0.18285,0.0023085,0,0,0,-0.17617,-0.00087291,0.038719
1,1,0.17956,0.0021794,0,0,0,-0.18277,-0.001131,0.038747
1,1,0.18288,0.0023087,0,0,0,-0.17945,-0.0010663,0.03874
1,1,0.18122,0.0022926,0,0,0,-0.18111,-0.0011148,0.038747
1,1,0.18122,0.002309,0,0,0,-0.18111,-0.0011147,0.038746
1,1,0.18123,0.0023088,0,0,0,-0.1811,-0.001123,0.038747
1,1,0.18122,0.002309,0,0,0,-0.18287,-0.0011389,0.039331
1,1,0.18299,0.0023385,0,0,0,-0.1811,-0.0011262,0.039328
1,1,0.1821,0.0023345,0,0,0,-0.18199,-0.0011387,0.039331
1,1,0.18211,0.0023386,0,0,0,-0.18198,-0.0011388,0.039331
1,1,0.1821,0.0023386,0,0,0,-0.1829,-0.0011409,0.039331
1,1,0.18302,0.0023387,0,0,0,-0.18198,-0.0011419,0.03933
1,1,0.18256,0.0023384,0,0,0,-0.18244,-0.0011427,0.039331
1,1,0.18256,0.0023389,0,0,0,-0.18244,-0.0011425,0.039331
1,1,0.18256,0.0023386,0,0,0,-0.18244,-0.0011429,0.039331
1,1,0.18256,0.0023387,0,0,0,-0.18244,-0.0011429,0.039331
1,1,0.18256,0.0023386,0,0,0,-0.18244,-0.001143,0.039331
1,1,0.18256,0.0023387,0,0,0,-0.18244,-0.0011429,0.039331
1,1,0.18256,0.0023386,0,0,0,-0.18244,-0.001143,0.039331
1,1,0.18256,0.0023386,0,0,0,-0.18244,-0.001143,0.039331
1,1,0.18256,0.0023387,0,0,0,-0.18244,-0.0011429,0.039331
1,1,0.18256,0.0023386,0,0,0,-0.18244,-0.001143,0.039331
1,1,0.18256,0.0023386,0,0,0,-0.18244,-0.001143,0.039331
1,1,0.18256,0.0023386,0,0,0,-0.18244,-0.001143,0.039331
1,1,0.18256,0.0023387,0,0,0,-0.18244,-0.0011429,0.039331
1,1,0.18256,0.0023386,0,0,0,-0.18244,-0.001143,0.039331
1,1,0.18256,0.0023386,0,0,0,-0.18244,-0.001143,0.039331
1,1,0.18256,0.0023387,0,0,0,-0.18244,-0.0011429,0.039331
1,1,0.18256,0.0023386,0,0,0,-0.18244,-0.001143,0.039331
1,1,0.18256,0.0023386,0,0,0,-0.18244,-0.001143,0.039331
1,1,0.18256,0.0023387,0,0,0,-0.18244,-0.0011429,0.039331
1,1,0.18256,0.0023386,0,0,0,-0.1834,-0.001146,0.03945
1,1,0.18352,0.0023452,0,0,0,-0.18244,-0.0011427,0.039448
1,1,0.18304,0.0023444,0,0,0,-0.18292,-0.0011452,0.03945
1,1,0.18304,0.0023462,0,0,0,-0.18292,-0.0011442,0.03945
1,1,0.18304,0.0023452,0,0,0,-0.18292,-0.0011456,0.03945
1,1,0.18304,0.0023453,0,0,0,-0.18292,-0.0011457,0.03945
1,1,0.18304,0.0023452,0,0,0,-0.18292,-0.0011459,0.03945
1,1,0.18303,0.0023454,0,0,0,-0.18293,-0.0011458,0.03945
1,1,0.18304,0.0023452,0,0,0,-0.18292,-0.001146,0.03945
1,1,0.18304,0.0023452,0,0,0,-0.18292,-0.001146,0.03945
1,1,0.18304,0.0023453,0,0,0,-0.18292,-0.0011459,0.03945
1,1,0.18304,0.0023452,0,0,0,-0.18292,-0.001146,0.03945
1,1,0.18304,0.0023453,0,0,0,-0.18292,-0.0011459,0.03945
1,1,0.18304,0.0023452,0,0,0,-0.18292,-0.001146,0.03945
1,1,0.18304,0.0023452,0,0,0,-0.18292,-0.001146,0.03945
1,1,0.18304,0.0023453,0,0,0,-0.18292,-0.0011459,0.03945
1,1,0.18304,0.0023452,0,0,0,-0.1834,-0.001146,0.03945
1,1,0.18352,0.0023453,0,0,0,-0.18292,-0.0011459,0.039448
1,1,0.18328,0.0023452,0,0,0,-0.18316,-0.001146,0.039449
1,1,0.18328,0.0023452,0,0,0,-0.18316,-0.001146,0.039449
1,1,0.18328,0.0023452,0,0,0,-0.18316,-0.001146,0.039449
1,1,0.18328,0.0023453,0,0,0,-0.18316,-0.0011459,0.039449
1,1,0.18328,0.0023452,0,0,0,-0.18316,-0.001146,0.039449
1,1,0.18328,0.0023452,0,0,0,-0.18316,-0.001146,0.039449
1,1,0.18328,0.0023452,0,0,0,-0.18316,-0.001146,0.039449
1,1,0.18328,0.0023453,0,0,0,-0.18316,-0.0011459,0.039449
1,1,0.18328,0.0023452,0,0,0,-0.18316,-0.001146,0.039449
1,1,0.18328,0.0023452,0,0,0,-0.18316,-0.001146,0.039449
1,1,0.18328,0.0023452,0,0,0,-0.18316,-0.001146,0.039449
1,1,0.18328,0.0023453,0,0,0,-0.18316,-0.0011459,0.039449
1,1,0.18328,0.0023452,0,0,0,-0.18316,-0.001146,0.039449
