70.635
0.036318
0.036236
0.0090591
0.0090605
0.002265
0.0068123
0.0034012
0.0017017
0.00084216
0.00042144
0.00021178
0.00010642
5.3389e-05
2.6875e-05
1.3445e-05
6.7379e-06
3.5742e-06
0.00011278
5.6569e-05
2.8284e-05
1.4142e-05
7.0718e-06
0.010963
0.0054815
0.0038675
0.0019343
0.0009698
0.00048507
0.00024289
0.00012162
6.0811e-05
3.0408e-05
1.5203e-05
7.7862e-06
3.8892e-06
2.1508e-06
1.0611e-06
5.0023e-07
5.0023e-07
3.0052e-06
0.0077474
0.0038739
0.0019364
0.00096732
0.00048278
0.00024042
0.00011934
5.8363e-05
0.011467
0.0057046
0.0028532
0.0014266
0.00071418
0.00038537
0.00081671
0.00040835
0.00020506
0.00010253
5.1265e-05
2.6516e-05
1.4142e-05
7.0711e-06
3.5355e-06
1.7678e-06
1.7678e-06
1.7678e-06
1.7678e-06
1.7678e-06
1.7678e-06
1.7678e-06
0.0010864
0.00054276
0.0002729
0.00077465
0.00025719
0.00025699
0.00025624
0.0017685
0.00075378
0.00050663
0.00063038
6.2926e-05
0.00056711
0.00031609
0.00012585
0.00022131
0.0023133
7.116e-06
0.0023407
4.6216e-05
4.7276e-05
2.5448e-05
1.591e-05
0.002503
2.7538e-05
3.6124e-05
2.9627e-05
0.0026009
3.676e-06
4.0179e-06
1.4351e-06
1.3101e-06
1.2395e-06
1.2395e-06
1.2395e-06
1.2395e-06
1.2395e-06
1.2395e-06
1.2395e-06
1.2395e-06
1.2395e-06
1.2395e-06
1.2395e-06
1.2395e-06
1.2395e-06
1.2395e-06
1.2395e-06
1.2395e-06
0.0027151
9.721e-06
9.5121e-06
2.5063e-06
1.3734e-06
8.1837e-07
5.4837e-07
1.5977e-07
3.0439e-07
3.0439e-07
3.0463e-07
3.0439e-07
3.0463e-07
3.0439e-07
3.0439e-07
3.0463e-07
0.0013574
1.099e-06
5.0881e-07
5.0881e-07
5.0881e-07
5.0939e-07
5.0881e-07
5.0881e-07
5.0881e-07
5.0939e-07
5.0881e-07
5.0881e-07
5.0881e-07
5.0939e-07
5.0881e-07
