139.52
4.5561
2.8533
1.9389
1.2626
0.89283
1.2341
0.87267
0.61346
0.43379
0.61257
0.43314
0.30617
0.2165
0.30615
0.21648
0.15307
0.10823
0.15306
0.10823
0.07654
0.054124
0.076541
0.054122
0.03827
0.02706
0.03827
0.027061
0.01914
0.013537
0.019146
0.013538
0.0095701
0.0067689
0.0095756
0.0067704
0.0047901
0.0033919
0.004791
0.0033907
0.0024001
0.0016985
0.0024124
0.0016986
0.0012002
0.00085084
0.0012071
0.00084896
0.00060154
0.00042985
0.00060269
0.00042504
0.00030087
0.0002157
0.00032905
0.0002141
0.00015279
0.00011654
0.00015904
0.00010365
7.6436e-05
7.835e-05
7.2973e-05
4.2861e-05
4.5693e-05
6.9693e-05
3.3362e-05
1.3619e-05
4.6374e-05
8.3726e-05
2.1074e-05
4.3573e-05
7.8554e-05
4.7206e-05
2.2812e-05
3.185e-05
6.0838e-05
2.8671e-05
2.7653e-05
5.9428e-05
3.0454e-05
2.3398e-05
4.8536e-05
7.9607e-05
4.4345e-05
2.0844e-05
4.1864e-05
7.6874e-05
4.5641e-05
2.1953e-05
3.2552e-05
6.1695e-05
2.9034e-05
2.6889e-05
5.8734e-05
2.9779e-05
2.3144e-05
4.8461e-05
7.9443e-05
4.3958e-05
2.0365e-05
4.2063e-05
7.7356e-05
4.6049e-05
2.1776e-05
3.1362e-05
6.033e-05
2.7673e-05
2.7467e-05
6.0072e-05
3.0622e-05
2.1699e-05
4.6339e-05
7.7159e-05
4.1623e-05
1.9714e-05
4.3963e-05
7.9702e-05
3.7436e-05
2.2356e-05
2.8633e-05
5.7176e-05
2.4987e-05
1.5585e-05
5.3331e-05
9.1236e-05
2.0013e-05
2.5765e-05
6.351e-05
0.00010127
4.3683e-06
3.5401e-05
7.3013e-05
4.0048e-05
7.7109e-06
2.6576e-05
5.9463e-05
9.2368e-05
1.6715e-05
1.7043e-05
4.9669e-05
8.2429e-05
2.6626e-05
7.4409e-06
3.942e-05
7.2062e-05
3.4086e-05
5.606e-06
4.2416e-05
8.0313e-05
2.3609e-05
1.513e-05
5.2737e-05
9.0536e-05
1.3722e-05
2.4912e-05
6.2536e-05
0.00010019
5.2456e-06
3.4165e-05
7.1667e-05
3.86e-05
6.4738e-06
2.8217e-05
6.1191e-05
9.4179e-05
1.4889e-05
1.9025e-05
5.1749e-05
8.459e-05
2.4409e-05
9.6002e-06
4.1844e-05
7.4568e-05
3.4438e-05
4.0823e-06
3.1638e-05
6.4261e-05
9.6873e-05
1.2666e-05
2.092e-05
5.3288e-05
8.5741e-05
2.3662e-05
9.9327e-06
4.1812e-05
7.4141e-05
3.5256e-05
4.6421e-06
3.0037e-05
6.2254e-05
9.4469e-05
1.5359e-05
1.7791e-05
4.9719e-05
8.1781e-05
2.7955e-05
5.8722e-06
3.6749e-05
6.8696e-05
