6.5735
-2.448
-2.5
-2.5
-1.6667
-1
-0.55556
-0.29412
-0.29412
-0.15152
-0.076923
-0.076923
-0.076923
-0.076923
-0.03876
-0.03876
-0.03876
-0.03876
-0.03876
-0.03876
-0.019454
-0.019454
-0.019454
-0.009746
-0.009746
-0.009746
-0.009746
-0.009746
-0.009746
-0.009746
-0.009746
-0.009746
-0.009746
-0.0048777
-0.0048777
-4.778e-06
-9.5501e-06
-1.9065e-05
-1.9065e-05
-3.7973e-05
-7.5379e-05
-7.5379e-05
-7.5379e-05
-7.538e-05
-7.5379e-05
-0.00014847
-0.00028782
-0.00028782
-0.00028783
-0.00028783
-0.00028783
-0.00028783
-0.00028784
-0.00028784
-0.00028784
-0.00028784
-0.00028784
-0.00028784
-0.00028784
-0.00028784
-0.00028784
-0.00028784
-0.00028784
-0.00014847
-0.00014847
-0.00014847
-0.00014847
-0.00014847
-0.00014847
-0.00014847
-0.00014847
-0.00014847
-0.00014847
-0.00014847
-0.00014847
-0.00014847
-7.538e-05
-7.5379e-05
-7.538e-05
-7.538e-05
-7.5381e-05
-7.538e-05
-7.5381e-05
-7.538e-05
-7.538e-05
-7.538e-05
-7.538e-05
-7.5381e-05
-7.538e-05
-7.5381e-05
-7.538e-05
-7.5381e-05
-7.538e-05
-7.538e-05
-3.7972e-05
-3.7972e-05
-3.7972e-05
-3.7972e-05
-3.7972e-05
-3.7972e-05
-3.7972e-05
-3.7972e-05
-3.7973e-05
-3.7973e-05
-3.7973e-05
-3.7973e-05
-3.7973e-05
-3.7973e-05
-3.7973e-05
-3.7973e-05
-3.7973e-05
-3.7973e-05
-3.7973e-05
-3.7973e-05
-3.7973e-05
-3.7973e-05
-3.7973e-05
-3.7973e-05
-3.7973e-05
-3.7973e-05
-3.7973e-05
-3.7973e-05
-3.7973e-05
-3.7973e-05
-3.7973e-05
-3.7973e-05
-3.7973e-05
-3.7973e-05
-3.7973e-05
-3.7973e-05
-3.7973e-05
-3.7973e-05
-3.7973e-05
-3.7973e-05
-3.7973e-05
-3.7974e-05
-3.7974e-05
-3.7974e-05
-3.7974e-05
-3.7974e-05
-3.7974e-05
-3.7974e-05
-3.7974e-05
-3.7974e-05
-3.7974e-05
-3.7974e-05
-3.7974e-05
-3.7974e-05
-3.7974e-05
-3.7974e-05
-3.7974e-05
-3.7974e-05
-3.7974e-05
-3.7974e-05
-3.7974e-05
-3.7974e-05
-3.7974e-05
-3.7974e-05
-3.7974e-05
-3.7974e-05
-3.7974e-05
-3.7974e-05
-3.7974e-05
-3.7974e-05
-3.7974e-05
-3.7974e-05
-3.7974e-05
-3.7974e-05
-3.7974e-05
-3.7975e-05
-3.7974e-05
-3.7975e-05
-3.7974e-05
-3.7975e-05
-3.7974e-05
-3.7975e-05
-3.7975e-05
-3.7974e-05
-3.7975e-05
-3.7974e-05
-3.7975e-05
-3.7974e-05
-3.7975e-05
-3.7975e-05
-3.7975e-05
-3.7975e-05
-3.7975e-05
-3.7975e-05
-3.7975e-05
-3.7975e-05
-3.7975e-05
-3.7975e-05
-3.7975e-05
-3.7974e-05
-3.7974e-05
-3.7974e-05
-3.7974e-05
-3.7974e-05
-3.7974e-05
-3.7974e-05
-3.7975e-05
7.0025e-09
-2.9279e-10
6.3964e-10
3.0895e-07
3.0792e-07
4.8557e-07
4.7522e-07
4.8846e-07
4.7805e-07
4.6581e-07
4.7603e-07
4.6701e-07
4.5837e-07
4.695e-07
4.6075e-07
4.7201e-07
4.6315e-07
3.9483e-08
4.0175e-08
4.0869e-08
4.5892e-07
4.5997e-07
4.6103e-07
4.6209e-07
4.6315e-07
4.6423e-07
4.6532e-07
4.6641e-07
4.6751e-07
4.6862e-07
4.6973e-07
4.7085e-07
4.4375e-08
3.9482e-08
3.4703e-08
4.086e-08
3.6056e-08
4.2249e-08
3.7412e-08
4.3643e-08
3.8775e-08
3.9675e-08
4.031e-08
4.0949e-08
4.1588e-08
4.2231e-08
4.2872e-08
4.3517e-08
4.4162e-08
4.4809e-08
4.5456e-08
4.6106e-08
4.6755e-08
4.7368e-08
4.799e-08
4.8621e-08
4.9258e-08
4.9879e-08
4.5779e-08
4.1311e-08
3.6983e-08
4.2523e-08
3.8168e-08
4.376e-08
3.9374e-08
4.5013e-08
4.0594e-08
3.6312e-08
4.1844e-08
3.7525e-08
4.3104e-08
3.8749e-08
4.4373e-08
3.998e-08
4.2513e-08
4.3076e-08
4.3638e-08
4.4205e-08
4.4773e-08
4.5344e-08
4.5915e-08
4.6489e-08
4.7064e-08
4.7642e-08
4.822e-08
4.8802e-08
4.9383e-08
4.9968e-08
5.0552e-08
5.114e-08
4.8212e-08
4.4339e-08
4.062e-08
4.5434e-08
4.1671e-08
4.654e-08
4.2733e-08
4.7654e-08
4.3805e-08
4.0107e-08
4.4898e-08
4.1156e-08
4.6e-08
4.2214e-08
4.7112e-08
4.3282e-08
4.7868e-08
4.8339e-08
4.8811e-08
4.9288e-08
4.9766e-08
5.0248e-08
5.0732e-08
5.1217e-08
5.1706e-08
5.2195e-08
5.2689e-08
5.3183e-08
5.3682e-08
5.4182e-08
5.4682e-08
5.5187e-08
5.3716e-08
5.049e-08
4.7515e-08
5.1397e-08
4.8342e-08
5.2319e-08
4.9182e-08
5.325e-08
5.0048e-08
4.7114e-08
5.0954e-08
4.7937e-08
5.1869e-08
4.8772e-08
5.2796e-08
4.9621e-08
5.6951e-08
5.7305e-08
5.7661e-08
5.8018e-08
5.8382e-08
5.8748e-08
5.9115e-08
5.9487e-08
5.9862e-08
6.0238e-08
6.062e-08
6.1004e-08
6.1389e-08
6.1779e-08
6.2171e-08
6.2564e-08
6.3059e-08
6.0655e-08
5.8441e-08
6.1324e-08
5.9057e-08
6.2008e-08
5.9687e-08
6.2708e-08
6.033e-08
5.8146e-08
6.0997e-08
5.8755e-08
6.1675e-08
5.9381e-08
6.2367e-08
6.0018e-08
7.0259e-08
7.0499e-08
7.0745e-08
7.0994e-08
7.1248e-08
7.1505e-08
7.1766e-08
7.2031e-08
7.2299e-08
7.2571e-08
7.2847e-08
7.3125e-08
7.3408e-08
7.3693e-08
7.3982e-08
7.4274e-08
7.6981e-08
7.535e-08
7.392e-08
7.58e-08
7.4312e-08
7.6266e-08
7.472e-08
7.6749e-08
7.5148e-08
7.3748e-08
7.5598e-08
7.4139e-08
7.6064e-08
7.4546e-08
7.6546e-08
7.4969e-08
8.8554e-08
8.8684e-08
8.8819e-08
8.8957e-08
8.91e-08
8.9247e-08
8.9398e-08
8.9552e-08
8.9711e-08
8.9874e-08
9.004e-08
9.0211e-08
9.0385e-08
9.0563e-08
9.0745e-08
9.093e-08
9.6279e-08
9.5889e-08
9.576e-08
9.5956e-08
9.5782e-08
9.6035e-08
9.5817e-08
9.6165e-08
9.5865e-08
9.5755e-08
9.5926e-08
9.5771e-08
9.6001e-08
9.5801e-08
9.6089e-08
9.5843e-08
1.153e-07
1.1529e-07
1.1528e-07
1.1528e-07
1.1528e-07
1.1528e-07
1.1529e-07
1.153e-07
1.1531e-07
1.1532e-07
1.1534e-07
1.1536e-07
1.1539e-07
1.1541e-07
1.1545e-07
1.2467e-07
1.246e-07
1.2467e-07
1.246e-07
1.2463e-07
1.2462e-07
1.2461e-07
1.2465e-07
1.246e-07
1.2469e-07
1.246e-07
1.2465e-07
1.2461e-07
1.2462e-07
1.2464e-07
1.246e-07
2.1122e-08
2.1669e-08
2.2215e-08
2.2759e-08
2.3304e-08
2.3847e-08
2.4389e-08
1.4442e-07
1.444e-07
1.4439e-07
1.4438e-07
1.4437e-07
1.4437e-07
1.4437e-07
1.4437e-07
1.4437e-07
2.7254e-08
2.3541e-08
1.9853e-08
2.4643e-08
2.0948e-08
2.5742e-08
2.2038e-08
2.6839e-08
2.3127e-08
1.9441e-08
2.4227e-08
2.0534e-08
2.5326e-08
2.1626e-08
2.6424e-08
2.2717e-08
1.9034e-08
2.3817e-08
2.0128e-08
2.4917e-08
2.122e-08
2.6017e-08
2.2311e-08
1.8633e-08
2.3413e-08
1.9726e-08
2.4515e-08
2.082e-08
2.5613e-08
2.1912e-08
2.6712e-08
2.3003e-08
1.9318e-08
2.4103e-08
2.0412e-08
2.5203e-08
2.1503e-08
2.6301e-08
2.2594e-08
1.8913e-08
2.3696e-08
2.0006e-08
2.4796e-08
2.11e-08
2.5895e-08
2.2192e-08
2.6223e-08
2.6786e-08
2.7347e-08
2.7907e-08
2.8467e-08
2.9025e-08
2.9582e-08
3.0139e-08
3.0679e-08
3.1219e-08
3.1758e-08
3.2296e-08
3.2835e-08
3.3372e-08
3.3908e-08
3.4445e-08
1.2656e-05
1.2669e-05
1.2683e-05
1.2696e-05
1.2709e-05
1.2722e-05
1.2735e-05
1.2748e-05
1.276e-05
1.2772e-05
1.2784e-05
1.2796e-05
1.2808e-05
3.3257e-09
5.1817e-09
7.034e-09
8.8823e-09
1.0726e-08
1.2566e-08
1.4401e-08
1.6231e-08
1.8057e-08
1.9877e-08
2.1679e-08
2.3475e-08
1.7551e-07
1.7843e-07
1.8133e-07
1.8423e-07
1.8712e-07
1.8999e-07
1.9286e-07
1.9571e-07
1.9856e-07
2.0139e-07
2.0421e-07
2.0703e-07
2.0983e-07
1.6688e-07
1.6982e-07
1.7276e-07
1.7568e-07
1.786e-07
1.8151e-07
1.844e-07
1.8729e-07
1.9016e-07
1.9303e-07
1.9588e-07
1.9873e-07
2.0156e-07
2.0438e-07
2.072e-07
2.1e-07
1.6705e-07
1.6999e-07
1.7293e-07
1.7585e-07
1.7877e-07
1.8168e-07
1.8457e-07
1.8746e-07
1.9033e-07
1.932e-07
1.9605e-07
1.9889e-07
2.0173e-07
2.0455e-07
2.0736e-07
2.1016e-07
1.6722e-07
1.7016e-07
1.7309e-07
1.7602e-07
1.7894e-07
1.8186e-07
1.8477e-07
1.8766e-07
1.9055e-07
1.9343e-07
1.9629e-07
1.9915e-07
2.0199e-07
2.0483e-07
2.0765e-07
2.1047e-07
1.6755e-07
1.705e-07
1.7345e-07
1.7639e-07
1.7931e-07
1.8223e-07
1.8514e-07
1.8804e-07
1.9092e-07
1.938e-07
1.9666e-07
1.9952e-07
2.0236e-07
2.052e-07
2.0802e-07
2.1083e-07
1.6793e-07
1.7088e-07
1.7382e-07
1.7676e-07
1.7968e-07
1.826e-07
1.8551e-07
1.884e-07
1.9129e-07
1.9416e-07
1.9703e-07
1.9988e-07
2.0272e-07
2.0556e-07
2.0838e-07
1.654e-07
1.6836e-07
1.7132e-07
1.7426e-07
1.772e-07
1.8013e-07
1.8304e-07
1.8595e-07
1.8884e-07
1.9173e-07
1.946e-07
1.9746e-07
2.0031e-07
2.0316e-07
2.0599e-07
2.0881e-07
1.6584e-07
1.688e-07
1.7175e-07
1.747e-07
1.7763e-07
1.8056e-07
1.8056e-07
1.8347e-07
1.8638e-07
1.8927e-07
1.9215e-07
1.9502e-07
1.9788e-07
2.0073e-07
2.0357e-07
2.064e-07
2.0922e-07
1.6627e-07
1.6923e-07
1.7218e-07
1.7512e-07
1.7805e-07
1.8097e-07
1.8389e-07
1.8679e-07
1.8968e-07
1.9256e-07
1.9543e-07
1.9829e-07
-3.1386e-07
-2.2201e-05
-1.1011e-05
-5.264e-06
-1.6285e-06
-2.7748e-07
3.4533e-07
7.2835e-07
8.3457e-07
9.829e-07
9.919e-07
1.0601e-06
1.0553e-06
1.0936e-06
1.0545e-06
1.121e-06
5.3817e-08
3.1701e-08
2.5095e-08
-2.7876e-09
4.5509e-09
1.0453e-08
1.1582e-08
1.1117e-08
8.9848e-09
8.4422e-09
7.9009e-09
7.3609e-09
6.8232e-09
6.2878e-09
7.2653e-09
8.3206e-09
9.3738e-09
1.0424e-08
9.9609e-09
7.8308e-09
6.4801e-09
1.9859e-07
1.0761e-06
1.0756e-06
1.0807e-06
1.0825e-06
1.0843e-06
1.0851e-06
1.0803e-06
1.0789e-06
1.0774e-06
1.0769e-06
1.0787e-06
1.0805e-06
1.0823e-06
1.0841e-06
1.0849e-06
1.0801e-06
1.0786e-06
1.0771e-06
1.0767e-06
1.0785e-06
1.0803e-06
1.082e-06
1.0838e-06
1.0846e-06
1.0831e-06
1.0816e-06
1.0801e-06
1.0786e-06
1.0771e-06
1.0766e-06
1.0784e-06
1.0802e-06
1.082e-06
1.0837e-06
1.0845e-06
1.083e-06
1.0815e-06
1.08e-06
1.0785e-06
1.0769e-06
1.0764e-06
1.0782e-06
1.08e-06
1.0817e-06
1.0835e-06
1.0843e-06
1.0827e-06
1.0812e-06
1.0797e-06
1.0782e-06
1.0776e-06
1.0794e-06
1.0811e-06
1.0829e-06
1.0836e-06
1.0821e-06
1.0806e-06
1.079e-06
1.0775e-06
1.0769e-06
1.0787e-06
1.0804e-06
1.0822e-06
1.0839e-06
1.0847e-06
1.0831e-06
1.0815e-06
1.08e-06
1.0784e-06
1.0769e-06
1.0763e-06
1.0781e-06
1.0798e-06
1.0815e-06
1.0833e-06
1.084e-06
1.0824e-06
1.0809e-06
1.0793e-06
1.0778e-06
1.0772e-06
1.0789e-06
1.0806e-06
1.0824e-06
1.0841e-06
1.0848e-06
1.0833e-06
1.0817e-06
1.0801e-06
1.0785e-06
1.077e-06
1.0764e-06
1.0781e-06
1.0798e-06
1.0816e-06
1.0833e-06
1.0841e-06
1.0825e-06
1.0809e-06
1.0794e-06
1.0778e-06
1.0772e-06
1.079e-06
1.0807e-06
1.0824e-06
1.0841e-06
1.0848e-06
1.0832e-06
1.0816e-06
1.0801e-06
1.0785e-06
1.0769e-06
1.0763e-06
1.078e-06
1.0797e-06
1.0814e-06
1.0831e-06
1.0839e-06
1.0823e-06
1.0807e-06
1.0791e-06
1.0775e-06
1.0769e-06
1.0786e-06
1.0803e-06
1.082e-06
1.0837e-06
1.0844e-06
1.0828e-06
1.0812e-06
1.0796e-06
1.078e-06
1.0774e-06
1.0791e-06
1.0807e-06
1.0824e-06
1.0841e-06
1.0848e-06
1.0831e-06
1.0815e-06
1.0799e-06
1.0783e-06
1.0777e-06
1.0793e-06
1.081e-06
1.0827e-06
1.0843e-06
1.085e-06
1.0833e-06
1.0817e-06
1.0801e-06
1.0784e-06
1.0768e-06
1.0762e-06
1.0778e-06
1.0795e-06
1.0811e-06
1.0828e-06
1.0834e-06
1.0818e-06
1.0802e-06
1.0785e-06
1.0769e-06
1.0763e-06
1.0779e-06
1.0796e-06
1.0812e-06
1.0829e-06
1.0835e-06
1.0819e-06
1.0803e-06
1.0786e-06
1.077e-06
1.0764e-06
1.078e-06
1.0797e-06
1.0813e-06
1.083e-06
1.0837e-06
1.082e-06
1.0804e-06
1.0787e-06
1.0771e-06
1.0765e-06
1.0781e-06
1.0798e-06
1.0814e-06
1.0831e-06
1.0837e-06
1.0821e-06
1.0804e-06
1.0788e-06
1.0772e-06
1.0765e-06
1.0782e-06
1.0798e-06
1.0815e-06
1.0831e-06
1.0838e-06
1.0821e-06
1.0805e-06
1.0788e-06
1.0772e-06
1.0765e-06
1.0782e-06
1.0798e-06
1.0814e-06
1.0831e-06
1.0837e-06
1.0821e-06
1.0804e-06
1.0788e-06
1.0771e-06
1.0765e-06
1.0781e-06
1.0797e-06
1.0814e-06
1.083e-06
1.0836e-06
1.082e-06
1.0803e-06
1.0786e-06
1.077e-06
1.0763e-06
1.078e-06
1.0796e-06
1.0812e-06
1.0828e-06
1.0835e-06
1.0818e-06
1.0801e-06
1.0785e-06
1.0768e-06
1.0762e-06
1.0778e-06
1.0794e-06
1.0811e-06
1.0827e-06
1.0833e-06
1.0817e-06
1.08e-06
1.0783e-06
1.0777e-06
1.0793e-06
1.0809e-06
1.0825e-06
1.0841e-06
1.0848e-06
1.0831e-06
1.0814e-06
1.0797e-06
1.078e-06
1.0773e-06
1.0789e-06
1.0805e-06
1.0821e-06
