139.47
4.0415
2.9692
2.5476
3.3427
4.0058
4.4472
4.7073
4.7062
4.8488
4.9235
4.9232
4.9231
4.9231
4.9612
4.9613
4.9614
4.9617
4.9619
4.962
4.9842
4.9823
4.9818
4.9952
4.9924
4.9917
4.9911
4.9906
4.9904
4.9903
4.9903
4.9903
4.9903
4.9951
4.9951
0.0051477
0.0049207
0.0048955
0.0049078
0.0069666
0.0057575
0.0063904
0.0059277
0.0054173
0.0050866
0.0083815
0.0085716
0.010491
0.0090498
0.0072461
0.0060905
0.0053929
0.0049621
0.0047505
0.0046634
0.0046312
0.0046193
0.0046447
0.0046307
0.0046224
0.0046181
0.0046151
0.0046138
0.0047569
0.0050421
0.0056307
0.0053872
0.0051019
0.0049102
0.0048138
0.0047747
0.0047605
0.0047557
0.0047534
0.0047524
0.0047519
0.0048254
0.0048252
0.0048246
0.0048249
0.0048261
0.0048248
0.0048257
0.0048247
0.0048253
0.0048246
0.0048251
0.0048263
0.0048249
0.0048258
0.0048247
0.0048255
0.0048246
0.0048252
0.0048638
0.0048621
0.0048621
0.0048622
0.0048623
0.0048624
0.0048625
0.0048626
0.004862
0.0048623
0.0048634
0.0048622
0.004863
0.0048621
0.0048627
0.004862
0.0048624
0.0048636
0.0048622
0.0048632
0.0048621
0.0048628
0.004862
0.0048625
0.0048624
0.0048623
0.0048622
0.0048622
0.0048621
0.0048621
0.004862
0.004862
0.004862
0.0048621
0.0048621
0.0048622
0.0048622
0.0048623
0.0048624
0.0048625
0.004862
0.0048623
0.0048634
0.0048622
0.004863
0.0048621
0.0048627
0.004862
0.0048625
0.0048637
0.0048623
0.0048632
0.0048621
0.0048629
0.004862
0.0048626
0.0048625
0.0048624
0.0048623
0.0048622
0.0048621
0.0048621
0.004862
0.004862
0.004862
0.0048621
0.0048621
0.0048621
0.0048622
0.0048623
0.0048624
0.0048626
0.0048626
0.0048622
0.0048624
0.0048634
0.0048622
0.004863
0.0048621
0.0048627
0.004862
0.0048624
0.0048636
0.0048622
0.0048632
0.0048621
0.0048629
0.004862
0.0048626
0.0048624
0.0048623
0.0048623
0.0048622
0.0048621
0.0048621
0.0048621
0.004862
0.004862
0.0048621
0.0048621
0.0048621
0.0048622
0.0048623
0.0048624
0.0048625
0.0048626
0.0048621
5.3645e-05
5.7146e-05
5.9672e-05
6.0501e-05
0.00012242
3.7049e-05
9.4481e-05
2.5633e-05
7.7926e-05
7.0442e-05
2.9437e-05
5.5403e-05
0.00011398
4.034e-05
9.6926e-05
2.9876e-05
8.0596e-05
6.1541e-05
5.3143e-05
4.4832e-05
5.0101e-05
4.2407e-05
3.6538e-05
3.0751e-05
2.9741e-05
2.8914e-05
3.083e-05
3.4808e-05
4.0237e-05
4.6608e-05
5.358e-05
6.0943e-05
1.3568e-05
6.6925e-05
0.00012762
4.8447e-05
0.00010926
3.0095e-05
9.166e-05
1.3345e-05
7.4127e-05
6.5231e-05
5.664e-05
4.7717e-05
3.9267e-05
3.0382e-05
2.2318e-05
1.3741e-05
8.437e-06
8.2677e-06
1.5972e-05
2.3567e-05
3.2303e-05
4.6751e-05
5.1766e-05
5.8204e-05
6.5879e-05
7.6066e-05
2.1118e-05
5.6387e-05
0.00011562
3.7217e-05
9.7757e-05
1.9644e-05
8.0253e-05
7.0409e-06
6.2863e-05
0.00012436
4.5282e-05
0.00010665
2.8e-05
8.8985e-05
1.2107e-05
7.1376e-05
6.2747e-05
5.3796e-05
4.5257e-05
3.6339e-05
2.8081e-05
1.9333e-05
1.2384e-05
6.9838e-06
1.1694e-05
1.8416e-05
2.7064e-05
3.5194e-05
4.3977e-05
5.235e-05
6.111e-05
6.9556e-05
1.1361e-05
5.5246e-05
0.00011679
3.786e-05
9.9103e-05
2.0919e-05
8.1464e-05
8.4417e-06
6.3904e-05
0.0001256
4.6266e-05
0.00010787
2.8863e-05
9.0188e-05
1.2563e-05
7.2593e-05
6.3632e-05
5.4786e-05
4.6214e-05
3.7349e-05
2.9098e-05
2.0402e-05
1.2474e-05
8.3106e-06
1.0381e-05
1.823e-05
2.5937e-05
3.4684e-05
4.2932e-05
5.1462e-05
6.0189e-05
6.867e-05
1.0938e-05
5.6212e-05
0.00011773
3.8858e-05
0.00010005
2.1559e-05
8.2481e-05
8.0535e-06
6.4989e-05
0.00012643
4.72e-05
0.00010873
2.9829e-05
9.1084e-05
1.3585e-05
7.3343e-05
6.4639e-05
5.5748e-05
4.6984e-05
3.8479e-05
2.9746e-05
2.1364e-05
1.4042e-05
8.2923e-06
1.0247e-05
1.7533e-05
2.5275e-05
3.365e-05
4.2297e-05
5.0722e-05
5.9294e-05
6.7967e-05
9.9929e-06
5.7097e-05
0.00011866
3.9637e-05
0.00010092
2.2879e-05
8.329e-05
8.983e-06
6.5835e-05
0.00012727
4.8129e-05
0.00010957
3.0799e-05
9.1822e-05
1.4954e-05
7.4222e-05
6.5374e-05
5.6675e-05
4.8111e-05
3.9776e-05
3.1729e-05
2.421e-05
1.7842e-05
1.4311e-05
1.5624e-05
2.0876e-05
2.7922e-05
3.571e-05
4.3839e-05
5.2145e-05
6.0549e-05
6.9009e-05
1.6638e-05
5.8683e-05
0.00011934
4.1763e-05
0.0001017
2.6141e-05
8.417e-05
1.5982e-05
6.6629e-05
0.00012734
4.9196e-05
0.00010939
3.2567e-05
9.1541e-05
1.8892e-05
7.3852e-05
6.5011e-05
5.6302e-05
4.7726e-05
3.9361e-05
3.1363e-05
2.4088e-05
1.8394e-05
1.6036e-05
1.8324e-05
2.3944e-05
3.1128e-05
3.9011e-05
4.7235e-05
5.5641e-05
6.4151e-05
7.2723e-05
1.8838e-05
5.5105e-05
0.00011538
3.8209e-05
9.7536e-05
2.3218e-05
7.9826e-05
1.6417e-05
6.2341e-05
0.00012283
4.5095e-05
0.00010491
2.8988e-05
8.7108e-05
1.7379e-05
6.9501e-05
6.054e-05
5.1915e-05
4.3463e-05
3.5299e-05
2.7667e-05
2.113e-05
1.6983e-05
1.7042e-05
2.1251e-05
2.7772e-05
3.5333e-05
4.3386e-05
5.1691e-05
6.0139e-05
6.8667e-05
1.7446e-05
5.9139e-05
0.00011949
4.2073e-05
0.00010163
2.6457e-05
8.3885e-05
1.6757e-05
6.6152e-05
0.00012658
4.8585e-05
0.00010841
3.1967e-05
9.0355e-05
1.8892e-05
7.2478e-05
6.1835e-05
5.2114e-05
4.268e-05
3.398e-05
2.4558e-05
1.6311e-05
9.6824e-06
1.1691e-05
1.5531e-05
2.2791e-05
3.143e-05
4.0233e-05
4.913e-05
5.8018e-05
6.6884e-05
7.573e-05
1.6963e-05
4.9774e-05
0.00011063
3.2316e-05
9.2069e-05
1.281e-05
7.3854e-05
7.3106e-06
5.5737e-05
0.0001172
3.7405e-05
9.8892e-05
2.0441e-05
8.0588e-05
6.7003e-06
6.2393e-05
0.00012393
4.4582e-05
0.00010558
2.6466e-05
8.7576e-05
8.8872e-06
6.9337e-05
0.00013058
5.1023e-05
0.00011244
3.2688e-05
9.4132e-05
1.6164e-05
7.5829e-05
7.855e-06
5.764e-05
0.00011918
3.9906e-05
0.00010084
2.1905e-05
8.2871e-05
5.5819e-06
6.4651e-05
0.00012588
4.6363e-05
0.00010777
2.8065e-05
8.9469e-05
1.2306e-05
7.1181e-05
6.218e-05
5.2849e-05
4.4002e-05
3.5305e-05
2.5822e-05
1.7578e-05
1.0728e-05
5.0963e-06
1.2634e-05
2.014e-05
2.9348e-05
3.8439e-05
4.6874e-05
5.5962e-05
6.4983e-05
7.3565e-05
3.2119e-05
2.4534e-05
1.8351e-05
1.526e-05
1.6983e-05
2.0215e-05
2.7708e-05
3.5903e-05
4.4375e-05
5.2973e-05
6.1633e-05
7.0327e-05
7.9037e-05
2.7378e-05
1.856e-05
1.0045e-05
4.3007e-06
9.8192e-06
1.8278e-05
2.7035e-05
3.5862e-05
4.471e-05
5.3561e-05
6.2339e-05
7.1106e-05
3.0873e-05
2.2097e-05
1.3511e-05
5.9397e-06
6.769e-06
1.4613e-05
2.3189e-05
3.1903e-05
4.0656e-05
4.9421e-05
5.8185e-05
6.6942e-05
7.5693e-05
5.7338e-05
4.8433e-05
3.9561e-05
3.074e-05
2.2022e-05
1.3588e-05
6.5901e-06
7.7904e-06
1.535e-05
2.3824e-05
3.249e-05
4.1219e-05
4.9969e-05
5.8725e-05
6.7478e-05
7.6223e-05
5.6824e-05
4.792e-05
3.9051e-05
3.0234e-05
2.1526e-05
1.3126e-05
6.3449e-06
8.1625e-06
1.5832e-05
2.4324e-05
3.2996e-05
4.1727e-05
5.0478e-05
5.9234e-05
6.7986e-05
7.6731e-05
5.6319e-05
4.7416e-05
3.8549e-05
2.9737e-05
2.1007e-05
1.2608e-05
6.0765e-06
8.636e-06
1.6468e-05
2.5022e-05
3.3741e-05
4.2516e-05
5.131e-05
6.0106e-05
6.8899e-05
7.7684e-05
5.5328e-05
4.6387e-05
3.7482e-05
2.8636e-05
1.992e-05
1.1604e-05
5.7395e-06
9.5387e-06
1.7553e-05
2.6145e-05
3.4879e-05
4.3661e-05
5.2458e-05
6.1257e-05
7.005e-05
7.8835e-05
5.4181e-05
4.5247e-05
3.6349e-05
2.7516e-05
1.8827e-05
1.0619e-05
5.6059e-06
1.0477e-05
1.8629e-05
2.725e-05
3.5991e-05
4.4775e-05
5.3572e-05
6.237e-05
7.1162e-05
6.1823e-05
5.2861e-05
4.3925e-05
3.5028e-05
2.6205e-05
1.7552e-05
9.513e-06
5.7628e-06
1.1647e-05
1.9924e-05
2.8572e-05
3.7325e-05
4.6113e-05
5.4912e-05
6.371e-05
7.2504e-05
6.0488e-05
5.153e-05
4.2599e-05
3.3712e-05
2.4907e-05
1.6299e-05
1.6299e-05
8.4778e-06
6.1913e-06
1.2818e-05
2.119e-05
2.9861e-05
3.8621e-05
4.7412e-05
5.621e-05
6.5007e-05
7.3794e-05
5.9199e-05
5.0247e-05
4.1323e-05
3.2446e-05
2.3659e-05
1.5103e-05
7.5658e-06
6.82e-06
1.397e-05
2.2417e-05
3.1108e-05
3.9873e-05
4.852e-05
0.067283
0.033658
0.016698
0.0083589
0.0041206
0.0020693
0.00090594
0.00051205
0.0001333
8.7043e-05
5.2496e-05
2.7367e-05
7.4137e-05
6.1047e-06
9.8075e-05
0.00020654
0.00010511
7.4367e-05
4.897e-05
1.6632e-05
1.1841e-05
1.6069e-05
1.3827e-05
6.4667e-06
5.6942e-06
5.8948e-06
6.9781e-06
8.6061e-06
1.0524e-05
7.0202e-06
5.6501e-06
7.6491e-06
1.1349e-05
9.3297e-06
5.9624e-06
7.1425e-06
0.00084114
1.1795e-05
8.7458e-06
6.7271e-06
9.7765e-06
1.3317e-05
1.055e-05
5.7573e-06
7.251e-06
9.5893e-06
6.969e-06
5.9595e-06
7.2507e-06
9.9783e-06
1.3272e-05
1.0514e-05
6.3098e-06
7.8178e-06
1.0142e-05
7.4175e-06
6.113e-06
7.0503e-06
9.583e-06
1.2784e-05
1.0058e-05
7.7377e-06
6.2917e-06
6.3484e-06
7.8678e-06
1.0207e-05
7.4812e-06
6.1332e-06
6.9926e-06
9.464e-06
1.2619e-05
9.8862e-06
7.589e-06
6.2342e-06
6.4417e-06
8.0875e-06
1.0507e-05
7.72e-06
6.1812e-06
6.7821e-06
9.0959e-06
1.217e-05
9.4646e-06
7.2675e-06
6.1455e-06
6.6641e-06
8.5238e-06
6.4765e-06
6.3304e-06
8.1704e-06
1.1033e-05
8.4691e-06
6.6205e-06
6.1618e-06
7.3532e-06
9.5943e-06
7.1029e-06
6.118e-06
7.2637e-06
9.8104e-06
1.2943e-05
1.0114e-05
7.7156e-06
6.2592e-06
6.426e-06
8.1059e-06
1.0591e-05
6.9386e-06
4.1815e-06
4.1671e-06
6.9349e-06
1.0371e-05
7.0978e-06
4.0193e-06
2.1834e-06
4.0044e-06
7.057e-06
3.654e-06
2.1942e-06
4.8893e-06
8.3878e-06
1.1994e-05
9.7911e-06
9.4887e-06
6.5091e-06
9.1833e-06
8.6979e-06
1.2813e-05
8.8423e-06
9.9404e-06
8.0558e-06
1.1836e-05
1.135e-05
7.2837e-06
4.2177e-06
2.4965e-06
4.231e-06
7.2427e-06
3.832e-06
2.1884e-06
4.7373e-06
8.2082e-06
1.1799e-05
8.4617e-06
5.221e-06
2.4885e-06
2.8985e-06
5.8101e-06
9.0582e-06
5.525e-06
2.5122e-06
3.0366e-06
6.255e-06
9.7831e-06
6.4722e-06
3.4077e-06
2.1892e-06
4.6227e-06
7.8267e-06
4.3884e-06
2.064e-06
4.0062e-06
7.3775e-06
1.0916e-05
7.5566e-06
4.3445e-06
2.1033e-06
3.7057e-06
6.8338e-06
3.5287e-06
2.1885e-06
4.8442e-06
8.2619e-06
1.1781e-05
8.37e-06
5.0632e-06
2.3557e-06
3.1302e-06
6.1846e-06
3.0286e-06
2.4641e-06
5.3575e-06
8.7629e-06
1.2249e-05
8.7932e-06
5.4281e-06
2.5474e-06
2.8975e-06
5.9206e-06
9.2854e-06
5.8461e-06
2.7977e-06
2.6464e-06
5.6214e-06
9.0189e-06
5.6394e-06
2.6899e-06
2.7418e-06
5.7061e-06
9.062e-06
5.6322e-06
2.6475e-06
2.7967e-06
5.8352e-06
9.2416e-06
5.8525e-06
2.8412e-06
2.597e-06
5.4937e-06
8.8397e-06
5.4201e-06
2.5098e-06
2.9568e-06
6.0497e-06
9.4645e-06
6.0667e-06
3.003e-06
2.4733e-06
5.2943e-06
8.6342e-06
5.2289e-06
2.3989e-06
3.103e-06
6.2289e-06
9.6436e-06
6.2319e-06
3.1199e-06
2.385e-06
5.1586e-06
8.503e-06
5.1165e-06
2.3438e-06
3.1755e-06
6.3076e-06
9.7121e-06
6.2836e-06
3.1538e-06
2.3797e-06
5.1536e-06
8.5106e-06
5.1357e-06
2.3607e-06
3.1379e-06
6.2499e-06
9.6393e-06
6.1992e-06
3.0771e-06
2.4334e-06
5.2633e-06
8.6391e-06
5.2693e-06
2.4431e-06
3.0109e-06
6.0769e-06
9.4479e-06
6.0027e-06
2.917e-06
2.5652e-06
5.4917e-06
8.8921e-06
5.5219e-06
2.6088e-06
2.802e-06
5.7902e-06
9.1409e-06
5.7038e-06
2.6982e-06
2.7696e-06
5.7975e-06
9.2116e-06
5.8275e-06
2.8223e-06
2.5894e-06
5.4842e-06
8.8207e-06
5.3988e-06
2.5004e-06
2.9993e-06
6.1062e-06
3.0349e-06
2.4072e-06
5.1745e-06
8.4791e-06
1.1868e-05
8.3244e-06
4.8993e-06
2.2198e-06
3.4798e-06
6.7357e-06
3.5872e-06
2.1154e-06
4.4673e-06
7.6842e-06
