557.84
6.9138
5.3279
5.0406
3.3349
2.0003
1.1112
0.58827
0.58826
0.30304
0.15385
0.15385
0.15385
0.15385
0.07752
0.077522
0.077526
0.077529
0.077531
0.077533
0.038921
0.038918
0.038917
0.019501
0.019498
0.019495
0.019493
0.019493
0.019492
0.019492
0.019492
0.019492
0.019492
0.0097554
0.0097554
9.9539e-06
1.9347e-05
3.8488e-05
6.9494e-05
0.00012249
0.00019882
0.00018777
0.00016763
0.0001575
0.00038141
0.00080683
0.0013177
0.0011762
0.00089138
0.00075394
0.00066818
0.00061501
0.00059064
0.00058069
0.00057728
0.00057579
0.00057912
0.00057731
0.00057622
0.00057565
0.00057533
0.00057518
0.00057509
0.00031807
0.00035059
0.00034548
0.00032081
0.00030888
0.00030347
0.00030126
0.00030057
0.0003002
0.00030011
0.0003
0.00029999
0.00029998
0.00014999
0.00015001
0.00015
0.00015
0.00015001
0.00015
0.00015001
0.00015
0.00015
0.00015
0.00015
0.00015
0.00015
0.00015
0.00015
0.00015
0.00015
0.00015002
7.6559e-05
7.6558e-05
7.6558e-05
7.6558e-05
7.6558e-05
7.6558e-05
7.6558e-05
7.6565e-05
7.6563e-05
7.6563e-05
7.6565e-05
7.6563e-05
7.6565e-05
7.6563e-05
7.6565e-05
7.6563e-05
7.6563e-05
7.6565e-05
7.6563e-05
7.6565e-05
7.6563e-05
7.6565e-05
7.6563e-05
7.6572e-05
7.6558e-05
7.6558e-05
7.6558e-05
7.6558e-05
7.6558e-05
7.6558e-05
7.6558e-05
7.6558e-05
7.6558e-05
7.6558e-05
7.6558e-05
7.6558e-05
7.6558e-05
7.6558e-05
7.6558e-05
7.6565e-05
7.6563e-05
7.6563e-05
7.6565e-05
7.6563e-05
7.6565e-05
7.6563e-05
7.6565e-05
7.6563e-05
7.6563e-05
7.6565e-05
7.6563e-05
7.6565e-05
7.6563e-05
7.6565e-05
7.6563e-05
7.6572e-05
7.6558e-05
7.6558e-05
7.6558e-05
7.6558e-05
7.6558e-05
7.6558e-05
7.6558e-05
7.6558e-05
7.6558e-05
7.6558e-05
7.6558e-05
7.6558e-05
7.6558e-05
7.6558e-05
7.656e-05
7.6559e-05
7.6567e-05
7.6564e-05
7.6564e-05
7.6565e-05
7.6563e-05
7.6565e-05
7.6563e-05
7.6565e-05
7.6563e-05
7.6563e-05
7.6565e-05
7.6563e-05
7.6565e-05
7.6563e-05
7.6565e-05
7.6563e-05
7.6572e-05
7.6558e-05
7.6558e-05
7.6558e-05
7.6558e-05
7.6558e-05
7.6558e-05
7.6558e-05
7.6558e-05
7.6558e-05
7.6558e-05
7.6558e-05
7.6558e-05
7.6558e-05
7.6558e-05
7.6558e-05
7.6558e-05
7.6565e-05
7.6563e-05
9.8003e-07
1.9516e-06
3.8953e-06
7.7826e-06
7.7753e-06
1.5944e-05
1.5939e-05
1.5801e-05
2.3703e-05
1.8042e-05
1.5795e-05
1.5801e-05
1.6187e-05
1.5794e-05
1.5795e-05
1.5795e-05
2.397e-05
3.6795e-06
3.6689e-06
3.6701e-06
5.1212e-06
3.6402e-06
5.1309e-06
4.6618e-06
5.7805e-06
5.702e-06
5.7027e-06
5.7048e-06
5.7084e-06
5.7144e-06
5.7208e-06
1.8579e-05
1.6022e-05
1.6047e-05
1.5779e-05
1.5664e-05
1.564e-05
1.5517e-05
1.5651e-05
1.5512e-05
2.3607e-05
2.4376e-06
3.1972e-06
2.4036e-06
3.1749e-06
2.375e-06
3.1581e-06
2.3559e-06
3.1494e-06
2.3492e-06
3.1498e-06
2.3563e-06
6.771e-06
5.1235e-06
4.7013e-06
3.5889e-06
6.219e-06
1.8295e-05
1.6582e-05
1.6048e-05
1.593e-05
1.568e-05
1.5738e-05
1.5566e-05
1.5696e-05
1.553e-05
1.5677e-05
1.5507e-05
1.5649e-05
1.5504e-05
1.5643e-05
1.5507e-05
1.564e-05
2.3509e-05
3.2139e-06
2.4215e-06
3.1919e-06
2.3926e-06
3.1709e-06
2.3702e-06
3.159e-06
2.3593e-06
3.1562e-06
2.3621e-06
3.1636e-06
2.3785e-06
3.1811e-06
2.4097e-06
3.2089e-06
1.7834e-05
1.566e-05
1.5651e-05
1.5501e-05
1.5657e-05
1.5504e-05
1.5642e-05
1.5509e-05
1.5641e-05
1.5509e-05
1.5646e-05
1.5503e-05
1.5649e-05
1.55e-05
1.5653e-05
1.5499e-05
2.3607e-05
3.22e-06
2.4216e-06
3.2605e-06
2.3884e-06
3.2353e-06
3.1749e-06
2.3561e-06
3.2256e-06
2.3506e-06
3.2199e-06
2.3609e-06
3.229e-06
3.1837e-06
2.3976e-06
3.2734e-06
1.7832e-05
1.566e-05
1.5654e-05
1.5501e-05
1.5658e-05
1.5644e-05
1.5499e-05
1.5659e-05
1.5498e-05
1.5663e-05
1.5637e-05
1.5503e-05
1.5651e-05
1.5499e-05
1.5654e-05
1.5643e-05
2.3508e-05
3.2939e-06
3.2372e-06
2.4086e-06
3.2573e-06
3.2097e-06
2.3689e-06
3.2356e-06
3.195e-06
2.3559e-06
3.2341e-06
3.2009e-06
2.3739e-06
3.2535e-06
3.2305e-06
2.4218e-06
1.7972e-05
1.5655e-05
1.5511e-05
1.5652e-05
1.5652e-05
1.5504e-05
1.5656e-05
1.5652e-05
1.5499e-05
1.5666e-05
1.5642e-05
1.5504e-05
1.5653e-05
1.565e-05
1.5507e-05
1.5655e-05
2.3605e-05
4.3025e-06
3.7279e-06
3.6931e-06
3.6822e-06
3.6823e-06
3.6874e-06
3.6916e-06
3.6978e-06
3.705e-06
3.7125e-06
3.7203e-06
3.7306e-06
3.7419e-06
3.755e-06
3.7679e-06
1.807e-05
1.5765e-05
1.577e-05
1.5752e-05
1.5762e-05
1.5754e-05
1.5758e-05
1.5733e-05
1.573e-05
1.574e-05
1.5718e-05
1.5731e-05
1.572e-05
1.5727e-05
1.5725e-05
1.5726e-05
2.3656e-05
3.8102e-06
3.7973e-06
3.7866e-06
3.7761e-06
3.7672e-06
3.7603e-06
3.7557e-06
3.7531e-06
3.7529e-06
3.7546e-06
3.7588e-06
3.765e-06
3.7743e-06
3.7857e-06
3.7994e-06
1.8075e-05
1.5735e-05
1.5739e-05
1.5722e-05
1.573e-05
1.5724e-05
1.5727e-05
1.5729e-05
1.5726e-05
1.5736e-05
1.5719e-05
1.573e-05
1.5721e-05
1.5727e-05
1.5726e-05
1.5725e-05
2.3656e-05
3.8028e-06
3.7906e-06
3.7797e-06
3.7705e-06
3.7626e-06
3.7574e-06
3.7538e-06
3.7526e-06
3.7534e-06
3.7565e-06
3.7615e-06
3.7692e-06
3.7793e-06
3.792e-06
1.8075e-05
1.5734e-05
1.574e-05
1.5721e-05
1.5731e-05
1.5722e-05
1.5727e-05
1.5701e-05
1.5699e-05
1.5708e-05
1.5687e-05
1.57e-05
1.5689e-05
1.5696e-05
1.5693e-05
1.5694e-05
2.3635e-05
3.7538e-06
3.2143e-06
2.5112e-06
3.2265e-06
2.4592e-06
2.4947e-06
3.208e-06
3.1686e-06
3.206e-06
4.2815e-06
3.7178e-06
3.7083e-06
3.7217e-06
3.7444e-06
3.7715e-06
1.807e-05
1.5696e-05
1.5701e-05
1.5686e-05
1.5681e-05
1.5567e-05
1.5441e-05
1.5581e-05
1.5438e-05
1.5453e-05
1.5571e-05
1.5443e-05
1.5452e-05
1.5578e-05
1.545e-05
1.5576e-05
1.5448e-05
1.5445e-05
1.5582e-05
1.5443e-05
1.5449e-05
1.5578e-05
1.5441e-05
1.5589e-05
1.5438e-05
1.5451e-05
1.5572e-05
1.5442e-05
1.5453e-05
1.5578e-05
1.5452e-05
1.5576e-05
1.5447e-05
1.5446e-05
1.5581e-05
1.5444e-05
1.5448e-05
1.558e-05
1.544e-05
1.5587e-05
1.5438e-05
1.545e-05
1.5573e-05
1.5441e-05
1.5455e-05
1.5577e-05
2.347e-05
3.2699e-06
2.51e-06
2.5351e-06
3.2337e-06
2.4749e-06
2.5138e-06
3.212e-06
2.4603e-06
3.2007e-06
2.4416e-06
2.4928e-06
3.2209e-06
2.4872e-06
2.5526e-06
3.2647e-06
2.5531e-06
4.8639e-06
4.9732e-06
5.0955e-06
5.209e-06
6.5404e-06
4.5735e-06
4.5834e-06
4.6261e-06
4.6832e-06
4.7447e-06
4.8086e-06
4.8802e-06
4.8637e-06
9.2562e-06
9.2808e-06
9.3181e-06
9.3629e-06
9.4089e-06
9.4613e-06
9.5154e-06
9.5729e-06
9.6474e-06
9.6481e-06
9.7153e-06
9.7741e-06
1.8394e-05
1.8463e-05
1.8531e-05
1.8603e-05
1.8677e-05
1.8757e-05
1.8847e-05
1.8956e-05
1.908e-05
1.922e-05
1.9402e-05
1.957e-05
1.9531e-05
1.9328e-05
1.9183e-05
1.9111e-05
1.9053e-05
1.8999e-05
1.8957e-05
1.8934e-05
1.8933e-05
1.8955e-05
1.9002e-05
1.9075e-05
1.9171e-05
1.9289e-05
1.9457e-05
1.963e-05
1.954e-05
1.9339e-05
1.9191e-05
1.9113e-05
1.905e-05
1.8994e-05
1.8958e-05
1.8937e-05
1.8936e-05
1.8957e-05
1.9008e-05
1.9079e-05
1.9176e-05
1.9294e-05
1.9463e-05
1.9651e-05
1.9549e-05
1.9328e-05
1.9187e-05
1.911e-05
1.9108e-05
1.9046e-05
1.9016e-05
1.9001e-05
1.9009e-05
1.9036e-05
1.9091e-05
1.9164e-05
1.9275e-05
1.9406e-05
1.9557e-05
1.9729e-05
1.9601e-05
1.9396e-05
1.927e-05
1.9182e-05
1.9109e-05
1.9063e-05
1.9034e-05
1.9017e-05
1.902e-05
1.9049e-05
1.9101e-05
1.9172e-05
1.9284e-05
1.942e-05
1.9586e-05
1.9776e-05
1.9613e-05
1.9358e-05
1.9248e-05
1.9164e-05
1.9104e-05
1.9055e-05
1.9026e-05
1.9012e-05
1.9019e-05
1.9049e-05
1.9107e-05
1.9189e-05
1.9293e-05
1.9443e-05
1.959e-05
1.9701e-05
1.9486e-05
1.9362e-05
1.9271e-05
1.9183e-05
1.9124e-05
1.9078e-05
1.904e-05
1.9025e-05
1.903e-05
1.9065e-05
1.9119e-05
1.9197e-05
1.9318e-05
1.9461e-05
1.9634e-05
1.9676e-05
1.9472e-05
1.9343e-05
1.9247e-05
1.9163e-05
1.9106e-05
1.9064e-05
1.9034e-05
1.9021e-05
1.9036e-05
1.9072e-05
1.9131e-05
1.9214e-05
1.934e-05
1.9492e-05
1.9643e-05
1.9663e-05
1.9431e-05
1.9317e-05
1.9223e-05
1.9156e-05
1.9095e-05
1.9052e-05
1.9026e-05
1.9018e-05
1.9033e-05
1.9074e-05
1.9143e-05
1.923e-05
0.13465
0.067246
0.033427
0.016735
0.0082463
0.0041398
0.0018756
0.00097812
0.00033261
0.00019474
7.546e-05
4.7635e-05
0.00012663
8.8093e-05
0.00020785
0.0002536
8.3402e-05
9.202e-05
3.9255e-05
2.4495e-05
2.0391e-05
1.4113e-05
9.1007e-06
8.1631e-06
4.062e-06
4.0504e-06
4.0428e-06
4.0367e-06
4.034e-06
8.137e-06
5.7086e-06
5.7037e-06
5.7023e-06
9.0754e-06
8.1402e-06
4.0252e-06
0.00084546
1.272e-05
1.8504e-05
1.7302e-05
9.5794e-06
9.5981e-06
1.7127e-05
1.6601e-05
8.7656e-06
8.8343e-06
1.67e-05
1.001e-05
1.0043e-05
1.0064e-05
1.009e-05
1.7355e-05
1.6814e-05
9.0903e-06
9.0862e-06
1.6805e-05
1.0094e-05
1.0094e-05
1.0102e-05
1.0101e-05
1.7361e-05
9.1762e-06
9.1613e-06
9.1473e-06
9.1387e-06
9.1333e-06
1.6831e-05
1.0071e-05
1.0069e-05
1.0066e-05
1.0071e-05
1.7335e-05
9.2203e-06
9.202e-06
9.1914e-06
9.1822e-06
9.177e-06
1.6854e-05
1.0025e-05
1.0023e-05
1.002e-05
1.0015e-05
1.731e-05
9.2453e-06
9.2382e-06
9.2278e-06
9.2188e-06
1.6879e-05
9.9666e-06
9.9684e-06
9.9736e-06
1.7286e-05
9.2805e-06
9.2685e-06
9.2559e-06
9.2504e-06
1.6896e-05
9.9435e-06
9.9451e-06
9.9436e-06
9.9524e-06
1.7268e-05
9.3415e-06
9.3191e-06
9.3015e-06
9.2923e-06
9.2842e-06
1.66e-05
8.5514e-06
8.1578e-06
7.8634e-06
7.697e-06
1.6039e-05
6.8156e-06
6.766e-06
6.7385e-06
6.7191e-06
1.5649e-05
7.4473e-06
7.4387e-06
7.4382e-06
7.4371e-06
1.8844e-05
1.2876e-05
2.0402e-05
1.4004e-05
2.0508e-05
1.4285e-05
2.4991e-05
1.4791e-05
2.0872e-05
1.489e-05
2.0616e-05
1.7725e-05
7.1061e-06
6.9502e-06
6.8513e-06
6.7882e-06
1.5668e-05
7.4449e-06
7.4302e-06
7.4236e-06
7.4192e-06
1.5946e-05
6.8473e-06
6.833e-06
6.818e-06
6.8091e-06
6.8036e-06
1.5683e-05
7.3724e-06
7.3643e-06
7.3537e-06
7.3567e-06
1.5925e-05
6.8642e-06
6.8542e-06
6.8413e-06
6.8369e-06
1.57e-05
7.327e-06
7.3229e-06
7.3166e-06
7.3144e-06
1.5906e-05
6.9073e-06
6.9043e-06
6.8952e-06
6.8862e-06
1.5722e-05
7.2646e-06
7.2643e-06
7.2624e-06
7.2611e-06
1.5874e-05
6.9992e-06
6.9862e-06
6.9721e-06
6.9634e-06
1.5757e-05
7.1855e-06
7.1789e-06
7.1798e-06
7.1803e-06
1.5839e-05
7.0767e-06
7.0636e-06
7.0495e-06
7.0407e-06
7.0322e-06
1.5781e-05
7.1489e-06
7.1426e-06
7.1358e-06
7.1369e-06
1.5825e-05
7.0588e-06
7.0497e-06
7.0408e-06
7.0319e-06
1.5781e-05
7.1488e-06
7.1426e-06
7.1359e-06
7.1369e-06
1.5825e-05
7.0588e-06
7.0498e-06
7.0408e-06
7.0319e-06
1.5781e-05
7.1488e-06
7.1426e-06
7.1359e-06
7.1369e-06
1.5825e-05
7.0701e-06
7.0603e-06
7.0473e-06
7.0403e-06
1.5785e-05
7.1401e-06
7.134e-06
7.1332e-06
7.1242e-06
1.5818e-05
7.0837e-06
7.0726e-06
7.0651e-06
7.0656e-06
1.5796e-05
7.1142e-06
7.1082e-06
7.1076e-06
7.0986e-06
1.5808e-05
7.1214e-06
7.1117e-06
7.0988e-06
7.0918e-06
1.5808e-05
7.0887e-06
7.0811e-06
7.0706e-06
7.0743e-06
1.5797e-05
7.1467e-06
7.1275e-06
7.118e-06
7.106e-06
1.5819e-05
7.0632e-06
7.0551e-06
7.0446e-06
7.0484e-06
1.5786e-05
7.1722e-06
7.1532e-06
7.1438e-06
7.1318e-06
1.5831e-05
7.0375e-06
7.0309e-06
7.0241e-06
7.0254e-06
1.5776e-05
7.1701e-06
7.1613e-06
7.1524e-06
7.1436e-06
1.5831e-05
7.0373e-06
7.0309e-06
7.0242e-06
7.0255e-06
1.5776e-05
7.1701e-06
7.1613e-06
7.1524e-06
1.584e-05
6.996e-06
6.9925e-06
6.9963e-06
6.985e-06
1.576e-05
7.265e-06
7.2548e-06
7.2381e-06
7.2297e-06
1.5876e-05
6.9193e-06
6.9124e-06
6.914e-06
6.915e-06
