19.998
0.64844
0.40076
0.39124
0.20284
0.12101
0.14885
0.19572
0.22383
0.23338
0.23509
0.23697
0.24136
0.24706
0.25226
0.25589
0.25781
0.2584
0.258
0.25695
0.25529
0.2531
0.25034
0.24702
0.24311
0.23863
0.23356
0.22781
0.22137
0.21412
0.206
0.19682
0.18641
0.17449
0.16075
0.14471
0.12577
0.10312
0.075865
0.043438
0.010766
-0.0098269
-0.018352
-0.017854
-0.012787
-0.010221
-0.0086108
-0.0075484
-0.0068672
-0.0038926
-0.0029548
-0.0024506
-0.0021397
-0.0019444
-0.00182
-0.0017403
-0.0016894
-0.0016555
-0.0016334
-0.0016195
-0.0016106
-0.0016043
-0.00096364
-0.00081144
-0.00073228
-0.00067894
-0.00064056
-0.00061336
-0.00059274
-0.00057684
-0.00056637
-0.00055756
-0.00055086
-0.00054626
-0.00054258
-0.00054019
-0.00053753
-0.00053596
-0.00053427
-0.00053308
-0.00053186
-0.00053125
-0.00053086
-0.00053054
-0.00053028
-0.00053004
-0.00053026
-0.00053016
-0.00052998
-0.00053022
-0.00053065
-0.00053084
-0.00053045
-0.00053068
-0.00053056
-0.00053112
-0.00053088
-0.00053016
-0.00052998
-0.00052997
-0.00052956
-0.00052848
-0.00052789
-0.00052748
-0.00052772
-0.00052719
-0.00052716
-0.00052747
-0.00052786
-0.00052812
-0.00052783
-0.00052835
-0.00052915
-0.00052998
-0.00053059
-0.00053084
-0.00053098
-0.00053114
-0.00053052
-0.00052991
-0.00052978
-0.00052979
-0.00052984
-0.00052991
-0.00052952
-0.00052948
-0.00052954
-0.00052962
-0.0005297
-0.00052978
-0.00052985
-0.00052947
-0.00052995
-0.00052968
-0.00052966
-0.00052971
-0.00052978
-0.00052985
-0.00052947
-0.00052943
-0.00052949
-0.00052958
-0.00052966
-0.00052974
-0.00053008
-0.00052976
-0.00052972
-0.00053003
-0.0005297
-0.00052967
-0.00052997
-0.00052966
-0.00052962
-0.00052967
-0.00052974
-0.00052982
-0.00053014
-0.00053008
-0.00052965
-0.00052959
-0.00052963
-0.0005297
-0.00052978
-0.00052985
-0.00052947
-0.00052943
-0.00052975
-0.00052945
-0.00052943
-0.0005295
-0.00052958
-0.00052967
-0.00052975
-0.00052982
-0.0005299
-0.00052952
-0.00052947
-0.00052953
-0.00052987
-0.00052982
-0.00031846
-0.00026963
-0.00024324
-0.00022562
-0.0002127
-0.00020407
-0.00019821
-0.0001936
-0.00018992
-0.00018746
-0.00018543
-0.0001833
-0.00018197
-0.00018132
-0.00018064
-0.00017974
-0.00017919
-0.00017878
-0.00017837
-0.00017798
