1.1,1.1,19.998,-0.01,3.8733,-0.00038737,13.638
1.1,1.1,0.64844,-0.42319,4.273,-0.095483,16.607
1.1,1.1,0.40076,3.8204,3.1314,0.75203,9.4284
1.1,0.95207,0.39124,4.3472,1.7976,1.0851,4.2231
1.1,0.9,0.20284,2.4888,1.0238,0.92607,1.8059
1.1,0.9,0.12101,0.47008,0.72771,0.71688,0.94348
1.1,0.9,0.14885,-0.50377,0.6242,0.55313,0.59558
1.1,0.9,0.19572,-0.52084,0.58137,0.44795,0.43865
1.1,0.9,0.22383,-0.13422,0.56146,0.4019,0.37676
1.1,0.9,0.23338,0.21972,0.55183,0.39702,0.36213
1.1,0.9,0.23509,0.38121,0.54622,0.41013,0.36657
1.1,0.9,0.23697,0.38569,0.54154,0.42402,0.37306
1.1,0.9,0.24136,0.32684,0.53662,0.43125,0.37393
1.1,0.9,0.24706,0.27309,0.53121,0.4321,0.36889
1.1,0.9,0.25226,0.24755,0.52549,0.4299,0.36096
1.1,0.9,0.25589,0.24504,0.51972,0.42755,0.35292
1.1,0.9,0.25781,0.25194,0.51397,0.4263,0.34589
1.1,0.9,0.2584,0.25867,0.50821,0.42608,0.33982
1.1,0.9,0.258,0.26175,0.50234,0.42642,0.33418
1.1,0.9,0.25695,0.26185,0.49628,0.42685,0.32849
1.1,0.9,0.25529,0.26066,0.48989,0.42711,0.32242
1.1,0.9,0.2531,0.2595,0.48311,0.42723,0.31593
1.1,0.9,0.25034,0.25886,0.47587,0.42727,0.30901
1.1,0.9,0.24702,0.25884,0.46804,0.42729,0.30163
1.1,0.9,0.24311,0.25915,0.45951,0.42739,0.29382
1.1,0.9,0.23863,0.25944,0.45022,0.42759,0.28552
1.1,0.9,0.23356,0.25968,0.4399,0.42775,0.27648
1.1,0.9,0.22781,0.26021,0.42843,0.42798,0.26671
1.1,0.9,0.22137,0.26089,0.41552,0.42831,0.25611
1.1,0.9,0.21412,0.26162,0.40086,0.42871,0.24448
1.1,0.9,0.206,0.26266,0.38401,0.42921,0.23169
1.1,0.9,0.19682,0.26405,0.36443,0.42986,0.21758
1.1,0.9,0.18641,0.26594,0.3413,0.43069,0.20198
1.1,0.9,0.17449,0.26848,0.31355,0.43178,0.18475
1.1,0.9,0.16075,0.27198,0.27961,0.43317,0.16582
1.1,0.9,0.14471,0.27684,0.23719,0.43488,0.14538
1.1,0.9,0.12577,0.28373,0.18303,0.43668,0.12419
1.1,0.9,0.10312,0.29344,0.11297,0.43756,0.10422
1.1,0.9,0.075865,0.30675,0.02429,0.43455,0.089424
1.0629,0.9,0.043438,0.32287,-0.073859,0.41222,0.09724
0.97487,0.91836,0.010766,0.33782,-0.12517,0.36817,0.1315
0.94118,0.93093,-0.0098269,0.34318,-0.092603,0.34436,0.15314
0.91934,0.95013,-0.018352,0.32967,-0.052449,0.32967,0.18623
0.90843,0.9659,-0.017854,0.31808,-0.015865,0.31808,0.21342
0.90407,0.97635,-0.012787,0.3104,0.00748,0.3104,0.23143
0.90245,0.9812,-0.010221,0.31222,4.2599e-05,0.31222,0.22716
0.90061,0.98317,-0.0086108,0.31419,-0.0021688,0.3142,0.22253
0.9,0.98397,-0.0075484,0.31561,-0.0032985,0.31559,0.21923
0.9,0.98434,-0.0068672,0.31647,-0.0041426,0.31647,0.21719
0.9,0.98455,-0.0038926,0.31631,0.008006,0.31632,0.21754
0.9,0.98773,-0.0029548,0.31546,0.0007962,0.31545,0.21956
0.9,0.98857,-0.0024506,0.3159,-0.00043336,0.31589,0.21854
0.9,0.98901,-0.0021397,0.31626,-0.0008962,0.31628,0.21765
0.9,0.9893,-0.0019444,0.31651,-0.0011634,0.31651,0.21709
0.90001,0.9895,-0.00182,0.31666,-0.0013222,0.31667,0.21672
0.90002,0.98963,-0.0017403,0.31677,-0.0014216,0.31676,0.21648
0.9,0.98972,-0.0016894,0.31683,-0.0014858,0.31683,0.21634
0.9,0.98978,-0.0016555,0.31688,-0.0015198,0.31687,0.21623
0.90001,0.98982,-0.0016334,0.3169,-0.0015452,0.31691,0.21616
0.90002,0.98985,-0.0016195,0.31692,-0.0015638,0.31692,0.21612
0.90002,0.98987,-0.0016106,0.31693,-0.0015746,0.31693,0.2161
0.90003,0.98988,-0.0016043,0.31694,-0.0015792,0.31694,0.21607
0.90003,0.9899,-0.00096364,0.31693,0.001599,0.31692,0.2161
0.9,0.99088,-0.00081144,0.31657,-0.0002026,0.31658,0.21692
0.9,0.99122,-0.00073228,0.31664,-0.00041562,0.31664,0.21677
0.9,0.99144,-0.00067894,0.31671,-0.00046556,0.31671,0.2166
0.90003,0.9916,-0.00064056,0.31677,-0.00048707,0.31677,0.21647
0.9,0.99173,-0.00061336,0.31681,-0.00050454,0.31681,0.21637
0.9,0.99183,-0.00059274,0.31684,-0.00051024,0.31684,0.2163
0.90005,0.99189,-0.00057684,0.31686,-0.00051326,0.31686,0.21624
0.90001,0.99195,-0.00056637,0.31688,-0.0005245,0.31688,0.21621
0.90001,0.99199,-0.00055756,0.31689,-0.00052232,0.31689,0.21617
0.90002,0.99203,-0.00055086,0.31691,-0.00052402,0.3169,0.21614
0.90002,0.99206,-0.00054626,0.31691,-0.00052788,0.31692,0.21613
0.90003,0.99208,-0.00054258,0.31692,-0.00052786,0.31692,0.21611
0.90003,0.99211,-0.00054019,0.31692,-0.00053064,0.31692,0.21611
0.90003,0.99212,-0.00053753,0.31693,-0.0005269,0.31693,0.21609
0.90003,0.99214,-0.00053596,0.31693,-0.00052966,0.31693,0.21609
0.90004,0.99215,-0.00053427,0.31693,-0.0005275,0.31693,0.21608
0.90004,0.99216,-0.00053308,0.31693,-0.00052836,0.31693,0.21608
0.90004,0.99217,-0.00053186,0.31694,-0.00052694,0.31694,0.21607
0.90004,0.99217,-0.00053125,0.31694,-0.00052882,0.31694,0.21607
0.90004,0.99217,-0.00053086,0.31694,-0.00052928,0.31694,0.21607
0.90004,0.99217,-0.00053054,0.31694,-0.0005293,0.31694,0.21607
0.90004,0.99217,-0.00053028,0.31694,-0.0005292,0.31694,0.21607
0.90004,0.99217,-0.00053004,0.31694,-0.00052908,0.31694,0.21606
0.90004,0.99217,-0.00053026,0.31694,-0.00053116,0.31694,0.21607
0.90004,0.99217,-0.00053016,0.31694,-0.00052978,0.31694,0.21607
0.90004,0.99217,-0.00052998,0.31694,-0.00052922,0.31694,0.21606
0.90006,0.99217,-0.00053022,0.31694,-0.0005312,0.31694,0.21607
0.90005,0.99217,-0.00053065,0.31694,-0.00053236,0.31694,0.21607
0.90003,0.99217,-0.00053084,0.31694,-0.00053162,0.31694,0.21607
0.90006,0.99217,-0.00053045,0.31694,-0.00052886,0.31694,0.21607
0.90004,0.99217,-0.00053068,0.31694,-0.00053158,0.31694,0.21607
0.90007,0.99217,-0.00053056,0.31694,-0.00053008,0.31694,0.21607
0.90005,0.99218,-0.00053112,0.31694,-0.00053336,0.31693,0.21607
0.90004,0.99218,-0.00053088,0.31693,-0.00052992,0.31694,0.21607
0.90004,0.99218,-0.00053016,0.31694,-0.0005273,0.31694,0.21606
0.90004,0.99218,-0.00052998,0.31694,-0.00052928,0.31694,0.21606
0.90004,0.99218,-0.00052997,0.31694,-0.00052992,0.31694,0.21607
0.9,0.99218,-0.00052956,0.31694,-0.00052792,0.31694,0.21606
0.9,0.99218,-0.00052848,0.31694,-0.00052413,0.31695,0.21605
0.9,0.99218,-0.00052789,0.31695,-0.00052554,0.31694,0.21605
0.90002,0.99217,-0.00052748,0.31694,-0.00052584,0.31694,0.21605
0.9,0.99217,-0.00052772,0.31694,-0.00052872,0.31694,0.21606
0.9,0.99216,-0.00052719,0.31694,-0.00052504,0.31694,0.21605
0.9,0.99216,-0.00052716,0.31694,-0.00052705,0.31695,0.21605
0.9,0.99216,-0.00052747,0.31695,-0.0005287,0.31694,0.21605
0.90002,0.99216,-0.00052786,0.31694,-0.0005294,0.31694,0.21606
0.9,0.99216,-0.00052812,0.31694,-0.0005292,0.31694,0.21606
0.90002,0.99216,-0.00052783,0.31694,-0.00052664,0.31694,0.21605
0.90004,0.99216,-0.00052835,0.31694,-0.00053044,0.31694,0.21606
0.90004,0.99216,-0.00052915,0.31694,-0.00053234,0.31694,0.21606
0.90005,0.99216,-0.00052998,0.31694,-0.00053332,0.31694,0.21607
0.90004,0.99216,-0.00053059,0.31694,-0.00053302,0.31694,0.21607
0.90004,0.99216,-0.00053084,0.31694,-0.00053186,0.31694,0.21607
0.90006,0.99217,-0.00053098,0.31694,-0.00053152,0.31693,0.21607
0.90004,0.99218,-0.00053114,0.31693,-0.00053178,0.31694,0.21607
0.90004,0.99218,-0.00053052,0.31694,-0.00052808,0.31694,0.21607
0.90004,0.99218,-0.00052991,0.31694,-0.00052746,0.31694,0.21606
0.90004,0.99218,-0.00052978,0.31694,-0.00052924,0.31694,0.21606
0.90004,0.99218,-0.00052979,0.31694,-0.00052984,0.31694,0.21606
0.90004,0.99218,-0.00052984,0.31694,-0.00053006,0.31694,0.21606
0.90004,0.99218,-0.00052991,0.31694,-0.00053016,0.31694,0.21607
0.90004,0.99218,-0.00052952,0.31694,-0.00052798,0.31694,0.21606
0.90004,0.99218,-0.00052948,0.31694,-0.0005293,0.31694,0.21606
0.90004,0.99218,-0.00052954,0.31694,-0.00052976,0.31694,0.21606
0.90004,0.99218,-0.00052962,0.31694,-0.00052994,0.31694,0.21606
0.90004,0.99218,-0.0005297,0.31694,-0.00053002,0.31694,0.21606
0.90004,0.99218,-0.00052978,0.31694,-0.0005301,0.31694,0.21606
0.90004,0.99218,-0.00052985,0.31694,-0.00053014,0.31694,0.21607
0.90006,0.99218,-0.00052947,0.31694,-0.00052796,0.31694,0.21606
0.90004,0.99218,-0.00052995,0.31694,-0.00053186,0.31694,0.21607
0.90004,0.99218,-0.00052968,0.31694,-0.00052862,0.31694,0.21606
0.90004,0.99218,-0.00052966,0.31694,-0.00052958,0.31694,0.21606
0.90004,0.99218,-0.00052971,0.31694,-0.00052992,0.31694,0.21606
0.90004,0.99218,-0.00052978,0.31694,-0.00053006,0.31694,0.21606
0.90004,0.99218,-0.00052985,0.31694,-0.00053014,0.31694,0.21607
0.90004,0.99218,-0.00052947,0.31694,-0.00052796,0.31694,0.21606
0.90004,0.99218,-0.00052943,0.31694,-0.00052928,0.31694,0.21606
0.90004,0.99218,-0.00052949,0.31694,-0.00052972,0.31694,0.21606
0.90004,0.99218,-0.00052958,0.31694,-0.0005299,0.31694,0.21606
0.90004,0.99218,-0.00052966,0.31694,-0.00053,0.31694,0.21606
0.90005,0.99218,-0.00052974,0.31694,-0.00053008,0.31694,0.21606
0.90004,0.99218,-0.00053008,0.31694,-0.00053142,0.31694,0.21607
0.90004,0.99218,-0.00052976,0.31694,-0.0005285,0.31694,0.21606
0.90005,0.99218,-0.00052972,0.31694,-0.00052956,0.31694,0.21606
0.90004,0.99218,-0.00053003,0.31694,-0.00053124,0.31694,0.21607
0.90004,0.99218,-0.0005297,0.31694,-0.00052842,0.31694,0.21606
0.90005,0.99218,-0.00052967,0.31694,-0.00052952,0.31694,0.21606
0.90004,0.99218,-0.00052997,0.31694,-0.0005312,0.31694,0.21607
0.90004,0.99218,-0.00052966,0.31694,-0.00052838,0.31694,0.21606
0.90004,0.99218,-0.00052962,0.31694,-0.00052948,0.31694,0.21606
0.90004,0.99218,-0.00052967,0.31694,-0.00052988,0.31694,0.21606
0.90004,0.99218,-0.00052974,0.31694,-0.00053002,0.31694,0.21606
0.90005,0.99218,-0.00052982,0.31694,-0.0005301,0.31694,0.21606
0.90005,0.99218,-0.00053014,0.31694,-0.00053146,0.31694,0.21607
0.90004,0.99218,-0.00053008,0.31694,-0.00052984,0.31694,0.21607
0.90004,0.99218,-0.00052965,0.31694,-0.00052792,0.31694,0.21606
0.90004,0.99218,-0.00052959,0.31694,-0.00052932,0.31694,0.21606
0.90004,0.99218,-0.00052963,0.31694,-0.0005298,0.31694,0.21606
0.90004,0.99218,-0.0005297,0.31694,-0.00052998,0.31694,0.21606
0.90004,0.99218,-0.00052978,0.31694,-0.00053008,0.31694,0.21606
0.90004,0.99218,-0.00052985,0.31694,-0.00053014,0.31694,0.21607
0.90004,0.99218,-0.00052947,0.31694,-0.00052796,0.31694,0.21606
0.90005,0.99218,-0.00052943,0.31694,-0.00052928,0.31694,0.21606
0.90004,0.99218,-0.00052975,0.31694,-0.00053102,0.31694,0.21607
0.90004,0.99218,-0.00052945,0.31694,-0.00052824,0.31694,0.21606
0.90004,0.99218,-0.00052943,0.31694,-0.00052936,0.31694,0.21606
0.90004,0.99218,-0.0005295,0.31694,-0.00052976,0.31694,0.21606
0.90004,0.99218,-0.00052958,0.31694,-0.00052992,0.31694,0.21606
0.90004,0.99218,-0.00052967,0.31694,-0.00053002,0.31694,0.21606
0.90004,0.99218,-0.00052975,0.31694,-0.00053008,0.31694,0.21606
0.90004,0.99218,-0.00052982,0.31694,-0.00053014,0.31694,0.21606
0.90004,0.99218,-0.0005299,0.31694,-0.00053018,0.31694,0.21607
0.90004,0.99218,-0.00052952,0.31694,-0.000528,0.31694,0.21606
0.90004,0.99218,-0.00052947,0.31694,-0.0005293,0.31694,0.21606
0.90005,0.99218,-0.00052953,0.31694,-0.00052974,0.31694,0.21606
0.90005,0.99218,-0.00052987,0.31694,-0.00053122,0.31694,0.21607
0.90004,0.99218,-0.00052982,0.31694,-0.00052964,0.31694,0.21606
0.90004,0.99218,-0.00031846,0.31694,0.000527,0.31694,0.21606
0.9,0.99251,-0.00026963,0.31682,-7.432e-05,0.31682,0.21635
0.9,0.99261,-0.00024324,0.31684,-0.00013766,0.31684,0.21629
0.9,0.99268,-0.00022562,0.31686,-0.00015516,0.31686,0.21624
0.90001,0.99272,-0.0002127,0.31688,-0.00016102,0.31688,0.21619
0.90001,0.99276,-0.00020407,0.3169,-0.00016954,0.3169,0.21616
0.90002,0.9928,-0.00019821,0.3169,-0.0001748,0.3169,0.21614
0.90003,0.99283,-0.0001936,0.31691,-0.00017518,0.31691,0.21613
0.90003,0.99285,-0.00018992,0.31692,-0.00017518,0.31692,0.21611
0.90003,0.99287,-0.00018746,0.31692,-0.00017764,0.31692,0.2161
0.90003,0.99289,-0.00018543,0.31693,-0.00017728,0.31692,0.2161
0.90004,0.99289,-0.0001833,0.31692,-0.00017478,0.31693,0.21609
0.90004,0.9929,-0.00018197,0.31693,-0.00017664,0.31693,0.21608
0.90004,0.99291,-0.00018132,0.31693,-0.00017872,0.31693,0.21608
0.90004,0.99292,-0.00018064,0.31693,-0.00017794,0.31693,0.21608
0.90004,0.99293,-0.00017974,0.31694,-0.00017612,0.31693,0.21607
0.90005,0.99294,-0.00017919,0.31693,-0.00017702,0.31694,0.21607
0.90004,0.99294,-0.00017878,0.31694,-0.00017716,0.31694,0.21607
0.90004,0.99294,-0.00017837,0.31694,-0.00017672,0.31694,0.21607
0.90004,0.99294,-0.00017798,0.31694,-0.0001764,0.31694,0.21607
