62.891
5.3253
3.2643
2.2068
1.4236
0.90278
0.43577
0.087669
0.10783
0.11391
0.059866
0.017395
0.025097
0.027632
0.023834
0.0213
0.020052
0.019485
0.019067
0.018934
0.018978
0.019075
0.019107
0.019199
0.019299
0.019516
0.019766
0.020123
0.020586
0.021165
0.02197
0.023009
0.02439
0.026249
0.028784
0.03227
0.037064
0.043502
0.051339
0.047766
0.017442
0.012331
0.022007
0.021421
0.015367
0.01229
0.010621
0.0096472
0.0090957
0.0045908
0.0034864
0.0029669
0.0026487
0.002484
0.0023886
0.0023333
0.0023043
0.0022841
0.0022701
0.002262
0.0022587
0.002253
0.0011508
0.00095131
0.00086898
0.000822
0.00079327
0.00077656
0.00076832
0.00075773
0.00075627
0.00075379
0.00075031
0.00074986
0.00074767
0.00075022
0.00074801
0.00074951
0.00074895
0.00074995
0.00074854
0.00074821
0.00074819
0.00074826
0.00074836
0.00074698
0.00074787
0.00074825
0.00074696
0.00074591
0.00074654
0.00074853
0.00074645
0.00074765
0.0007452
0.00074779
0.00074964
0.00074818
0.00074773
0.00074918
0.0010562
0.00077196
0.00075243
0.0007489
0.00087878
0.00092354
0.0007707
0.00075062
0.00074878
0.00075268
0.00074765
0.00074613
0.00074545
0.00074555
0.00074639
0.00074662
0.00074634
0.0007491
0.00074951
0.00074821
0.00074779
0.00074764
0.00074757
0.00074914
0.00074817
0.00074785
0.00074772
0.00074766
0.00074761
0.00074757
0.00074915
0.00074634
0.0007487
0.00074797
0.00074773
0.00074764
0.00074758
0.00074916
0.00074819
0.00074787
0.00074774
0.00074767
0.00074762
0.00074666
0.00074878
0.00074798
0.00074679
0.00074884
0.00074802
0.00074682
0.00074886
0.00074804
0.00074777
0.00074766
0.0007476
0.00074663
0.00074782
0.00074918
0.00074815
0.00074782
0.00074769
0.00074762
0.00074758
0.00074916
0.00074819
0.00074694
0.00074896
0.00074812
0.00074785
0.00074773
0.00074766
0.00074762
0.00074758
0.00074755
0.00074913
0.00074817
0.00074785
0.0007468
0.00074795
0.00074768
0.00037641
0.00031713
0.00028874
0.00027541
0.00026374
0.00025679
0.00025507
0.00025387
0.00025095
0.0002509
0.00025246
0.00025093
0.00024919
0.00025007
0.00025097
0.00025052
0.00025043
0.00025069
0.00025091
0.00025108
