141.28
0.92247
0.11771
0.065094
0.019995
0.025216
0.02713
0.025247
0.021947
0.023511
0.024973
0.017114
0.022004
0.023088
0.047288
0.033555
0.026775
0.024814
0.017126
0.013165
0.012196
0.01193
0.011766
0.023183
0.016332
0.012943
0.012096
0.01167
0.011576
0.023085
0.016316
0.012939
0.012092
0.061617
0.059144
0.049226
0.045982
0.044908
0.083682
0.057752
0.032417
0.018722
0.019845
0.015599
0.011131
0.0094173
0.0088477
0.008662
0.016049
0.011008
0.0093747
0.0088364
0.008655
0.0085985
0.016013
0.0063057
0.0070298
0.0053293
0.0047724
0.0045879
0.0045521
0.0045105
0.0044952
0.0044946
0.0087398
0.0031298
0.0040386
0.0041698
0.0028941
0.0024659
0.0023197
0.0023055
0.002262
0.002257
0.0044895
0.001524
0.0020006
0.0021678
0.0022279
0.0022413
0.0044777
0.001506
0.0020054
0.0016773
0.0015693
0.0015313
0.0015213
0.0016416
0.00152
0.0030177
0.0010465
0.0013484
0.0019499
0.0021742
0.0022204
0.0022499
0.0022491
0.0022517
0.0022553
0.0022499
0.0044952
0.0015098
0.0020001
0.0021594
0.0015004
0.0012742
0.0011985
0.00039512
0.0004896
0.00093897
0.001088
0.0011389
0.001157
0.002309
0.0015463
0.001292
0.0012069
0.0011781
0.0011681
0.0011674
0.0023292
0.00078079
0.0010323
0.0011206
0.0011481
0.0011568
0.001166
0.00078634
0.00066005
0.00061775
0.00060333
0.00059799
0.00060204
0.0010022
0.00081699
0.0007499
0.00072731
0.00072231
0.00067551
0.00044882
0.00037273
0.00035326
0.00034326
0.00034254
0.00034188
0.00034126
0.00034069
0.00033993
0.00033929
0.0003387
