140.8
0.69397
0.23427
0.2007
0.1082
0.053257
0.031305
0.067899
0.077584
0.085048
0.089211
0.091412
0.065434
0.032731
0.00088379
0.032309
0.036484
0.04083
0.043434
0.044824
0.035891
0.02907
0.025986
0.024528
0.023819
0.023472
0.018446
0.014843
0.01314
0.012333
0.011944
0.011753
0.011659
0.0091878
0.007399
0.0065584
0.0061609
0.0059694
0.0058754
0.0058289
0.0058061
0.0057943
0.0040894
0.0045798
0.0010148
0.00050111
0.00024188
0.00011999
5.1493e-05
4.9758e-05
0.00010417
9.5259e-05
8.9137e-05
8.8912e-05
9.2415e-05
6.3806e-05
5.1458e-06
6.3877e-05
0.00010638
7.8852e-05
8.3894e-05
4.2185e-05
1.058e-05
2.7458e-05
1.6593e-05
1.5813e-05
9.5719e-06
7.3811e-06
6.4681e-06
2.4077e-05
3.4255e-05
5.2294e-06
1.0409e-05
3.3949e-05
1.0854e-05
2.0862e-05
5.3314e-05
2.6073e-05
4.6383e-05
1.0383e-05
1.0409e-05
1.041e-05
1.0404e-05
5.331e-05
1.083e-05
2.6035e-05
1.4062e-05
1.0853e-05
1.0403e-05
1.0396e-05
1.0386e-05
1.0393e-05
1.039e-05
1.0391e-05
2.734e-05
1.5104e-05
1.0872e-05
1.0866e-05
1.0871e-05
1.0865e-05
1.0866e-05
1.0875e-05
1.0868e-05
1.0868e-05
2.0939e-05
1.0876e-05
1.5107e-05
1.0876e-05
1.0868e-05
1.0877e-05
1.087e-05
1.0871e-05
1.2971e-05
1.0871e-05
1.088e-05
1.0873e-05
1.0874e-05
1.0882e-05
1.0875e-05
1.0876e-05
1.0877e-05
1.0391e-05
1.0382e-05
1.0868e-05
1.0885e-05
1.0878e-05
1.0879e-05
1.0888e-05
1.088e-05
1.5132e-05
1.0889e-05
1.0881e-05
1.089e-05
1.0883e-05
1.0884e-05
1.0885e-05
2.7392e-05
1.515e-05
1.0884e-05
1.0893e-05
1.0886e-05
1.0887e-05
1.5148e-05
1.0887e-05
1.0895e-05
1.0888e-05
1.0889e-05
1.0898e-05
1.0891e-05
1.0892e-05
