125.8
16.818
4.16
1.3377
1.1128
0.83204
0.68642
0.58614
0.51403
0.45691
0.40866
0.3686
0.33587
0.3094
0.28829
0.27162
0.25829
0.24826
0.24061
0.23481
0.23043
0.22713
0.22465
0.2228
0.2214
0.22037
0.21959
0.21902
0.21859
0.21824
0.218
0.21782
0.21768
0.21757
0.2175
0.21745
0.21743
0.21747
0.21762
0.2232
0.22827
0.23278
0.23665
0.23988
0.24269
0.2458
0.24931
0.253
0.25335
0.25332
0.25328
0.25346
0.25318
0.25315
0.25302
0.25304
0.25299
0.25293
0.25287
0.2528
0.25273
0.25265
0.25257
0.25248
0.25238
0.25219
0.25216
0.25205
0.25192
0.25169
0.25161
0.25145
0.25126
0.25106
0.25083
0.25057
0.25029
0.24998
0.24963
0.24923
0.24878
0.24827
0.24768
0.24701
0.24623
0.24533
0.24426
0.243
0.24153
0.23974
0.2206
0.1643
0.12249
0.091587
0.068843
0.052182
0.040261
0.03203
0.026712
0.022377
0.015298
0.011469
0.0067372
0.0025768
0.0018069
0.0019253
0.0017599
0.0017974
0.0018284
0.0013728
0.00094783
0.00078668
0.00072455
0.00069862
0.00068816
0.00068341
0.00068059
0.00068037
0.00067984
0.00067951
0.00067927
0.00067912
0.00067896
0.00067883
0.00067874
0.00067861
0.00067849
0.00067834
0.00067819
0.00067811
0.00067798
0.00067737
0.00067787
0.0006777
0.00067757
0.00067743
0.00067731
0.00067724
0.00067713
0.00067704
0.00067692
0.0006768
0.00067671
0.00067634
0.00067657
0.00067636
0.00067595
0.00067618
0.00067885
0.0006758
0.00067869
0.00067863
0.00067857
0.00067851
0.00067843
0.0006778
0.00067776
0.00067817
0.00067802
0.00067789
0.0006778
0.00067769
0.00067757
0.00067743
0.00067736
0.00067677
0.00067721
0.00067709
0.00067699
0.00067689
0.0006768
0.00067668
0.00067657
0.00067649
0.0006764
0.0006763
0.00067618
0.0006756
0.00067556
0.00067595
0.00067585
0.00067574
0.00067562
0.00067553
0.00050255
0.00034714
0.00028835
0.00026446
0.00025532
0.00025278
0.00025103
0.00024895
0.0001923
0.00014289
0.00012211
0.00011814
0.00011267
0.00011446
0.00011402
0.00011384
