0.041381
0.041496
0.041484
0.041478
0.041472
0.042389
0.042383
0.042377
0.042374
0.042371
0.042368
0.042362
0.042356
0.042353
0.04235
0.042347
0.042344
0.042343
0.04234
0.042337
0.042332
0.042329
0.042327
0.042324
0.042321
0.042318
0.042315
0.042312
0.042309
0.042306
0.042303
0.0423
0.042295
0.042292
0.042289
0.042286
0.042283
0.04228
0.042277
0.042274
0.042271
0.042268
0.042265
0.042262
0.042259
0.042256
0.042253
0.04225
0.042244
0.042238
0.042232
0.042225
0.042219
0.042207
0.042195
0.04217
0.042146
0.042122
0.042097
0.042048
0.042
0.041951
0.041902
0.041854
0.041756
0.041558
0.041361
0.041167
0.040974
0.04078
0.040396
0.040017
0.03964
0.03927
0.038541
0.037825
0.037121
0.036432
0.035754
0.035089
0.034436
0.033794
0.033165
0.032547
0.031941
0.031348
0.030766
0.030193
0.029632
0.029081
0.02854
0.02801
0.027489
0.026486
0.02552
0.024588
0.023691
0.022826
0.021993
0.021191
0.020418
0.019672
0.018954
0.018262
0.017596
0.016954
0.016335
0.015739
0.015165
0.014611
0.014078
0.013564
0.013069
0.012593
0.012133
0.01169
0.011264
0.010853
0.010457
0.01008
0.0099067
0.0098302
0.0098007
0.009794
0.0097983
0.0098076
0.0098167
0.0098258
0.0098345
0.0098423
0.0098494
0.0098556
0.0098614
0.0098667
0.0098715
0.0098761
0.0098803
0.0098843
0.009888
0.0098913
0.0098944
0.0098972
0.0099
0.0099025
0.0099047
0.0099067
0.0099087
0.0099104
0.0099121
0.0099085
