139.23
1.6676
0.74445
0.66614
0.59058
0.51868
0.45158
0.38655
0.31801
0.26352
0.22255
0.18953
0.16178
0.13744
0.11722
0.1006
0.087166
0.068901
0.057471
0.048875
0.041677
0.035575
0.030405
0.026007
0.022242
0.019049
0.016325
0.013982
0.011982
0.010298
0.0088348
0.0075823
0.006509
0.0055921
0.0048068
0.0041384
0.0035626
0.0030705
0.0026486
0.0022926
0.0019861
0.0017302
0.0015194
0.001329
0.001188
0.0010532
0.00095601
0.00086406
0.00080224
0.00075225
0.00070344
0.00066858
0.00064295
0.00062476
0.00060929
0.00059792
0.00058932
0.00058346
0.00057934
0.00057587
0.00057382
0.00057055
0.00056984
0.00056871
0.00056829
0.00056766
0.00056696
0.0005669
0.0005664
0.00056671
0.0005662
0.00056626
0.00056677
0.0005661
0.00056608
0.00056607
0.00056607
0.00056608
0.00056609
0.00056609
0.00056607
0.00056602
0.00056602
0.00056602
0.00056601
0.00056602
0.00056626
0.00056626
0.00056627
0.00056626
0.00056627
0.00056626
0.00056626
0.00056625
0.00056626
0.00056677
0.00056609
0.00056606
0.00056606
0.00056605
0.00056607
0.00056607
0.00056607
0.00056607
0.00056607
0.00056603
0.00056603
0.00056603
0.00056603
0.00056626
0.00056626
0.00056627
0.00056626
0.00056626
0.00056626
0.00056626
0.00056625
0.00056627
0.00056627
0.0005668
0.00056608
0.00056605
0.00056604
0.00056604
0.00056605
0.00056605
0.00056605
0.00056605
0.00056602
0.00056601
0.00056601
0.00056601
0.00056601
0.00056601
0.00056601
0.000566
0.000566
0.00056602
0.00056628
0.00056628
0.00056626
0.00056626
0.0005668
0.00056605
0.00056601
0.00056602
0.00056603
0.00056602
0.00056603
0.00056602
0.00056602
0.00042471
0.00042469
0.00042468
0.00042469
0.00042468
0.00042469
0.00042468
0.00042467
0.00042467
0.00042469
0.00042506
0.00042506
0.00042506
0.00042505
0.00042506
0.00042579
0.00042474
0.0004247
0.00042469
0.00042469
0.0004247
0.0004247
0.0004247
0.00042469
0.00042468
0.00042469
0.00042472
0.0004247
0.00042468
0.00042472
0.00042473
0.00042472
0.0004247
0.00042473
0.00042507
0.00042502
0.00042504
0.00042507
0.00042579
0.0004247
0.00042467
0.00042471
0.00042475
0.00042473
0.00042469
0.0004247
0.0004247
0.00042465
0.00042466
0.00042469
0.00042472
0.00042467
0.00042462
0.00042465
0.00042462
0.00042455
0.00042455
0.00042495
0.0004249
0.00042486
0.00042485
0.00042487
0.00042482
0.00042474
0.00042473
0.0004251
0.00042584
0.00042468
0.00042468
0.00042471
0.00042469
0.00042465
0.00042467
0.00042471
0.00042469
0.00042425
0.00042428
0.00042427
0.00042418
0.00042468
0.00042468
0.00042512
0.00042509
0.00042504
0.00042505
0.00042509
0.00042506
0.00042502
0.000425
0.00042501
0.00042569
0.00042435
0.00042404
0.00042341
0.00042462
0.00042453
0.00042444
0.00042421
0.0004239
0.00041943
0.00041929
0.00036583
0.00033029
0.00016927
0.00013468
0.00011809
0.0001306
6.9336e-05
5.5812e-05
4.2906e-05
3.6551e-05
2.354e-05
2.4011e-05
2.4012e-05
2.4014e-05
2.4015e-05
2.3972e-05
2.4003e-05
2.3985e-05
2.4016e-05
2.4004e-05
2.4005e-05
2.4006e-05
2.4007e-05
2.4007e-05
2.4007e-05
2.4008e-05
2.4008e-05
2.4008e-05
2.4008e-05
2.4007e-05
2.4007e-05
2.4008e-05
2.4008e-05
2.4007e-05
2.4007e-05
2.4008e-05
2.4008e-05
2.4008e-05
2.4008e-05
2.4008e-05
2.4008e-05
2.4008e-05
2.4008e-05
2.4008e-05
2.4008e-05
2.4008e-05
2.4008e-05
2.4008e-05
2.4008e-05
2.4008e-05
2.4008e-05
2.4008e-05
2.4008e-05
2.4008e-05
2.4008e-05
2.4008e-05
2.4008e-05
2.4008e-05
2.4008e-05
2.4008e-05
2.4008e-05
2.4008e-05
2.4008e-05
2.4008e-05
2.4008e-05
2.4008e-05
2.4008e-05
2.4008e-05
2.4008e-05
2.4008e-05
2.4008e-05
2.4008e-05
2.4008e-05
2.4008e-05
2.4008e-05
2.4008e-05
2.4008e-05
2.4008e-05
2.4008e-05
2.4008e-05
2.4008e-05
2.4008e-05
2.4008e-05
2.4008e-05
2.4008e-05
2.4008e-05
2.4008e-05
2.4008e-05
2.4008e-05
2.4008e-05
2.4008e-05
2.4008e-05
2.4008e-05
2.4008e-05
2.4008e-05
2.4008e-05
2.4008e-05
2.4008e-05
2.4008e-05
2.4008e-05
2.4008e-05
2.4008e-05
2.4008e-05
2.4008e-05
2.4008e-05
2.4008e-05
2.4008e-05
2.4008e-05
2.4008e-05
2.4008e-05
2.4008e-05
2.4008e-05
2.4008e-05
2.4008e-05
2.4008e-05
2.4008e-05
2.4008e-05
2.4008e-05
2.4008e-05
2.4008e-05
2.4008e-05
2.4008e-05
2.4008e-05
2.4008e-05
2.4008e-05
2.4008e-05
2.4008e-05
2.4008e-05
2.4008e-05
2.4008e-05
2.4008e-05
2.4008e-05
2.4008e-05
2.4008e-05
2.4008e-05
2.4008e-05
2.4008e-05
2.4008e-05
2.4008e-05
2.4008e-05
2.4008e-05
2.4008e-05
2.4008e-05
2.4008e-05
2.4008e-05
2.4008e-05
2.4008e-05
2.4008e-05
2.4008e-05
2.4008e-05
2.4008e-05
2.4008e-05
2.4008e-05
2.4008e-05
2.4008e-05
2.4008e-05
2.4008e-05
2.4008e-05
2.4008e-05
2.4008e-05
2.4008e-05
2.4008e-05
2.4008e-05
2.4008e-05
2.4008e-05
2.4008e-05
2.4008e-05
2.4008e-05
2.4008e-05
2.4008e-05
2.4008e-05
2.4008e-05
2.4008e-05
2.4008e-05
2.4008e-05
2.4008e-05
2.4008e-05
2.4008e-05
2.4008e-05
2.4008e-05
2.4008e-05
2.4008e-05
2.4008e-05
2.4008e-05
2.4008e-05
2.4008e-05
2.4008e-05
2.4008e-05
2.4008e-05
2.4008e-05
2.4008e-05
2.4008e-05
2.4008e-05
2.4008e-05
2.4008e-05
2.4008e-05
2.4008e-05
2.4008e-05
2.4008e-05
2.4008e-05
2.4008e-05
2.4008e-05
2.4008e-05
2.4008e-05
2.4008e-05
2.4008e-05
2.4008e-05
2.4008e-05
2.4008e-05
2.4008e-05
2.4008e-05
2.4008e-05
2.4008e-05
2.4008e-05
2.4008e-05
2.4008e-05
2.4008e-05
2.4008e-05
2.4008e-05
2.4008e-05
2.4008e-05
2.4008e-05
2.4008e-05
2.4008e-05
2.4008e-05
2.4008e-05
2.4008e-05
2.4008e-05
2.4008e-05
2.4008e-05
2.4008e-05
2.4008e-05
2.4008e-05
2.4008e-05
2.4008e-05
2.4008e-05
2.4008e-05
2.4008e-05
2.4008e-05
2.4008e-05
2.4008e-05
2.4008e-05
2.4008e-05
2.4008e-05
2.4008e-05
2.4008e-05
2.4008e-05
2.4008e-05
2.4008e-05
2.4008e-05
2.4008e-05
2.4008e-05
2.4008e-05
2.4008e-05
2.4008e-05
2.4008e-05
2.4008e-05
2.4008e-05
2.4008e-05
2.4008e-05
2.4008e-05
2.4008e-05
2.4008e-05
2.4008e-05
2.4008e-05
2.4008e-05
2.4008e-05
2.4008e-05
2.4008e-05
2.4008e-05
2.4008e-05
2.4008e-05
2.4008e-05
2.4008e-05
2.4008e-05
2.4008e-05
2.4008e-05
2.4008e-05
2.4008e-05
2.4008e-05
2.4008e-05
2.4008e-05
2.4008e-05
2.4008e-05
2.4008e-05
2.4008e-05
2.4008e-05
2.4008e-05
2.4008e-05
2.4008e-05
2.4008e-05
2.4008e-05
2.4008e-05
2.4008e-05
2.4008e-05
2.4008e-05
2.4008e-05
2.4008e-05
2.4008e-05
2.4008e-05
2.4008e-05
2.4008e-05
2.4008e-05
2.4008e-05
2.4008e-05
2.4008e-05
2.4008e-05
2.4008e-05
2.4008e-05
2.4008e-05
2.4008e-05
2.4008e-05
2.4008e-05
2.4008e-05
2.4008e-05
2.4008e-05
2.4008e-05
2.4008e-05
2.4008e-05
2.4008e-05
2.4008e-05
2.4008e-05
2.4008e-05
2.4008e-05
2.4008e-05
2.4008e-05
2.4008e-05
2.4008e-05
2.4008e-05
2.4008e-05
2.4008e-05
2.4008e-05
2.4008e-05
2.4008e-05
2.4008e-05
2.4008e-05
2.4008e-05
2.4008e-05
2.4008e-05
2.4008e-05
2.4008e-05
2.4008e-05
2.4008e-05
2.4008e-05
2.4008e-05
2.4008e-05
2.4008e-05
2.4008e-05
2.4008e-05
2.4008e-05
2.4008e-05
2.4008e-05
2.4008e-05
2.4008e-05
2.4008e-05
2.4008e-05
2.4008e-05
2.4008e-05
2.4008e-05
2.4008e-05
2.4008e-05
2.4008e-05
2.4008e-05
2.4008e-05
2.4008e-05
2.4008e-05
2.4008e-05
2.4008e-05
2.4008e-05
2.4008e-05
2.4008e-05
2.4008e-05
2.4008e-05
2.4008e-05
2.4008e-05
2.4008e-05
2.4008e-05
2.4008e-05
2.4008e-05
2.4008e-05
2.4008e-05
2.4008e-05
2.4008e-05
2.4008e-05
2.4008e-05
2.4008e-05
2.4008e-05
2.4008e-05
2.4008e-05
2.4008e-05
2.4008e-05
2.4008e-05
2.4008e-05
2.4008e-05
2.4008e-05
2.4008e-05
2.4008e-05
2.4008e-05
2.4008e-05
2.4008e-05
2.4008e-05
2.4008e-05
2.4008e-05
2.4008e-05
2.4008e-05
2.4008e-05
2.4008e-05
2.4008e-05
2.4008e-05
2.4008e-05
2.4008e-05
2.4008e-05
2.4008e-05
2.4008e-05
2.4008e-05
2.4008e-05
2.4008e-05
2.4008e-05
2.4008e-05
2.4008e-05
2.4008e-05
2.4008e-05
2.4008e-05
2.4008e-05
2.4008e-05
2.4008e-05
2.4008e-05
2.4008e-05
2.4008e-05
2.4008e-05
2.4008e-05
2.4008e-05
2.4008e-05
2.4008e-05
2.4008e-05
2.4008e-05
2.4008e-05
2.4008e-05
2.4008e-05
2.4008e-05
2.4008e-05
2.4008e-05
2.4008e-05
2.4008e-05
2.4008e-05
2.4008e-05
2.4008e-05
2.4008e-05
2.4008e-05
2.4008e-05
2.4008e-05
2.4008e-05
2.4008e-05
2.4008e-05
2.4008e-05
2.4008e-05
2.4008e-05
2.4008e-05
2.4008e-05
2.4008e-05
2.4008e-05
2.4008e-05
2.4008e-05
2.4008e-05
2.4008e-05
2.4008e-05
2.4008e-05
2.4008e-05
2.4008e-05
2.4008e-05
2.4008e-05
2.4008e-05
2.4008e-05
2.4008e-05
2.4008e-05
2.4008e-05
2.4008e-05
2.4008e-05
2.4008e-05
2.4008e-05
2.4008e-05
2.4008e-05
2.4008e-05
2.4008e-05
2.4008e-05
2.4008e-05
2.4008e-05
2.4008e-05
2.4008e-05
2.4008e-05
2.4008e-05
2.4008e-05
2.4008e-05
2.4008e-05
2.4008e-05
2.4008e-05
2.4008e-05
2.4008e-05
2.4008e-05
2.4008e-05
2.4008e-05
2.4008e-05
2.4008e-05
2.4008e-05
2.4008e-05
2.4008e-05
2.4008e-05
2.4008e-05
2.4008e-05
2.4008e-05
2.4008e-05
2.4008e-05
2.4008e-05
2.4008e-05
2.4008e-05
2.4008e-05
2.4008e-05
2.4008e-05
2.4008e-05
2.4008e-05
2.4008e-05
2.4008e-05
2.4008e-05
2.4008e-05
2.4008e-05
2.4008e-05
2.4008e-05
2.4008e-05
2.4008e-05
2.4008e-05
2.4008e-05
2.4008e-05
2.4008e-05
2.4008e-05
2.4008e-05
2.4008e-05
2.4008e-05
2.4008e-05
2.4008e-05
2.4008e-05
2.4008e-05
2.4008e-05
2.4008e-05
2.4008e-05
2.4008e-05
2.4008e-05
2.4008e-05
2.4008e-05
2.4008e-05
2.4008e-05
2.4008e-05
2.4008e-05
2.4008e-05
2.4008e-05
2.4008e-05
2.4008e-05
2.4008e-05
2.4008e-05
2.4008e-05
2.4008e-05
2.4008e-05
2.4008e-05
2.4008e-05
2.4008e-05
2.4008e-05
2.4008e-05
2.4008e-05
2.4008e-05
2.4008e-05
2.4008e-05
2.4008e-05
2.4008e-05
2.4008e-05
2.4008e-05
2.4008e-05
2.4008e-05
2.4008e-05
2.4008e-05
2.4008e-05
2.4008e-05
2.4008e-05
2.4008e-05
2.4008e-05
2.4008e-05
2.4008e-05
2.4008e-05
2.4008e-05
2.4008e-05
2.4008e-05
2.4008e-05
2.4008e-05
2.4008e-05
2.4008e-05
2.4008e-05
2.4008e-05
2.4008e-05
2.4008e-05
2.4008e-05
2.4008e-05
2.4008e-05
2.4008e-05
2.4008e-05
2.4008e-05
2.4008e-05
2.4008e-05
2.4008e-05
2.4008e-05
2.4008e-05
2.4008e-05
2.4008e-05
2.4008e-05
2.4008e-05
2.4008e-05
2.4008e-05
2.4008e-05
2.4008e-05
2.4008e-05
2.4008e-05
2.4008e-05
2.4008e-05
2.4008e-05
2.4008e-05
2.4008e-05
2.4008e-05
2.4008e-05
2.4008e-05
2.4008e-05
2.4008e-05
2.4008e-05
2.4008e-05
2.4008e-05
2.4008e-05
2.4008e-05
2.4008e-05
2.4008e-05
2.4008e-05
2.4008e-05
2.4008e-05
2.4008e-05
2.4008e-05
2.4008e-05
2.4008e-05
2.4008e-05
2.4008e-05
2.4008e-05
2.4008e-05
2.4008e-05
2.4008e-05
2.4008e-05
2.4008e-05
2.4008e-05
2.4008e-05
2.4008e-05
2.4008e-05
2.4008e-05
2.4008e-05
2.4008e-05
2.4008e-05
2.4008e-05
2.4008e-05
2.4008e-05
2.4008e-05
2.4008e-05
2.4008e-05
2.4008e-05
2.4008e-05
2.4008e-05
2.4008e-05
2.4008e-05
2.4008e-05
2.4008e-05
2.4008e-05
2.4008e-05
2.4008e-05
2.4008e-05
2.4008e-05
2.4008e-05
2.4008e-05
2.4008e-05
2.4008e-05
2.4008e-05
2.4008e-05
2.4008e-05
2.4008e-05
2.4008e-05
2.4008e-05
2.4008e-05
2.4008e-05
2.4008e-05
2.4008e-05
2.4008e-05
2.4008e-05
2.4008e-05
2.4008e-05
2.4008e-05
2.4008e-05
2.4008e-05
2.4008e-05
2.4008e-05
2.4008e-05
2.4008e-05
2.4008e-05
2.4008e-05
2.4008e-05
2.4008e-05
2.4008e-05
2.4008e-05
2.4008e-05
2.4008e-05
2.4008e-05
2.4008e-05
2.4008e-05
2.4008e-05
2.4008e-05
2.4008e-05
2.4008e-05
2.4008e-05
2.4008e-05
2.4008e-05
2.4008e-05
2.4008e-05
2.4008e-05
2.4008e-05
2.4008e-05
2.4008e-05
2.4008e-05
2.4008e-05
2.4008e-05
2.4008e-05
2.4008e-05
2.4008e-05
2.4008e-05
2.4008e-05
2.4008e-05
2.4008e-05
2.4008e-05
2.4008e-05
2.4008e-05
2.4008e-05
2.4008e-05
2.4008e-05
2.4008e-05
2.4008e-05
2.4008e-05
2.4008e-05
2.4008e-05
2.4008e-05
2.4008e-05
