556.87
3.9981
0.4609
0.32247
0.1963
0.095765
0.087241
0.11934
0.12026
0.10423
0.080551
0.069785
0.063977
0.056255
0.057966
0.06497
0.073973
0.036278
0.023244
0.019404
0.016586
0.014112
0.012108
0.010449
0.0088771
0.0076367
0.0066127
0.0056339
0.0047751
0.0041854
0.0035738
0.0030579
0.0026239
0.0022621
0.001931
0.0016595
0.001431
0.0012313
0.001055
0.00091728
0.00078182
0.00065551
0.00061701
0.00045375
0.0004784
0.00033959
0.00037166
0.00023733
0.00023944
0.00025921
0.00019187
0.00016891
0.00015035
0.00013186
0.00012941
0.00010804
0.00010631
9.5236e-05
9.8689e-05
9.7842e-05
0.00013511
0.00010496
9.248e-05
9.1014e-05
9.6633e-05
0.00011588
0.0001099
0.00011316
0.00010639
0.00011871
0.00011886
9.555e-05
0.0001234
9.5745e-05
9.5676e-05
9.6246e-05
9.764e-05
9.811e-05
9.9031e-05
9.9251e-05
0.00010062
0.00010022
0.000101
0.00010187
0.00010336
0.00010417
0.00010369
0.00010441
0.00010464
0.00010553
0.00010581
0.00010659
0.00010744
0.00010866
0.00010944
0.00013572
0.00010991
0.00011006
0.0001106
0.00011186
0.00011234
0.00011301
0.00011371
0.00011467
0.00011602
0.00011534
0.00011643
0.00011693
0.00011794
0.00011813
0.00011881
0.00011909
0.00011973
0.00012021
0.00012092
0.00012171
0.00012311
0.00012379
0.00012469
0.00014695
0.00012489
0.00012513
0.00012569
0.00012676
0.00012738
0.00012798
0.00012885
0.00013005
0.00012982
0.00013035
0.0001311
0.00013145
0.00013208
0.0001329
0.00013357
0.00013439
0.00013583
0.00013659
0.00013638
0.00013663
0.00013774
0.00013867
0.00016026
0.0001393
0.00013993
0.00014034
0.00014081
0.00014175
0.00014235
0.00014313
0.00014412
0.00014274
0.00014143
0.00014087
0.00013991
0.00013937
0.0001386
0.00013815
0.00013771
0.00013772
0.00013716
0.00013553
0.00013486
0.00013446
0.00013431
0.00013379
0.00015461
0.00013206
0.00013114
0.00013051
0.00013014
0.00012938
0.00012908
0.00012848
0.00012823
0.00012713
0.00012673
0.00012592
0.00012461
0.00012427
0.00012362
0.00012358
0.00012253
0.00012249
0.00012235
0.00011974
0.00011984
0.00011977
0.0001196
0.00014273
0.00011792
0.00011708
0.00011645
0.00011586
0.00011461
0.00011428
0.0001142
0.00011338
0.00011361
0.00011257
0.00011168
0.00011088
0.00010972
0.00010937
0.00010895
0.0001077
0.00010789
0.00010794
0.00010673
0.00010517
0.00010459
0.0001042
0.00010371
0.00010229
0.00010248
0.00010241
0.00010225
0.00012075
0.00010229
9.9825e-05
9.9648e-05
9.8466e-05
9.7811e-05
9.723e-05
9.6532e-05
9.5084e-05
9.4882e-05
9.4626e-05
9.4276e-05
9.3175e-05
9.3369e-05
9.3511e-05
9.1795e-05
8.9852e-05
8.9784e-05
8.9434e-05
8.8997e-05
8.7706e-05
8.7887e-05
8.7899e-05
8.7852e-05
0.00010755
8.7652e-05
8.5773e-05
8.5419e-05
8.4358e-05
8.3029e-05
8.2011e-05
8.1952e-05
7.9897e-05
8.0316e-05
8.0327e-05
0.00018256
0.00049005
0.00035187
0.00020846
0.00017975
0.00016477
7.1778e-05
6.7239e-05
6.7046e-05
8.8192e-05
7.5252e-05
6.4939e-05
6.4932e-05
6.493e-05
6.4987e-05
6.5051e-05
6.4841e-05
6.4728e-05
6.465e-05
6.4659e-05
6.4665e-05
6.4669e-05
6.467e-05
6.4671e-05
6.4672e-05
6.4672e-05
6.4672e-05
6.4672e-05
6.4672e-05
6.4672e-05
6.4672e-05
6.4672e-05
6.4672e-05
6.4672e-05
6.4672e-05
6.4672e-05
6.4672e-05
6.4672e-05
6.4672e-05
6.4672e-05
6.4672e-05
6.4672e-05
6.4672e-05
6.4672e-05
6.4672e-05
6.4672e-05
6.4672e-05
6.4672e-05
6.4672e-05
6.4672e-05
6.4672e-05
6.4672e-05
6.4672e-05
6.4672e-05
6.4672e-05
6.4672e-05
6.4672e-05
6.4672e-05
6.4672e-05
6.4672e-05
6.4672e-05
6.4672e-05
6.4672e-05
6.4672e-05
6.4672e-05
6.4672e-05
6.4672e-05
6.4672e-05
6.4672e-05
6.4672e-05
6.4672e-05
6.4672e-05
6.4672e-05
6.4672e-05
6.4672e-05
6.4672e-05
6.4672e-05
6.4672e-05
6.4672e-05
6.4672e-05
6.4672e-05
6.4672e-05
6.4672e-05
6.4672e-05
6.4672e-05
6.4672e-05
6.4672e-05
6.4672e-05
6.4672e-05
6.4672e-05
6.4672e-05
6.4672e-05
6.4672e-05
6.4672e-05
6.4672e-05
6.4672e-05
6.4672e-05
6.4672e-05
6.4672e-05
6.4672e-05
6.4672e-05
6.4672e-05
6.4672e-05
6.4672e-05
6.4672e-05
6.4672e-05
6.4672e-05
6.4672e-05
6.4672e-05
6.4672e-05
6.4672e-05
6.4672e-05
6.4672e-05
6.4672e-05
6.4672e-05
6.4672e-05
6.4672e-05
6.4672e-05
6.4672e-05
6.4672e-05
6.4672e-05
6.4672e-05
6.4672e-05
6.4672e-05
6.4672e-05
6.4672e-05
6.4672e-05
6.4672e-05
6.4672e-05
6.4672e-05
6.4672e-05
6.4672e-05
6.4672e-05
6.4672e-05
6.4672e-05
6.4672e-05
6.4672e-05
6.4672e-05
6.4672e-05
6.4672e-05
6.4672e-05
6.4672e-05
6.4672e-05
6.4672e-05
6.4672e-05
6.4672e-05
6.4672e-05
6.4672e-05
6.4672e-05
6.4672e-05
6.4672e-05
6.4672e-05
6.4672e-05
6.4672e-05
6.4672e-05
6.4672e-05
6.4672e-05
6.4672e-05
6.4672e-05
6.4672e-05
6.4672e-05
6.4672e-05
6.4672e-05
6.4672e-05
6.4672e-05
6.4672e-05
6.4672e-05
6.4672e-05
6.4672e-05
6.4672e-05
6.4672e-05
6.4672e-05
6.4672e-05
6.4672e-05
6.4672e-05
6.4672e-05
6.4672e-05
6.4672e-05
6.4672e-05
6.4672e-05
6.4672e-05
6.4672e-05
6.4672e-05
6.4672e-05
6.4672e-05
6.4672e-05
6.4672e-05
6.4672e-05
6.4672e-05
6.4672e-05
6.4672e-05
6.4672e-05
6.4672e-05
6.4672e-05
6.4672e-05
6.4672e-05
6.4672e-05
6.4672e-05
6.4672e-05
6.4672e-05
6.4672e-05
6.4672e-05
6.4672e-05
6.4672e-05
6.4672e-05
6.4672e-05
6.4672e-05
6.4672e-05
6.4672e-05
6.4672e-05
6.4672e-05
6.4672e-05
6.4672e-05
6.4672e-05
6.4672e-05
6.4672e-05
6.4672e-05
6.4672e-05
6.4672e-05
6.4672e-05
6.4672e-05
6.4672e-05
6.4672e-05
6.4672e-05
6.4672e-05
6.4672e-05
6.4672e-05
6.4672e-05
6.4672e-05
6.4672e-05
6.4672e-05
6.4672e-05
6.4672e-05
6.4672e-05
6.4672e-05
6.4672e-05
6.4672e-05
6.4672e-05
6.4672e-05
6.4672e-05
6.4672e-05
6.4672e-05
6.4672e-05
6.4672e-05
6.4672e-05
6.4672e-05
6.4672e-05
6.4672e-05
6.4672e-05
6.4672e-05
6.4672e-05
6.4672e-05
6.4672e-05
6.4672e-05
6.4672e-05
6.4672e-05
6.4672e-05
6.4672e-05
6.4672e-05
6.4672e-05
6.4672e-05
6.4672e-05
6.4672e-05
6.4672e-05
6.4672e-05
6.4672e-05
6.4672e-05
6.4672e-05
6.4672e-05
6.4672e-05
6.4672e-05
6.4672e-05
6.4672e-05
6.4672e-05
6.4672e-05
6.4672e-05
6.4672e-05
6.4672e-05
6.4672e-05
6.4672e-05
6.4672e-05
6.4672e-05
6.4672e-05
6.4672e-05
6.4672e-05
6.4672e-05
6.4672e-05
6.4672e-05
6.4672e-05
6.4672e-05
6.4672e-05
6.4672e-05
6.4672e-05
6.4672e-05
6.4672e-05
6.4672e-05
6.4672e-05
6.4672e-05
6.4672e-05
6.4672e-05
6.4672e-05
6.4672e-05
6.4672e-05
6.4672e-05
6.4672e-05
6.4672e-05
6.4672e-05
6.4672e-05
6.4672e-05
6.4672e-05
6.4672e-05
6.4672e-05
6.4672e-05
6.4672e-05
6.4672e-05
6.4672e-05
6.4672e-05
6.4672e-05
6.4672e-05
6.4672e-05
6.4672e-05
6.4672e-05
6.4672e-05
6.4672e-05
6.4672e-05
6.4672e-05
6.4672e-05
6.4672e-05
6.4672e-05
6.4672e-05
6.4672e-05
6.4672e-05
6.4672e-05
6.4672e-05
6.4672e-05
6.4672e-05
6.4672e-05
6.4672e-05
6.4672e-05
6.4672e-05
6.4672e-05
6.4672e-05
6.4672e-05
6.4672e-05
6.4672e-05
6.4672e-05
6.4672e-05
6.4672e-05
6.4672e-05
6.4672e-05
6.4672e-05
6.4672e-05
6.4672e-05
6.4672e-05
6.4672e-05
6.4672e-05
6.4672e-05
6.4672e-05
6.4672e-05
6.4672e-05
6.4672e-05
6.4672e-05
6.4672e-05
6.4672e-05
6.4672e-05
6.4672e-05
6.4672e-05
6.4672e-05
6.4672e-05
6.4672e-05
6.4672e-05
6.4672e-05
6.4672e-05
6.4672e-05
6.4672e-05
6.4672e-05
6.4672e-05
6.4672e-05
6.4672e-05
6.4672e-05
6.4672e-05
6.4672e-05
6.4672e-05
6.4672e-05
6.4672e-05
6.4672e-05
6.4672e-05
6.4672e-05
6.4672e-05
6.4672e-05
6.4672e-05
6.4672e-05
6.4672e-05
6.4672e-05
6.4672e-05
6.4672e-05
6.4672e-05
6.4672e-05
6.4672e-05
6.4672e-05
6.4672e-05
6.4672e-05
6.4672e-05
6.4672e-05
6.4672e-05
6.4672e-05
6.4672e-05
6.4672e-05
6.4672e-05
6.4672e-05
6.4672e-05
6.4672e-05
6.4672e-05
6.4672e-05
6.4672e-05
6.4672e-05
6.4672e-05
6.4672e-05
6.4672e-05
6.4672e-05
6.4672e-05
6.4672e-05
6.4672e-05
6.4672e-05
6.4672e-05
6.4672e-05
6.4672e-05
6.4672e-05
6.4672e-05
6.4672e-05
6.4672e-05
6.4672e-05
6.4672e-05
6.4672e-05
6.4672e-05
6.4672e-05
6.4672e-05
6.4672e-05
6.4672e-05
6.4672e-05
6.4672e-05
6.4672e-05
6.4672e-05
6.4672e-05
6.4672e-05
6.4672e-05
6.4672e-05
6.4672e-05
6.4672e-05
6.4672e-05
6.4672e-05
6.4672e-05
6.4672e-05
6.4672e-05
6.4672e-05
6.4672e-05
6.4672e-05
6.4672e-05
6.4672e-05
6.4672e-05
6.4672e-05
6.4672e-05
6.4672e-05
6.4672e-05
6.4672e-05
6.4672e-05
6.4672e-05
6.4672e-05
6.4672e-05
6.4672e-05
6.4672e-05
6.4672e-05
6.4672e-05
6.4672e-05
6.4672e-05
6.4672e-05
6.4672e-05
6.4672e-05
6.4672e-05
6.4672e-05
6.4672e-05
6.4672e-05
6.4672e-05
6.4672e-05
6.4672e-05
6.4672e-05
6.4672e-05
6.4672e-05
6.4672e-05
6.4672e-05
6.4672e-05
6.4672e-05
6.4672e-05
6.4672e-05
6.4672e-05
6.4672e-05
6.4672e-05
6.4672e-05
6.4672e-05
6.4672e-05
6.4672e-05
6.4672e-05
6.4672e-05
6.4672e-05
6.4672e-05
6.4672e-05
6.4672e-05
6.4672e-05
6.4672e-05
6.4672e-05
6.4672e-05
6.4672e-05
6.4672e-05
6.4672e-05
6.4672e-05
6.4672e-05
6.4672e-05
6.4672e-05
6.4672e-05
6.4672e-05
6.4672e-05
6.4672e-05
6.4672e-05
6.4672e-05
6.4672e-05
6.4672e-05
6.4672e-05
6.4672e-05
6.4672e-05
6.4672e-05
6.4672e-05
6.4672e-05
6.4672e-05
6.4672e-05
6.4672e-05
6.4672e-05
6.4672e-05
6.4672e-05
6.4672e-05
6.4672e-05
6.4672e-05
6.4672e-05
6.4672e-05
6.4672e-05
6.4672e-05
6.4672e-05
6.4672e-05
6.4672e-05
6.4672e-05
6.4672e-05
6.4672e-05
6.4672e-05
6.4672e-05
6.4672e-05
6.4672e-05
6.4672e-05
6.4672e-05
6.4672e-05
6.4672e-05
6.4672e-05
6.4672e-05
6.4672e-05
6.4672e-05
6.4672e-05
6.4672e-05
6.4672e-05
6.4672e-05
6.4672e-05
6.4672e-05
6.4672e-05
6.4672e-05
6.4672e-05
6.4672e-05
6.4672e-05
6.4672e-05
6.4672e-05
6.4672e-05
6.4672e-05
6.4672e-05
6.4672e-05
6.4672e-05
6.4672e-05
6.4672e-05
6.4672e-05
6.4672e-05
6.4672e-05
6.4672e-05
6.4672e-05
6.4672e-05
6.4672e-05
6.4672e-05
6.4672e-05
6.4672e-05
6.4672e-05
6.4672e-05
6.4672e-05
6.4672e-05
6.4672e-05
6.4672e-05
6.4672e-05
6.4672e-05
6.4672e-05
6.4672e-05
6.4672e-05
6.4672e-05
6.4672e-05
6.4672e-05
6.4672e-05
6.4672e-05
6.4672e-05
6.4672e-05
6.4672e-05
6.4672e-05
6.4672e-05
6.4672e-05
6.4672e-05
6.4672e-05
6.4672e-05
6.4672e-05
6.4672e-05
6.4672e-05
6.4672e-05
6.4672e-05
6.4672e-05
6.4672e-05
6.4672e-05
6.4672e-05
6.4672e-05
6.4672e-05
6.4672e-05
6.4672e-05
6.4672e-05
6.4672e-05
6.4672e-05
6.4672e-05
6.4672e-05
6.4672e-05
6.4672e-05
6.4672e-05
6.4672e-05
6.4672e-05
6.4672e-05
6.4672e-05
6.4672e-05
6.4672e-05
6.4672e-05
6.4672e-05
6.4672e-05
6.4672e-05
6.4672e-05
6.4672e-05
6.4672e-05
6.4672e-05
6.4672e-05
6.4672e-05
6.4672e-05
6.4672e-05
6.4672e-05
6.4672e-05
6.4672e-05
6.4672e-05
6.4672e-05
6.4672e-05
6.4672e-05
6.4672e-05
6.4672e-05
6.4672e-05
6.4672e-05
6.4672e-05
6.4672e-05
6.4672e-05
6.4672e-05
6.4672e-05
6.4672e-05
6.4672e-05
6.4672e-05
6.4672e-05
6.4672e-05
6.4672e-05
6.4672e-05
6.4672e-05
6.4672e-05
6.4672e-05
6.4672e-05
6.4672e-05
6.4672e-05
6.4672e-05
6.4672e-05
6.4672e-05
6.4672e-05
6.4672e-05
6.4672e-05
6.4672e-05
6.4672e-05
6.4672e-05
6.4672e-05
6.4672e-05
6.4672e-05
6.4672e-05
6.4672e-05
6.4672e-05
6.4672e-05
6.4672e-05
6.4672e-05
6.4672e-05
6.4672e-05
6.4672e-05
6.4672e-05
6.4672e-05
6.4672e-05
6.4672e-05
6.4672e-05
6.4672e-05
6.4672e-05
6.4672e-05
6.4672e-05
6.4672e-05
6.4672e-05
6.4672e-05
6.4672e-05
6.4672e-05
6.4672e-05
6.4672e-05
6.4672e-05
6.4672e-05
6.4672e-05
6.4672e-05
6.4672e-05
6.4672e-05
6.4672e-05
6.4672e-05
6.4672e-05
6.4672e-05
6.4672e-05
6.4672e-05
6.4672e-05
6.4672e-05
6.4672e-05
6.4672e-05
6.4672e-05
6.4672e-05
6.4672e-05
6.4672e-05
6.4672e-05
6.4672e-05
6.4672e-05
6.4672e-05
