0.0027406
0.00026323
0.0001663
0.00051516
0.00027522
0.00019684
0.00020178
0.0002501
0.00024927
0.00022969
0.00021092
0.00017119
0.00015919
6.3434e-05
3.2118e-05
3.0285e-05
4.2552e-05
2.3164e-05
1.6013e-05
1.5933e-05
1.4337e-05
9.0399e-06
8.1159e-06
7.474e-06
7.7911e-06
7.8401e-06
7.8434e-06
1.0471e-05
8.651e-06
8.0002e-06
7.776e-06
1.0267e-05
8.6089e-06
7.7407e-06
7.5919e-06
7.4976e-06
1.0058e-05
8.1758e-06
7.6577e-06
7.3851e-06
7.3773e-06
7.2178e-06
9.6645e-06
6.35e-06
6.8759e-06
7.0146e-06
7.0634e-06
8.4991e-06
1.113e-05
1.1898e-05
1.2215e-05
2.1947e-05
2.486e-05
2.5449e-05
2.5437e-05
2.541e-05
2.485e-05
2.4279e-05
2.4184e-05
2.3716e-05
2.3243e-05
3.0844e-05
2.5158e-05
2.3054e-05
2.216e-05
2.1692e-05
2.1321e-05
2.1339e-05
2.0699e-05
2.0206e-05
2.0249e-05
1.9706e-05
2.6351e-05
1.7068e-05
1.8231e-05
1.8665e-05
2.4737e-05
1.6139e-05
1.7384e-05
1.768e-05
1.7773e-05
1.7517e-05
1.73e-05
2.2877e-05
1.4793e-05
1.6173e-05
1.6431e-05
2.1839e-05
1.4275e-05
1.5448e-05
1.5768e-05
2.0756e-05
1.3687e-05
1.4951e-05
1.5009e-05
1.4952e-05
1.9785e-05
1.2993e-05
1.4064e-05
1.4331e-05
1.9007e-05
1.2492e-05
1.3586e-05
1.3678e-05
1.3711e-05
1.8307e-05
1.1924e-05
1.2906e-05
1.3249e-05
1.7446e-05
1.153e-05
1.2391e-05
1.2635e-05
1.2678e-05
1.6894e-05
1.1095e-05
1.1916e-05
1.2126e-05
1.2156e-05
1.6192e-05
1.0647e-05
1.1398e-05
1.1599e-05
1.1723e-05
1.1596e-05
1.542e-05
1.0145e-05
1.0951e-05
1.1117e-05
1.1144e-05
1.4788e-05
9.8208e-06
1.0525e-05
1.0801e-05
1.4226e-05
9.4986e-06
1.019e-05
1.0405e-05
1.0461e-05
1.3868e-05
9.1496e-06
9.8668e-06
1.0073e-05
1.0147e-05
1.0023e-05
1.3306e-05
8.7398e-06
9.478e-06
9.6549e-06
9.7399e-06
