1.1,0.97774,0.5,-0.010006,1,-0.0036318,0.90152,-0.010053,-0.010053,-0.012276,-0.010006,-0.010006,-0.010006
1.0099,1.095,0.5,0.0012296,-0.21524,-0.007702,0.086589,0.21438,0.0010552,0.086183,0.24982,0.0012296,-0.00080853
0.99371,1.1,0.16038,-0.00026019,0.040194,-0.0044136,0.054705,0.64146,0.0055349,0.92142,0.20492,0.00096941,0.00014439
1.0261,1.0095,-0.36624,0.0097725,0.42532,-0.0051226,0.16946,0.06057,0.0088851,0.92191,-0.03594,0.0061159,0.00072016
0.98825,1.0172,-0.26716,0.013451,0.2761,-0.0057245,0.090533,0.24861,0.0082723,0.9212,0.15648,0.005512,0.00015357
1.01,0.99999,-0.28998,0.015678,0.26473,-0.0043277,0.06475,0.28387,0.0072448,0.92113,0.19174,0.0044845,7.7603e-05
0.9976,1.0069,-0.30712,0.016897,0.24871,-0.0037156,0.066377,0.49017,0.0061982,0.92096,0.21221,0.0034662,4.6342e-05
1.018,0.99424,-0.41659,0.018117,0.30773,-0.0029754,0.082269,0.45424,0.0056898,0.92108,0.17628,0.0029578,0.00017103
1.0086,1.0102,-0.44187,0.018593,0.2862,-0.0030992,0.081998,0.47837,0.0050639,0.92103,0.20041,0.0023319,0.0001167
1.0081,1.016,-0.46524,0.019155,0.26915,-0.0028945,0.075555,0.47122,0.0047329,0.92086,0.21343,0.0020615,8.5332e-05
0.99845,1.0178,-0.47535,0.019662,0.2453,-0.002606,0.06938,0.48436,0.0045705,0.92083,0.22657,0.0018991,5.0324e-05
1.0085,1.0109,-0.49231,0.020234,0.23584,-0.0021294,0.056313,0.48404,0.0046528,0.92078,0.20647,0.00252,4.2244e-05
0.99918,1.0134,-0.49219,0.020101,0.21336,-0.0017696,0.052366,0.21415,0.0042757,0.92076,0.21658,0.002143,2.2969e-05
0.98909,1.0177,-0.36336,0.020395,0.081072,-0.0015062,0.020867,0.28356,0.0043005,0.92055,0.28599,0.0021678,-0.00018881
0.99786,1.0059,-0.36506,0.020897,0.081094,-0.00081697,0.010565,-0.12171,0.001166,0.92057,0.25543,0.0022843,-9.9452e-05
1.0016,1.0002,-0.17857,0.022806,-0.10334,-0.0013233,0.0099621,-0.10548,0.0019282,0.92031,0.33425,0.0030465,-0.00036222
1.0044,0.99762,-0.14627,0.023374,-0.13198,-0.0010586,0.013997,-0.070418,0.0016386,0.92043,0.29656,0.0027569,-0.00023885
1.0004,1.0004,-0.18968,0.023416,-0.087286,-0.0005019,0.0076198,-0.080742,0.0010805,0.92063,0.23543,0.0021988,-3.605e-05
1.0001,1.0007,-0.20556,0.024119,-0.070675,-0.00068848,0.0052674,-0.093115,0.0012821,0.92067,0.22306,0.0024004,-4.5616e-06
0.99966,1.0003,-0.2052,0.024386,-0.07031,-0.00054001,0.0052411,-0.09118,0.0011648,0.92066,0.22499,0.0022831,-6.8807e-06
0.99989,0.99952,-0.20484,0.024594,-0.070023,-0.00042004,0.004716,-0.051203,0.0010767,0.92066,0.22596,0.002195,-7.1522e-06
0.99929,1.0001,-0.22402,0.024742,-0.050559,-0.00034735,0.0029737,-0.060488,0.0010029,0.92069,0.21668,0.0021212,2.3319e-05
0.99945,0.9997,-0.22387,0.02487,-0.050439,-0.00026525,0.0026697,-0.057652,0.00095558,0.92068,0.2217,0.0020739,9.5019e-06
0.99976,0.99939,-0.22265,0.024965,-0.05141,-0.00020811,0.0024585,-0.057362,0.000916,0.92067,0.22474,0.0020343,1.4458e-06
0.99979,0.99937,-0.22114,0.025032,-0.05265,-0.00017521,0.0025629,-0.055696,0.00088193,0.92067,0.22641,0.0020002,-2.5806e-06
0.99976,0.9994,-0.22102,0.025081,-0.052512,-0.00015206,0.002579,-0.055553,0.00085601,0.92067,0.22655,0.0019743,-2.2292e-06
0.99975,0.99942,-0.22088,0.025118,-0.052386,-0.00013407,0.0025801,-0.055475,0.00083702,0.92067,0.22663,0.0019553,-1.8874e-06
0.99887,1.0003,-0.22066,0.025188,-0.052262,-0.00023992,0.0034444,-0.055348,0.00086519,0.92067,0.22676,0.0019835,-3.1314e-06
0.99944,0.99971,-0.22058,0.025155,-0.052052,-0.00012869,0.0028457,-0.0554,0.0008065,0.92067,0.2267,0.0019248,-1.1878e-06
0.99964,0.99951,-0.22043,0.025177,-0.051933,-0.0001086,0.0026316,-0.055393,0.00080436,0.92067,0.22671,0.0019227,-1.1446e-06
0.9997,0.99945,-0.2203,0.025191,-0.051806,-9.8165e-05,0.0025579,-0.055398,0.00079976,0.92067,0.22671,0.0019181,-9.8903e-07
0.99888,1.0003,-0.22004,0.025217,-0.051729,-0.00018343,0.0033774,-0.055272,0.00081049,0.92067,0.22683,0.0019288,-1.699e-06
0.99934,0.9997,-0.22,0.025197,-0.051483,-0.00010649,0.0028319,-0.055383,0.0007859,0.92067,0.22672,0.0019042,-6.1509e-07
0.99962,0.99943,-0.21985,0.02521,-0.051369,-8.9793e-05,0.0025463,-0.055387,0.00078977,0.92067,0.22672,0.0019081,-7.1807e-07
0.99966,0.9994,-0.21973,0.025217,-0.05124,-8.4545e-05,0.0024973,-0.055401,0.00078843,0.92067,0.2267,0.0019067,-6.3718e-07
0.99968,0.99938,-0.2196,0.025221,-0.051123,-8.1141e-05,0.0024663,-0.055403,0.00078679,0.92067,0.2267,0.0019051,-5.7996e-07
0.99879,1.0002,-0.21936,0.025229,-0.051046,-0.00015838,0.0033085,-0.055283,0.00079022,0.92067,0.22682,0.0019085,-1.0498e-06
0.99939,0.9996,-0.21931,0.025216,-0.050819,-9.5076e-05,0.0026894,-0.055388,0.00077892,0.92067,0.22672,0.0018972,-3.8809e-07
0.99953,0.99942,-0.21918,0.025222,-0.050696,-8.345e-05,0.002519,-0.055398,0.00078321,0.92067,0.22671,0.0019015,-4.877e-07
0.99961,0.99935,-0.21906,0.025227,-0.050579,-7.8358e-05,0.0024293,-0.055405,0.00078432,0.92067,0.2267,0.0019026,-4.9969e-07
0.99957,0.99932,-0.21893,0.025229,-0.050463,-7.6147e-05,0.0024267,-0.055409,0.00078376,0.92067,0.2267,0.0019021,-4.7105e-07
0.99961,0.99928,-0.21882,0.025232,-0.050344,-7.4053e-05,0.0023743,-0.055415,0.00078358,0.92067,0.22669,0.0019019,-4.4659e-07
0.99879,1.0001,-0.21858,0.025235,-0.050277,-0.00014707,0.0031791,-0.055296,0.0007845,0.92067,0.22681,0.0019028,-8.3661e-07
0.99987,0.99903,-0.21861,0.025225,-0.050034,-4.5185e-05,0.0020888,-0.055466,0.0007787,0.92067,0.22664,0.001897,-1.4333e-07
0.99969,0.99921,-0.21844,0.025236,-0.049983,-6.7752e-05,0.0022618,-0.055416,0.00078529,0.92067,0.22669,0.0019036,-4.951e-07
0.99964,0.99927,-0.21833,0.025236,-0.049869,-7.0531e-05,0.0023074,-0.055421,0.00078293,0.92067,0.22668,0.0019012,-4.0915e-07
0.99961,0.9993,-0.21822,0.025236,-0.049758,-7.1324e-05,0.0023235,-0.087771,0.00078189,0.92067,0.22668,0.0019002,-3.782e-07
1.0005,0.99846,-0.20603,0.025236,-0.061605,-3.4765e-05,0.0027958,-0.083783,0.00078121,0.92066,0.23067,0.0018995,-1.2478e-05
1.0001,0.99887,-0.20177,0.025229,-0.065406,-8.1203e-05,0.0036612,-0.0837,0.00077766,0.92066,0.23075,0.001896,-1.2623e-05
0.99983,0.99916,-0.20153,0.025216,-0.065148,-0.00010109,0.0039139,-0.085673,0.00077237,0.92066,0.22878,0.0018907,-6.4657e-06
0.99963,0.99924,-0.20128,0.025207,-0.064887,-0.00010912,0.004018,-0.14998,0.00077229,0.92067,0.2278,0.0018906,-3.4788e-06
1.0013,0.99751,-0.16937,0.025203,-0.095435,-0.00010758,0.0072192,-0.13464,0.00077472,0.92062,0.24314,0.001893,-5.0195e-05
1.0002,0.99859,-0.16868,0.025152,-0.094603,-0.00018216,0.0081775,-0.14258,0.00075222,0.92064,0.2352,0.0018705,-2.5361e-05
0.99987,0.999,-0.16793,0.025123,-0.093814,-0.00021288,0.0083714,-0.14652,0.00075197,0.92066,0.23126,0.0018703,-1.3385e-05
0.99977,0.99917,-0.16716,0.025104,-0.09306,-0.00022673,0.0083674,-0.14848,0.00075723,0.92066,0.2293,0.0018755,-7.5971e-06
0.99957,0.99923,-0.16639,0.025092,-0.092316,-0.00023317,0.0083585,-0.14946,0.00076323,0.92067,0.22832,0.0018815,-4.7992e-06
0.99957,0.99913,-0.16563,0.025087,-0.091603,-0.0002324,0.0081742,-0.14995,0.00076965,0.92067,0.22783,0.001888,-3.4848e-06
0.99967,0.9991,-0.1649,0.025084,-0.090905,-0.00023217,0.0079864,-0.15022,0.00077351,0.92067,0.22756,0.0018918,-2.8012e-06
0.99953,0.99915,-0.16418,0.02508,-0.090214,-0.00023379,0.0079552,-0.15035,0.00077524,0.92067,0.22743,0.0018935,-2.439e-06
0.99954,0.99909,-0.16348,0.02508,-0.08954,-0.00023103,0.0078012,-0.15043,0.00077812,0.92067,0.22735,0.0018964,-2.2874e-06
0.99961,0.99908,-0.1628,0.025081,-0.088892,-0.00022918,0.0076457,-0.15048,0.00077969,0.92067,0.2273,0.001898,-2.1976e-06
0.99708,1.0017,-0.16142,0.025079,-0.088525,-0.00045495,0.010146,-0.1498,0.00077927,0.92067,0.22798,0.0018976,-4.2445e-06
0.99877,1.0001,-0.16124,0.025045,-0.087271,-0.0002857,0.0082756,-0.15042,0.00076304,0.92067,0.22736,0.0018813,-1.8735e-06
0.9994,0.99953,-0.16053,0.025063,-0.086685,-0.00024706,0.0075836,-0.15046,0.00078066,0.92067,0.22732,0.001899,-2.2826e-06
0.99962,0.99937,-0.15988,0.025073,-0.086094,-0.00023163,0.0072895,-0.15051,0.00078546,0.92067,0.22727,0.0019038,-2.2656e-06
0.99971,0.99936,-0.15925,0.025079,-0.085501,-0.00022372,0.0071357,-0.15056,0.0007863,0.92065,0.22723,0.0019046,-2.1586e-06
0.99978,0.99937,-0.15864,0.025084,-0.084918,-0.00021804,0.0070136,-0.15059,0.00078626,0.92065,0.22719,0.0019046,-2.065e-06
0.99954,0.99935,-0.15804,0.025089,-0.084333,-0.00021394,0.0070194,-0.15061,0.00078592,0.92065,0.22717,0.0019042,-1.9945e-06
0.99959,0.99915,-0.15744,0.025096,-0.083783,-0.00020502,0.0068089,-0.15062,0.00078717,0.92064,0.22716,0.0019055,-1.9924e-06
0.9997,0.99912,-0.15687,0.0251,-0.083238,-0.00020155,0.0066468,-0.15052,0.00078627,0.92064,0.22714,0.0019046,-1.901e-06
0.99953,0.99918,-0.15638,0.025102,-0.082626,-0.00020157,0.0066609,-0.15057,0.00078459,0.92064,0.22709,0.0019029,-1.706e-06
0.99966,0.99913,-0.15582,0.025106,-0.082113,-0.0001969,0.0064823,-0.15056,0.00078498,0.92064,0.2271,0.0019033,-1.743e-06
0.99737,1.0013,-0.1548,0.025111,-0.081773,-0.00039087,0.0086682,-0.15004,0.00078702,0.92068,0.22762,0.0019054,-3.3709e-06
1.0002,0.9984,-0.15493,0.025087,-0.080735,-0.00012106,0.0056144,-0.15078,0.00077513,0.92067,0.22688,0.0018934,-7.5645e-07
0.99981,0.99883,-0.15418,0.025117,-0.080539,-0.00017767,0.0059972,-0.15056,0.00079323,0.92067,0.2271,0.0019115,-1.9831e-06
0.99956,0.99901,-0.15371,0.025117,-0.080052,-0.00018554,0.0061397,-0.15059,0.00078687,0.92067,0.22707,0.0019052,-1.7123e-06
0.99754,1.0011,-0.15274,0.025123,-0.07978,-0.00036863,0.0081372,-0.15009,0.00078903,0.92069,0.22756,0.0019074,-3.2723e-06
1.0002,0.99843,-0.15287,0.025099,-0.078802,-0.00011488,0.005309,-0.15081,0.0007755,0.92067,0.22685,0.0018938,-7.0352e-07
0.9998,0.99887,-0.15217,0.025127,-0.078618,-0.00016949,0.0057185,-0.1506,0.00079209,0.92067,0.22706,0.0019104,-1.8332e-06
0.99965,0.99906,-0.15174,0.025126,-0.078162,-0.00017665,0.0058158,-0.15063,0.00078611,0.92067,0.22703,0.0019044,-1.5676e-06
0.99951,0.99911,-0.15129,0.025127,-0.077721,-0.00017767,0.0058463,-0.15063,0.00078416,0.92067,0.22703,0.0019025,-1.4902e-06
0.9995,0.99907,-0.15085,0.02513,-0.077287,-0.00017496,0.0057622,-0.15064,0.00078408,0.92067,0.22702,0.0019024,-1.4637e-06
0.99949,0.99904,-0.1504,0.025133,-0.076867,-0.00017296,0.0056907,-0.15065,0.00078373,0.92067,0.22701,0.001902,-1.4393e-06
0.99761,1.0009,-0.14954,0.025137,-0.076615,-0.00034152,0.0075252,-0.15021,0.00078547,0.92067,0.22744,0.0019038,-2.8001e-06
1.0002,0.99846,-0.14966,0.025115,-0.075754,-0.00010685,0.004866,-0.15084,0.00077505,0.92067,0.22682,0.0018933,-5.8618e-07
0.99974,0.99895,-0.14905,0.025139,-0.075579,-0.00015955,0.0053202,-0.15066,0.00078996,0.92067,0.227,0.0019083,-1.5875e-06
0.99959,0.99908,-0.14866,0.025139,-0.075178,-0.00016454,0.005405,-0.15068,0.00078545,0.92067,0.22698,0.0019037,-1.3961e-06
0.99777,1.0009,-0.14785,0.025145,-0.074944,-0.00032748,0.0071839,-0.15027,0.00078733,0.92067,0.22739,0.0019056,-2.6791e-06
1.0002,0.99854,-0.14797,0.025123,-0.074128,-0.00010194,0.0046958,-0.15086,0.00077563,0.92067,0.2268,0.0018939,-5.4945e-07
0.99978,0.99899,-0.14739,0.025146,-0.073975,-0.00015204,0.0050817,-0.15068,0.00079,0.92067,0.22698,0.0019083,-1.5163e-06
0.99958,0.99911,-0.14702,0.025147,-0.07359,-0.00015739,0.0051869,-0.15071,0.00078553,0.92067,0.22695,0.0019038,-1.3139e-06
0.99793,1.0008,-0.14626,0.025153,-0.07338,-0.00031147,0.0068276,-0.15033,0.00078743,0.92067,0.22733,0.0019057,-2.5251e-06
1.0002,0.9986,-0.14637,0.025131,-0.072616,-9.7844e-05,0.0045021,-0.15081,0.00077563,0.92067,0.22679,0.0018939,-5.0626e-07
0.99967,0.99901,-0.14587,0.025154,-0.072424,-0.00014586,0.0049181,-0.15067,0.00078941,0.92067,0.22693,0.0019077,-1.358e-06
0.99957,0.99904,-0.14551,0.025155,-0.07208,-0.00014838,0.0049372,-0.15064,0.00078568,0.92067,0.22693,0.001904,-1.2327e-06
0.99952,0.99906,-0.14519,0.025156,-0.071715,-0.00014898,0.0049183,-0.15066,0.00078391,0.92067,0.22691,0.0019022,-1.1321e-06
0.99792,1.0007,-0.14449,0.02516,-0.071514,-0.00029613,0.0065082,-0.1503,0.00078548,0.92067,0.22726,0.0019038,-2.2537e-06
1.0001,0.99858,-0.14458,0.02514,-0.070814,-9.2744e-05,0.0042739,-0.1508,0.00077579,0.92067,0.22677,0.0018941,-4.5668e-07
0.99973,0.99898,-0.14408,0.025161,-0.070672,-0.00013821,0.0046264,-0.15065,0.00078903,0.92067,0.22692,0.0019073,-1.3087e-06
0.99958,0.9991,-0.14377,0.025161,-0.07034,-0.00014335,0.0047143,-0.15067,0.00078489,0.92067,0.2269,0.0019032,-1.1343e-06
0.99803,1.0007,-0.14311,0.025166,-0.070155,-0.00028556,0.0062522,-0.15034,0.00078632,0.92067,0.22723,0.0019046,-2.186e-06
1.0001,0.99865,-0.1432,0.025146,-0.069493,-8.9108e-05,0.0041093,-0.15081,0.00077612,0.92067,0.22676,0.0018944,-4.3868e-07
0.99969,0.999,-0.14273,0.025167,-0.069355,-0.00013246,0.004469,-0.15067,0.00078908,0.92067,0.2269,0.0019074,-1.2527e-06
0.99963,0.99908,-0.14242,0.025167,-0.069049,-0.00013636,0.0044992,-0.15069,0.00078523,0.92067,0.22689,0.0019035,-1.0925e-06
0.99959,0.99915,-0.14212,0.025168,-0.068743,-0.00013808,0.0045103,-0.15069,0.0007834,0.92067,0.22688,0.0019017,-1.0136e-06
0.99803,1.0007,-0.14151,0.025171,-0.068548,-0.00027435,0.0060221,-0.15039,0.00078444,0.92067,0.22718,0.0019027,-1.9582e-06
1.0001,0.99868,-0.14158,0.025155,-0.067936,-8.4801e-05,0.0039225,-0.15082,0.00077639,0.92067,0.22675,0.0018947,-4.0214e-07
0.99976,0.99904,-0.14115,0.025174,-0.067806,-0.00012643,0.0042453,-0.1507,0.00078819,0.92067,0.22687,0.0019065,-1.1481e-06
0.99956,0.99915,-0.14086,0.025173,-0.067521,-0.0001314,0.0043583,-0.1507,0.00078424,0.92067,0.22687,0.0019025,-1.007e-06
0.99812,1.0005,-0.14029,0.025178,-0.067343,-0.00026014,0.0057389,-0.15042,0.00078647,0.92067,0.22715,0.0019048,-1.9283e-06
0.99997,0.99863,-0.14036,0.02516,-0.06676,-8.1364e-05,0.0037927,-0.15083,0.00077666,0.92067,0.22674,0.001895,-3.8132e-07
0.99968,0.99894,-0.13995,0.02518,-0.06664,-0.00012085,0.004076,-0.15071,0.00078847,0.92067,0.22686,0.0019068,-1.1098e-06
0.99958,0.99907,-0.13968,0.025179,-0.066368,-0.00012622,0.0041563,-0.15072,0.00078407,0.92067,0.22685,0.0019024,-9.4389e-07
0.99954,0.99913,-0.13941,0.025179,-0.066097,-0.00012753,0.0041705,-0.15072,0.00078251,0.92067,0.22684,0.0019008,-8.8176e-07
0.99813,1.0005,-0.13887,0.025182,-0.065929,-0.00025345,0.0055572,-0.15045,0.00078353,0.92067,0.22711,0.0019018,-1.73e-06
0.99994,0.99868,-0.13894,0.025165,-0.065381,-7.9267e-05,0.0036496,-0.15083,0.0007762,0.92067,0.22673,0.0018945,-3.3707e-07
0.99966,0.99897,-0.13856,0.025184,-0.065267,-0.00011668,0.0039199,-0.15072,0.00078806,0.92067,0.22684,0.0019064,-1.0438e-06
0.99957,0.99908,-0.13831,0.025183,-0.065017,-0.00012136,0.0039889,-0.15073,0.00078422,0.92067,0.22683,0.0019025,-9.0495e-07
0.99953,0.99913,-0.13805,0.025184,-0.06477,-0.00012257,0.0039986,-0.15073,0.0007829,0.92067,0.22683,0.0019012,-8.5848e-07
0.99818,1.0005,-0.13755,0.025186,-0.064613,-0.00024312,0.0053263,-0.15048,0.00078391,0.92067,0.22708,0.0019022,-1.6517e-06
0.99993,0.99871,-0.13761,0.025171,-0.064099,-7.54e-05,0.0035022,-0.15084,0.00077686,0.92067,0.22672,0.0018952,-3.3341e-07
0.99968,0.99898,-0.13724,0.025189,-0.063994,-0.00011124,0.0037495,-0.15058,0.00078809,0.92067,0.22683,0.0019064,-9.9974e-07
0.99959,0.9991,-0.13709,0.025188,-0.063673,-0.00011645,0.0038156,-0.15079,0.00078421,0.92067,0.22677,0.0019025,-7.2523e-07
0.99952,0.99915,-0.13677,0.025189,-0.063517,-0.00011781,0.0038563,-0.15073,0.00078281,0.92067,0.22683,0.0019011,-8.616e-07
0.99954,0.99915,-0.13653,0.025191,-0.063285,-0.00011663,0.0038144,-0.15074,0.00078242,0.92067,0.22682,0.0019007,-8.1319e-07
0.99828,1.0004,-0.13606,0.025192,-0.063143,-0.00023125,0.0050725,-0.1505,0.00078292,0.92067,0.22705,0.0019012,-1.5374e-06
0.99994,0.99876,-0.13613,0.025177,-0.062657,-7.275e-05,0.0033372,-0.15085,0.00077655,0.92067,0.22671,0.0018948,-2.9316e-07
0.99966,0.99903,-0.13579,0.025195,-0.062562,-0.00010725,0.0036023,-0.15075,0.00078736,0.92067,0.22681,0.0019057,-9.3297e-07
0.99959,0.99912,-0.13557,0.025194,-0.062341,-0.00011093,0.003657,-0.15076,0.0007838,0.92067,0.2268,0.0019021,-7.9897e-07
0.99956,0.99916,-0.13534,0.025195,-0.062123,-0.00011214,0.0036658,-0.15076,0.00078256,0.92067,0.2268,0.0019009,-7.5203e-07
0.99839,1.0004,-0.1349,0.025196,-0.061984,-0.00022318,0.0048645,-0.15054,0.00078302,0.92067,0.22702,0.0019013,-1.4274e-06
0.99995,0.99883,-0.13496,0.025181,-0.061525,-7.0484e-05,0.0032305,-0.15086,0.00077663,0.92067,0.2267,0.0018949,-2.6535e-07
0.99971,0.99908,-0.13463,0.025199,-0.061436,-0.00010333,0.0034622,-0.15076,0.00078737,0.92067,0.2268,0.0019057,-8.8926e-07
0.99956,0.99916,-0.13442,0.025198,-0.061215,-0.00010715,0.0035531,-0.15078,0.00078373,0.92067,0.22678,0.001902,-7.4225e-07
0.99843,1.0003,-0.13399,0.025201,-0.061097,-0.00021339,0.0046796,-0.15056,0.00078511,0.92067,0.227,0.0019034,-1.4434e-06
0.99991,0.99879,-0.13406,0.025185,-0.060656,-6.7272e-05,0.0031245,-0.15087,0.0007772,0.92067,0.22669,0.0018955,-2.6508e-07
0.99968,0.99904,-0.13374,0.025202,-0.060574,-9.9771e-05,0.0033519,-0.15077,0.00078741,0.92067,0.22679,0.0019057,-8.6445e-07
0.99959,0.99914,-0.13355,0.025201,-0.060362,-0.00010408,0.0034226,-0.15079,0.00078378,0.92067,0.22677,0.0019021,-7.1167e-07
0.99955,0.99918,-0.13334,0.025202,-0.060166,-0.00010509,0.0034413,-0.15078,0.00078257,0.92067,0.22678,0.0019009,-6.7988e-07
0.99842,1.0003,-0.13295,0.025204,-0.06003,-0.00020837,0.0045617,-0.15059,0.00078331,0.92067,0.22697,0.0019016,-1.2874e-06
0.99992,0.99882,-0.13299,0.02519,-0.059625,-6.5409e-05,0.0030097,-0.15087,0.00077702,0.92067,0.22669,0.0018953,-2.4187e-07
0.99968,0.99907,-0.1327,0.025206,-0.059538,-9.6925e-05,0.0032457,-0.15079,0.00078663,0.92067,0.22677,0.0019049,-7.9378e-07
0.99959,0.99917,-0.1325,0.025205,-0.059348,-0.00010081,0.0033135,-0.15079,0.00078329,0.92067,0.22677,0.0019016,-6.7709e-07
0.99951,0.99918,-0.13232,0.025206,-0.059146,-0.00010135,0.0033377,-0.1508,0.00078233,0.92067,0.22676,0.0019006,-6.2543e-07
0.99952,0.99915,-0.13212,0.025207,-0.058963,-9.9996e-05,0.003297,-0.1508,0.00078214,0.92067,0.22676,0.0019004,-6.2956e-07
0.99843,1.0003,-0.13174,0.025209,-0.058852,-0.00019909,0.004377,-0.1506,0.00078284,0.92067,0.22696,0.0019011,-1.2336e-06
0.99992,0.99882,-0.1318,0.025197,-0.058458,-6.1585e-05,0.0028749,-0.15088,0.00077737,0.92067,0.22668,0.0018957,-2.2831e-07
0.99967,0.99908,-0.13152,0.025211,-0.058383,-9.2308e-05,0.0031177,-0.1508,0.00078595,0.92067,0.22676,0.0019042,-7.4637e-07
0.9996,0.99917,-0.13134,0.02521,-0.058204,-9.6156e-05,0.0031759,-0.1508,0.00078295,0.92067,0.22676,0.0019013,-6.3641e-07
0.99953,0.9992,-0.13117,0.02521,-0.058017,-9.7164e-05,0.0032039,-0.15081,0.00078193,0.92067,0.22675,0.0019002,-5.8598e-07
