70.136
0.11574
0.14294
0.062015
0.034556
0.023018
0.037341
0.02971
0.026008
0.021848
0.019834
0.0153
0.035396
0.015793
0.054096
0.034821
0.009141
0.0054808
0.0032087
0.0027934
0.010331
0.0051667
0.0023233
0.0012595
0.0012924
0.0012964
0.0012966
0.00086479
0.00071502
0.00066141
0.00064295
0.00042395
0.00035599
0.00031999
0.00031373
0.00030982
0.00020765
0.00016892
0.00015825
0.00015259
0.00015244
0.00014911
9.9734e-05
0.0001313
0.00014205
0.00014486
0.0010277
0.0010828
0.00069664
0.00056419
0.00414
0.0022636
0.0014943
0.001211
0.0011125
0.0010799
0.001046
0.0010176
0.0010117
0.0009912
0.00097081
0.00064253
0.00052514
0.00048131
0.00046247
0.00045258
0.00044465
0.00044506
0.00043158
0.00042085
0.0004218
0.00041047
0.00027387
0.00035636
0.00037979
0.00038853
0.00025696
0.00033666
0.00036183
0.00036777
0.00036969
0.00036433
0.00035972
0.00023743
0.00030831
0.00033629
0.00034148
0.00022657
0.00029727
0.00032111
0.00032758
0.00021523
0.00028468
0.00031056
0.00031161
0.00031039
0.00020507
0.00027022
0.00029202
0.00029743
0.00019694
0.00025969
0.00028199
0.00028378
0.00028444
0.00018963
0.0002478
0.00026772
0.00027483
0.00018068
0.0002395
0.00025701
0.00026198
0.00026277
0.00017486
0.00023035
0.00024706
0.00025131
0.00025189
0.00016756
0.00022096
0.000236
0.00024046
0.0002429
0.00024022
0.00015953
0.00021049
0.00022689
0.00023025
0.00023078
0.00015296
0.00020367
0.00021802
0.00022366
0.0001471
0.00019691
0.00021101
0.00021535
0.00021656
0.00014337
0.00018965
0.00020425
0.00020847
0.00020999
0.00020742
0.00013753
0.00018112
0.00019617
0.00019978
0.00020152
