11.622
1.7619
1.6935
1.5624
1.5051
1.5064
1.5033
1.5095
1.5252
1.6107
1.6518
1.6504
1.6383
1.6249
1.6135
1.6048
1.5983
1.5937
1.5903
1.588
1.5863
1.5851
1.5842
1.5836
1.5832
1.5829
1.5827
1.5825
1.5824
1.5823
1.5823
1.5822
1.5822
1.5822
1.5822
1.5822
1.5822
1.5822
1.5822
1.5822
1.5822
1.5822
1.5822
1.5822
1.5822
1.5822
1.5822
1.5822
1.5822
1.5822
1.5822
1.5822
1.5822
1.5822
1.5822
1.5822
1.5822
1.5822
1.5822
1.5822
1.5822
1.5822
1.5822
1.5822
1.5822
1.5822
1.5822
1.5822
1.5822
1.5822
1.5822
1.5822
1.5822
1.5822
1.5822
1.5822
1.5822
1.5822
1.5822
1.5822
1.5822
1.5822
1.5822
1.5822
1.5822
1.5822
1.5822
1.5822
1.5822
1.5822
1.5822
1.5821
1.5821
1.5821
1.5821
1.5821
1.5821
1.5821
1.5821
1.5821
1.5821
1.5821
1.5821
1.5821
1.5821
1.5821
1.5821
1.5821
1.5821
1.5821
1.5821
1.5821
1.5821
1.5821
1.5821
1.5821
1.5822
1.5823
1.5825
1.5827
1.5828
1.5826
1.5826
1.5825
1.5824
1.5824
1.5824
1.5824
1.5825
1.5825
1.5825
1.5825
1.5825
1.5825
1.5825
1.5824
1.5824
1.5824
1.5825
1.5825
1.5825
1.5825
1.5825
1.5825
1.5825
1.5824
1.5824
1.5824
1.5825
1.5825
1.5825
1.5825
1.5825
1.5825
1.5825
1.5824
1.5824
1.5824
1.5825
1.5825
1.5825
1.5825
1.5825
1.5825
1.5825
1.5824
1.5824
1.5824
1.5825
1.5825
1.5825
1.5825
1.5825
1.5825
1.5825
1.5824
1.5824
1.5824
1.5825
1.5825
1.5825
1.5825
1.5825
1.5825
1.5825
1.5824
1.5824
1.5824
1.5825
1.5825
1.5825
1.5825
1.5825
1.5825
1.5825
1.5824
1.5824
1.5824
1.5825
1.5825
