0.0032746,-0.0033255,-6.0736,-0.0023429,6.0736,0.0024927,-2.8535e-05
0.20198,-0.20198,-5.1714,0.0051408,5.1726,0.0071396,-0.00018855
0.40078,-0.40078,-4.329,0.0093616,4.3315,0.015006,-0.00037409
0.79944,-0.79944,-2.9218,0.019592,2.9267,0.029014,-0.0007462
1.2762,-1.2762,-0.69625,0.025603,0.70401,0.051991,-0.0011912
1.2837,-1.2837,0.84608,0.021345,-0.83827,0.056707,-0.0011982
1.2679,-1.2679,1.9157,0.020089,-1.908,0.057001,-0.0011835
1.2983,-1.2983,2.6604,0.020705,-2.6525,0.05823,-0.0012118
1.4505,-1.4505,2.7515,0.021397,-2.7426,0.066795,-0.0013539
1.5218,-1.5218,2.6577,0.013048,-2.6485,0.079476,-0.0014204
1.5249,-1.5249,2.5481,0.0036995,-2.5388,0.089013,-0.0014233
1.5258,-1.5258,2.4417,-0.00094932,-2.4324,0.093718,-0.0014242
1.5276,-1.5276,2.2623,-0.003006,-2.253,0.095885,-0.0014259
1.5294,-1.5294,2.1217,-0.0025016,-2.1124,0.095489,-0.0014275
1.5312,-1.5312,2.0157,-0.0014999,-2.0064,0.094595,-0.0014292
1.5329,-1.5329,1.9376,-0.00069476,-1.9282,0.093896,-0.0014308
1.5346,-1.5346,1.8807,-0.00021041,-1.8714,0.093512,-0.0014324
1.5362,-1.5362,1.8396,2.823e-05,-1.8303,0.093375,-0.0014339
1.5378,-1.5378,1.81,0.0001157,-1.8007,0.093382,-0.0014354
1.5394,-1.5394,1.7887,0.00013382,-1.7794,0.09346,-0.0014369
1.541,-1.541,1.7734,0.00012395,-1.7641,0.093566,-0.0014383
1.5425,-1.5425,1.7624,0.00010623,-1.7531,0.09368,-0.0014398
1.544,-1.544,1.7545,8.5634e-05,-1.7452,0.093791,-0.0014412
1.5455,-1.5455,1.7489,7.7195e-05,-1.7395,0.093891,-0.0014426
1.547,-1.547,1.7448,7.0392e-05,-1.7354,0.093988,-0.001444
1.5478,-1.5478,1.7433,4.6962e-05,-1.7339,0.094057,-0.0014447
1.5493,-1.5493,1.7409,4.1949e-05,-1.7315,0.094156,-0.0014461
1.5508,-1.5508,1.7392,4.9445e-05,-1.7297,0.094239,-0.0014475
1.5523,-1.5523,1.7379,5.721e-05,-1.7285,0.094323,-0.0014489
1.5538,-1.5538,1.737,6.0606e-05,-1.7275,0.09441,-0.0014503
1.5545,-1.5545,1.7366,4.4567e-05,-1.7272,0.094472,-0.001451
1.5549,-1.5549,1.7365,2.193e-05,-1.727,0.094514,-0.0014513
1.5551,-1.5551,1.7364,8.8422e-06,-1.727,0.09454,-0.0014515
1.5552,-1.5552,1.7364,1.6648e-06,-1.7269,0.094554,-0.0014516
1.5554,-1.5554,1.7363,-5.9176e-06,-1.7269,0.094573,-0.0014518
1.5555,-1.5555,1.7363,-4.2136e-06,-1.7268,0.094578,-0.0014519
1.5556,-1.5556,1.7362,-1.5656e-06,-1.7268,0.094582,-0.001452
1.5557,-1.5557,1.7362,1.6861e-07,-1.7267,0.094586,-0.0014521
1.5558,-1.5558,1.7361,1.2039e-06,-1.7267,0.094591,-0.0014522
1.5559,-1.5559,1.7361,1.2557e-06,-1.7266,0.094597,-0.0014523
1.556,-1.556,1.7361,9.5014e-07,-1.7266,0.094603,-0.0014524
1.5561,-1.5561,1.7361,5.8674e-07,-1.7266,0.09461,-0.0014525
1.5562,-1.5562,1.7361,-5.4877e-08,-1.7266,0.094617,-0.0014526
1.5563,-1.5563,1.7361,-3.3531e-07,-1.7266,0.094623,-0.0014526
1.5564,-1.5564,1.7361,-6.0664e-08,-1.7266,0.094629,-0.0014527
1.5565,-1.5565,1.7361,1.1652e-07,-1.7266,0.094635,-0.0014528
1.5566,-1.5566,1.7361,2.4491e-07,-1.7266,0.094641,-0.0014529
1.5567,-1.5567,1.7361,2.2376e-07,-1.7266,0.094647,-0.001453
1.5568,-1.5568,1.7361,2.5287e-07,-1.7266,0.094653,-0.0014531
1.5569,-1.5569,1.7361,3.0713e-07,-1.7266,0.094659,-0.0014532
1.5571,-1.5571,1.736,5.8249e-07,-1.7266,0.09467,-0.0014534
1.5572,-1.5572,1.736,9.6087e-07,-1.7265,0.094676,-0.0014535
1.5573,-1.5573,1.736,6.9372e-07,-1.7265,0.094683,-0.0014536
1.5574,-1.5574,1.736,-2.4837e-08,-1.7265,0.09469,-0.0014537
1.5575,-1.5575,1.736,-3.4379e-07,-1.7265,0.094696,-0.0014538
1.5576,-1.5576,1.736,-8.8423e-08,-1.7265,0.094702,-0.0014539
1.5577,-1.5577,1.736,7.911e-08,-1.7265,0.094708,-0.001454
1.5578,-1.5578,1.736,2.0267e-07,-1.7265,0.094714,-0.001454
1.5579,-1.5579,1.736,3.0422e-07,-1.7265,0.09472,-0.0014541
1.558,-1.558,1.736,3.9475e-07,-1.7265,0.094726,-0.0014542
1.5581,-1.5581,1.736,3.5464e-07,-1.7265,0.094732,-0.0014543
1.5582,-1.5582,1.736,3.7426e-07,-1.7265,0.094738,-0.0014544
1.5583,-1.5583,1.736,4.2377e-07,-1.7265,0.094744,-0.0014545
1.5584,-1.5584,1.736,3.6313e-07,-1.7265,0.09475,-0.0014546
1.5585,-1.5585,1.736,3.7247e-07,-1.7265,0.094756,-0.0014547
1.5586,-1.5586,1.736,4.1683e-07,-1.7265,0.094762,-0.0014548
1.5587,-1.5587,1.736,3.5362e-07,-1.7265,0.094768,-0.0014549
1.5588,-1.5588,1.736,3.6167e-07,-1.7265,0.094774,-0.001455
1.5589,-1.5589,1.736,4.0539e-07,-1.7265,0.09478,-0.0014551
1.559,-1.559,1.736,4.6674e-07,-1.7265,0.094786,-0.0014552
1.5591,-1.5591,1.736,4.1203e-07,-1.7265,0.094792,-0.0014553
1.5592,-1.5592,1.736,2.9921e-07,-1.7265,0.094799,-0.0014554
1.5593,-1.5593,1.736,-2.1696e-07,-1.7265,0.094805,-0.0014554
1.5594,-1.5594,1.736,6.4791e-08,-1.7265,0.094811,-0.0014555
1.5595,-1.5595,1.736,2.4553e-07,-1.7265,0.094817,-0.0014556
1.5596,-1.5596,1.736,2.5059e-07,-1.7265,0.094823,-0.0014557
1.5597,-1.5597,1.736,2.9281e-07,-1.7265,0.094829,-0.0014558
1.5598,-1.5598,1.736,3.5364e-07,-1.7265,0.094835,-0.0014559
1.5599,-1.5599,1.736,4.2379e-07,-1.7265,0.094841,-0.001456
1.56,-1.56,1.736,3.7348e-07,-1.7265,0.094847,-0.0014561
1.5601,-1.5601,1.736,3.8799e-07,-1.7265,0.094853,-0.0014562
1.5602,-1.5602,1.736,3.0983e-07,-1.7265,0.094859,-0.0014563
1.5603,-1.5603,1.736,3.1039e-07,-1.7265,0.094866,-0.0014564
1.5604,-1.5604,1.736,-2.4134e-08,-1.7265,0.094872,-0.0014565
1.5605,-1.5605,1.736,9.832e-08,-1.7265,0.094878,-0.0014566
1.5606,-1.5606,1.736,3.2443e-07,-1.7265,0.094884,-0.0014567
1.5607,-1.5607,1.736,3.522e-07,-1.7265,0.09489,-0.0014568
1.5608,-1.5608,1.736,4.0579e-07,-1.7265,0.094896,-0.0014568
1.561,-1.561,1.7359,4.2116e-07,-1.7265,0.094908,-0.001457
1.5614,-1.5614,1.7358,2.3998e-06,-1.7264,0.094929,-0.0014574
1.5621,-1.5621,1.7357,9.832e-06,-1.7262,0.094968,-0.0014581
1.5636,-1.5636,1.7354,2.7872e-05,-1.7259,0.095038,-0.0014595
1.5666,-1.5666,1.735,8.6521e-05,-1.7255,0.095161,-0.0014622
1.5725,-1.5725,1.7346,0.00022748,-1.725,0.095382,-0.0014678
1.5784,-1.5784,1.7344,0.00035048,-1.7248,0.095617,-0.0014733
1.5843,-1.5843,1.7343,0.00044141,-1.7247,0.095884,-0.0014788
1.5902,-1.5902,1.7344,0.00052423,-1.7247,0.096159,-0.0014843
1.5961,-1.5961,1.7346,0.00059894,-1.7249,0.096442,-0.0014898
1.6019,-1.6019,1.7348,0.00066554,-1.725,0.096733,-0.0014953
1.6077,-1.6077,1.7349,0.00070502,-1.7251,0.097044,-0.0015007
1.6135,-1.6135,1.7349,0.00075289,-1.7251,0.097348,-0.001506
1.6193,-1.6193,1.7349,0.00079241,-1.7251,0.09766,-0.0015114
1.6251,-1.6251,1.7349,0.00081573,-1.7251,0.097987,-0.0015168
1.6308,-1.6308,1.735,0.00084743,-1.725,0.098307,-0.0015222
1.6365,-1.6365,1.735,0.00085978,-1.725,0.098639,-0.0015275
1.6422,-1.6422,1.735,0.00087242,-1.725,0.098972,-0.0015328
1.6478,-1.6478,1.735,0.00088469,-1.725,0.099304,-0.0015381
1.6534,-1.6534,1.735,0.00090223,-1.725,0.099626,-0.0015433
1.659,-1.659,1.735,0.0009114,-1.725,0.099955,-0.0015485
1.6646,-1.6646,1.7351,0.00091287,-1.7249,0.10029,-0.0015537
1.6701,-1.6701,1.7352,0.0009155,-1.725,0.10063,-0.0015589
1.6756,-1.6756,1.7352,0.00091319,-1.725,0.10096,-0.001564
1.6811,-1.6811,1.7352,0.00092137,-1.725,0.10129,-0.0015691
1.6866,-1.6866,1.7352,0.00091081,-1.725,0.10163,-0.0015742
1.692,-1.692,1.7352,0.00091788,-1.725,0.10196,-0.0015793
1.6974,-1.6974,1.7353,0.00091975,-1.7249,0.10228,-0.0015844
1.702,-1.702,1.7356,0.00088367,-1.7252,0.1026,-0.0015886
1.7033,-1.7033,1.7364,0.00073943,-1.726,0.10282,-0.0015899
1.7024,-1.7024,1.7369,0.00052727,-1.7265,0.10298,-0.001589
1.7011,-1.7011,1.7371,0.0003096,-1.7267,0.10312,-0.0015878
1.7,-1.7,1.7371,0.0001492,-1.7268,0.10321,-0.0015868
1.6995,-1.6995,1.737,7.0759e-05,-1.7267,0.10326,-0.0015863
1.6994,-1.6994,1.7368,3.3475e-05,-1.7265,0.10329,-0.0015862
1.6995,-1.6995,1.7367,2.0858e-05,-1.7263,0.10331,-0.0015863
1.6996,-1.6996,1.7365,1.1581e-05,-1.7262,0.10332,-0.0015864
1.6997,-1.6997,1.7364,6.9771e-06,-1.7261,0.10334,-0.0015865
1.6998,-1.6998,1.7364,1.69e-06,-1.726,0.10335,-0.0015866
1.6999,-1.6999,1.7363,1.0893e-06,-1.726,0.10335,-0.0015867
1.7,-1.7,1.7363,3.8338e-06,-1.726,0.10336,-0.0015868
1.6999,-1.6999,1.7363,-4.8461e-06,-1.726,0.10336,-0.0015867
1.6998,-1.6998,1.7363,-8.218e-06,-1.726,0.10336,-0.0015866
1.6997,-1.6997,1.7363,-6.9423e-06,-1.726,0.10335,-0.0015865
1.6996,-1.6996,1.7363,-4.3308e-06,-1.726,0.10334,-0.0015864
1.6995,-1.6995,1.7363,-3.0607e-06,-1.726,0.10333,-0.0015863
1.6996,-1.6996,1.7363,3.6206e-06,-1.726,0.10333,-0.0015864
1.6997,-1.6997,1.7363,5.9962e-06,-1.7259,0.10334,-0.0015865
1.6998,-1.6998,1.7363,5.2081e-06,-1.7259,0.10334,-0.0015866
1.6999,-1.6999,1.7363,5.862e-06,-1.7259,0.10335,-0.0015867
1.7,-1.7,1.7363,4.2179e-06,-1.7259,0.10336,-0.0015868
1.6999,-1.6999,1.7363,-2.6499e-06,-1.726,0.10336,-0.0015867
1.6998,-1.6998,1.7363,-5.1214e-06,-1.726,0.10335,-0.0015866
1.6997,-1.6997,1.7363,-4.38e-06,-1.726,0.10335,-0.0015865
1.6996,-1.6996,1.7363,-5.0553e-06,-1.726,0.10334,-0.0015864
1.6995,-1.6995,1.7363,-3.4218e-06,-1.726,0.10333,-0.0015863
1.6996,-1.6996,1.7363,3.4406e-06,-1.726,0.10333,-0.0015864
1.6997,-1.6997,1.7363,5.9065e-06,-1.7259,0.10334,-0.0015865
1.6998,-1.6998,1.7363,5.1634e-06,-1.7259,0.10334,-0.0015866
1.6999,-1.6999,1.7363,5.8397e-06,-1.7259,0.10335,-0.0015867
1.7,-1.7,1.7363,4.2068e-06,-1.7259,0.10336,-0.0015868
1.6999,-1.6999,1.7363,-2.6554e-06,-1.726,0.10336,-0.0015867
1.6998,-1.6998,1.7363,-5.1241e-06,-1.726,0.10335,-0.0015866
1.6997,-1.6997,1.7363,-4.3813e-06,-1.726,0.10335,-0.0015865
1.6996,-1.6996,1.7363,-5.0559e-06,-1.726,0.10334,-0.0015864
1.6995,-1.6995,1.7363,-3.4221e-06,-1.726,0.10333,-0.0015863
1.6996,-1.6996,1.7363,3.4404e-06,-1.726,0.10333,-0.0015864
1.6997,-1.6997,1.7363,5.9064e-06,-1.7259,0.10334,-0.0015865
1.6998,-1.6998,1.7363,5.1633e-06,-1.7259,0.10334,-0.0015866
1.6999,-1.6999,1.7363,5.8397e-06,-1.7259,0.10335,-0.0015867
1.7,-1.7,1.7363,4.2068e-06,-1.7259,0.10336,-0.0015868
1.6999,-1.6999,1.7363,-2.6554e-06,-1.726,0.10336,-0.0015867
1.6998,-1.6998,1.7363,-5.1241e-06,-1.726,0.10335,-0.0015866
1.6997,-1.6997,1.7363,-4.3813e-06,-1.726,0.10335,-0.0015865
1.6996,-1.6996,1.7363,-5.0559e-06,-1.726,0.10334,-0.0015864
1.6995,-1.6995,1.7363,-3.4221e-06,-1.726,0.10333,-0.0015863
1.6996,-1.6996,1.7363,3.4404e-06,-1.726,0.10333,-0.0015864
1.6997,-1.6997,1.7363,5.9064e-06,-1.7259,0.10334,-0.0015865
1.6998,-1.6998,1.7363,5.1633e-06,-1.7259,0.10334,-0.0015866
1.6999,-1.6999,1.7363,5.8397e-06,-1.7259,0.10335,-0.0015867
1.7,-1.7,1.7363,4.2068e-06,-1.7259,0.10336,-0.0015868
1.6999,-1.6999,1.7363,-2.6554e-06,-1.726,0.10336,-0.0015867
1.6998,-1.6998,1.7363,-5.1241e-06,-1.726,0.10335,-0.0015866
1.6997,-1.6997,1.7363,-4.3813e-06,-1.726,0.10335,-0.0015865
1.6996,-1.6996,1.7363,-5.0559e-06,-1.726,0.10334,-0.0015864
1.6995,-1.6995,1.7363,-3.4221e-06,-1.726,0.10333,-0.0015863
1.6996,-1.6996,1.7363,3.4404e-06,-1.726,0.10333,-0.0015864
1.6997,-1.6997,1.7363,5.9064e-06,-1.7259,0.10334,-0.0015865
1.6998,-1.6998,1.7363,5.1633e-06,-1.7259,0.10334,-0.0015866
1.6999,-1.6999,1.7363,5.8397e-06,-1.7259,0.10335,-0.0015867
1.7,-1.7,1.7363,4.2068e-06,-1.7259,0.10336,-0.0015868
1.6999,-1.6999,1.7363,-2.6554e-06,-1.726,0.10336,-0.0015867
1.6998,-1.6998,1.7363,-5.1241e-06,-1.726,0.10335,-0.0015866
1.6997,-1.6997,1.7363,-4.3813e-06,-1.726,0.10335,-0.0015865
1.6996,-1.6996,1.7363,-5.0559e-06,-1.726,0.10334,-0.0015864
1.6995,-1.6995,1.7363,-3.4221e-06,-1.726,0.10333,-0.0015863
1.6996,-1.6996,1.7363,3.4404e-06,-1.726,0.10333,-0.0015864
1.6997,-1.6997,1.7363,5.9064e-06,-1.7259,0.10334,-0.0015865
1.6998,-1.6998,1.7363,5.1633e-06,-1.7259,0.10334,-0.0015866
1.6999,-1.6999,1.7363,5.8397e-06,-1.7259,0.10335,-0.0015867
1.7,-1.7,1.7363,4.2068e-06,-1.7259,0.10336,-0.0015868
1.6999,-1.6999,1.7363,-2.6554e-06,-1.726,0.10336,-0.0015867
1.6998,-1.6998,1.7363,-5.1241e-06,-1.726,0.10335,-0.0015866
1.6997,-1.6997,1.7363,-4.3813e-06,-1.726,0.10335,-0.0015865
1.6996,-1.6996,1.7363,-5.0559e-06,-1.726,0.10334,-0.0015864
1.6995,-1.6995,1.7363,-3.4221e-06,-1.726,0.10333,-0.0015863
1.6996,-1.6996,1.7363,3.4404e-06,-1.726,0.10333,-0.0015864
1.6997,-1.6997,1.7363,5.9064e-06,-1.7259,0.10334,-0.0015865
1.6998,-1.6998,1.7363,5.1633e-06,-1.7259,0.10334,-0.0015866
1.6999,-1.6999,1.7363,5.8397e-06,-1.7259,0.10335,-0.0015867
1.7,-1.7,1.7363,4.2068e-06,-1.7259,0.10336,-0.0015868
1.6999,-1.6999,1.7363,-2.6554e-06,-1.726,0.10336,-0.0015867
