139.23
1.9977
0.7378
0.60289
0.41959
0.28583
0.21866
0.21949
0.32844
0.16072
0.10098
0.07536
0.065637
0.053292
0.04105
0.03062
0.03011
0.016259
0.011724
0.0084408
0.0060752
0.0043781
0.0031651
0.0023012
0.020267
0.001293
0.0010485
0.00088287
0.00075602
0.020207
0.020206
0.020205
0.020205
0.0006094
0.020205
0.020205
0.020205
0.020205
0.020205
0.020205
0.020205
0.020205
0.020205
0.020205
0.020205
0.020205
0.020205
0.020205
0.020205
0.00059899
0.020205
0.020205
0.020205
0.020205
0.020205
0.020205
0.020205
0.020205
0.020205
0.020205
0.020205
0.020205
0.020205
0.020205
0.020205
0.020205
0.020205
0.020205
0.020205
0.020205
0.020205
0.020205
0.020205
0.020205
0.020205
0.020205
0.020205
0.020205
0.020205
0.020205
0.020205
0.020205
0.020205
0.020205
0.020205
0.020205
0.020205
0.00058783
0.00058682
0.00058425
0.00058055
0.00057403
0.0005704
0.00056835
0.00056706
0.00056684
0.0005668
0.00056719
0.00056748
0.00056782
0.00056806
0.00056833
0.00056859
0.00056877
0.00056891
0.00056881
0.00056939
0.00056946
0.00056952
0.00042942
0.00042938
0.00042905
0.00042965
0.00042965
0.00042877
0.00042841
0.00035249
0.00035987
0.00042242
0.00054108
0.0003847
0.00032864
0.00016645
0.00011702
7.8144e-05
5.3704e-05
2.4139e-05
1.6976e-05
3.4815e-05
5.4871e-05
2.9326e-05
1.1247e-05
2.2423e-05
4.0138e-05
6.0834e-05
3.4203e-05
1.2205e-05
2.1461e-05
3.9333e-05
5.9213e-05
3.0483e-05
1.1134e-05
2.2382e-05
4.0143e-05
6.0836e-05
3.4202e-05
1.2203e-05
2.146e-05
3.9334e-05
5.9213e-05
3.0483e-05
1.1134e-05
2.2382e-05
4.0143e-05
6.0835e-05
3.4202e-05
1.2203e-05
2.146e-05
3.9334e-05
5.9213e-05
3.0483e-05
1.1134e-05
2.2382e-05
4.0143e-05
6.0835e-05
3.4202e-05
1.2203e-05
2.146e-05
3.9334e-05
5.9213e-05
3.0483e-05
1.1134e-05
2.2382e-05
4.0143e-05
6.0835e-05
3.4202e-05
1.2203e-05
2.146e-05
3.9334e-05
5.9213e-05
3.0483e-05
1.1134e-05
2.2382e-05
4.0143e-05
6.0835e-05
3.4202e-05
1.2203e-05
2.146e-05
3.9334e-05
5.9213e-05
3.0483e-05
1.1134e-05
2.2382e-05
4.0143e-05
6.0835e-05
3.4202e-05
1.2203e-05
2.146e-05
3.9334e-05
5.9213e-05
