556.87
4.4665
0.50517
0.42808
0.95834
1.5124
1.8688
2.1379
1.3601
0.27436
0.12862
0.0063646
0.067584
0.076698
0.066938
0.052773
0.088127
0.02904
0.020985
0.015106
0.010853
0.0077748
0.005576
0.0039977
0.079333
0.00092667
0.0011779
0.0010959
0.00083497
0.079303
0.039652
0.019827
0.0099137
5.4384e-05
0.009914
0.004957
0.004957
0.0049572
0.004957
0.0049573
0.0049571
0.0049567
0.0049567
0.0049567
0.0049567
0.0049567
0.0049567
0.0049567
0.0049567
9.5355e-06
0.0099136
0.0049573
0.0049573
0.0049568
0.0049568
0.0049568
0.0049568
0.0049568
0.0049568
0.0049568
0.0049568
0.0049568
0.0049569
0.0049569
0.0049569
0.0049569
0.0049569
0.0049569
0.0049569
0.0049569
0.004957
0.004957
0.004957
0.004957
0.004957
0.004957
0.004957
0.004957
0.004957
0.004957
0.004957
0.004957
0.0049571
0.0049571
0.0049571
0.0049571
0.0049571
1.0027e-05
2.3059e-05
8.9812e-05
9.5242e-05
0.00018517
0.00040667
0.00093638
0.00095858
0.001025
0.0010727
0.0011428
0.0012231
0.0013049
0.001366
0.001427
0.0014847
0.0015353
0.00157
0.0016117
0.0016534
0.0016851
0.0017196
0.0016845
0.0016604
0.0016298
0.0016172
0.0015911
0.0015714
0.0015447
0.0021283
0.0052876
0.0029924
0.0014651
0.00043576
0.00097786
0.00069316
0.00040346
0.00023341
0.00019116
0.0001639
0.00015646
0.00016689
0.00032498
0.00017116
0.00012871
0.00013553
0.00013438
0.00031225
0.0001878
0.00015571
0.00015883
0.00015952
0.00032729
0.00017579
0.00012842
0.00013551
0.00013438
0.00031226
0.0001878
0.00015571
0.00015883
0.00015952
0.00032729
0.00017579
0.00012842
0.00013551
0.00013438
0.00031226
0.0001878
0.00015571
0.00015883
0.00015952
0.00032729
0.00017579
0.00012842
0.00013551
0.00013438
0.00031226
0.0001878
0.00015571
0.00015883
0.00015952
0.00032729
0.00017579
0.00012842
0.00013551
0.00013438
0.00031226
0.0001878
0.00015571
0.00015883
0.00015952
0.00032729
0.00017579
0.00012842
0.00013551
0.00013438
0.00031226
0.0001878
0.00015571
0.00015883
0.00015952
0.00032729
0.00017579
0.00012842
0.00013551
0.00013438
0.00031226
0.0001878
0.00015571
0.00015883
0.00015952
0.00032729
