544.33
8.0274
2.6643
3.9933
5.3376
3.005
0.3363
2.5006
2.6688
1.3765
0.042067
1.3134
1.3344
0.6725
0.0052634
0.66461
0.66723
0.33428
0.00067282
0.33327
0.33362
0.16688
0.00013961
0.16676
0.16681
0.083413
9.5779e-05
0.083399
0.083407
0.041703
7.7686e-05
0.041704
0.041704
0.020851
8.8475e-06
0.020852
0.020852
0.010427
0.00010369
0.010428
0.01043
0.0052121
8.2061e-05
0.0052144
0.0052143
0.002606
5.8049e-05
0.0026082
0.002624
0.001305
6.8447e-05
0.0013105
0.001311
0.00065653
7.4091e-05
0.00066839
0.00072198
0.0003316
0.00015364
0.00035429
0.00035477
0.0002169
0.00031124
0.00031673
0.00032172
0.00030941
0.00031092
0.00030752
0.00014426
0.00014312
0.00014273
0.0003108
0.00013394
0.00013383
0.00013376
0.00030677
0.00014279
0.00014272
0.00014265
0.00031071
0.00013406
