139.38
4.3321
3.0544
1.9929
1.4092
1.9477
1.3772
0.96814
0.68457
0.9667
0.68358
0.48319
0.34166
0.48314
0.34164
0.24157
0.17082
0.24157
0.17082
0.12078
0.085407
0.12078
0.085406
0.06039
0.042704
0.060392
0.042703
0.030196
0.021353
0.030196
0.021352
0.015098
0.010676
0.015098
0.010676
0.0075493
0.0053381
0.0075497
0.0053383
0.0037747
0.00267
0.0037753
0.0026703
0.0018872
0.0013354
0.0018926
0.0013345
0.0009445
0.00067137
0.00094488
0.00066749
0.0004724
0.00033627
0.00049974
0.00033952
0.00024029
0.00018502
0.00025848
0.00018054
0.00012267
8.6537e-05
7.7875e-05
9.529e-05
6.1183e-05
6.356e-05
5.8012e-05
5.8681e-05
5.8802e-05
5.2884e-05
2.267e-05
3.1459e-05
6.2776e-05
3.2205e-05
2.0288e-05
4.631e-05
7.8901e-05
4.4616e-05
1.9542e-05
3.8153e-05
7.2103e-05
4.0094e-05
1.9324e-05
