140.79
0.56846
0.076833
0.053721
0.050441
0.050059
0.050012
0.05
0.05
0.05
0.051097
0.051524
0.070711
0.070919
0.071004
0.056069
0.039698
0.03647
0.041557
0.089285
0.073966
0.062775
0.057042
0.10592
0.08545
0.069048
0.060392
0.055992
0.053577
0.10268
0.083126
0.06775
0.059942
0.055393
0.053367
0.052187
0.10083
0.082138
0.066923
0.059118
0.054994
0.053363
0.052572
0.051795
0.05102
0.10011
0.081314
0.066847
0.059882
0.055024
0.053361
0.051802
0.051791
0.051791
0.051791
0.051791
0.051791
0.051791
0.051791
0.051791
0.051791
0.051791
0.051791
0.051791
0.051791
0.051791
0.051791
0.051791
0.051791
0.051791
0.051791
0.05179
0.051791
0.051791
0.051791
0.051791
0.051791
0.051791
0.05179
0.051791
0.051791
0.051791
0.051791
0.051791
0.051791
0.051791
0.051791
0.051791
0.051791
0.050716
0.028275
0.0097343
0.0048422
0.002365
0.0010607
0.00042608
0.0003076
0.00035659
0.00042077
0.00041214
