140.72
1.026
0.40513
0.37417
0.21382
0.53384
0.30754
0.17756
0.10252
0.10907
0.048464
0.02798
0.016154
0.22107
0.12733
0.12693
0.23835
0.14284
0.081397
0.046889
0.01892
0.017825
0.0073906
0.0043113
0.0023286
0.0013414
0.0014897
0.0015785
0.001502
0.012115
0.0013404
0.006145
6.6274e-05
8.6246e-05
0.0019596
5.2164e-05
5.1413e-05
0.00013348
0.0002455
0.00010416
5.2531e-05
0.0022834
5.2899e-05
5.8166e-05
0.00097867
0.00020049
0.00042261
0.0002849
0.00022963
0.00015861
9.2352e-05
0.00027857
0.00024421
0.00017297
9.9717e-05
5.5405e-05
0.00024352
0.00047546
0.00045204
0.00064006
5.5682e-05
0.00024184
0.00023725
0.00047523
0.0001169
0.00010192
6.5962e-05
9.6474e-05
0.00065008
0.00027062
9.8963e-05
7.4136e-05
0.00024564
5.3996e-05
4.8994e-05
4.8507e-05
0.00032711
2.6934e-05
3.6566e-05
3.6208e-05
0.00011425
2.8494e-05
3.7728e-05
0.00019943
2.8188e-05
0.00015964
4.5652e-05
4.075e-05
2.719e-05
1.8888e-05
1.8807e-05
2.3413e-05
0.00014138
2.1266e-05
0.00013314
2.0194e-05
1.9333e-05
1.9469e-05
0.00017387
0.00013585
7.7147e-05
2.1739e-05
0.00025007
0.00017624
1.9696e-05
2.234e-05
2.2399e-05
2.1857e-05
2.155e-05
0.00052058
0.00025487
0.00013135
2.4068e-05
0.00011077
2.2605e-05
2.368e-05
2.2947e-05
0.00026975
3.1556e-05
3.6146e-05
2.903e-05
2.3665e-05
4.1973e-05
3.7022e-05
3.5584e-05
2.8876e-05
2.36e-05
2.4064e-05
0.00066847
1.8484e-05
0.00035457
3.2287e-05
0.00043108
3.8561e-05
2.1316e-05
0.00021062
2.4026e-05
3.5707e-05
3.652e-05
2.5073e-05
0.00033417
3.6287e-05
0.00014631
1.5682e-05
8.5746e-05
4.499e-05
4.8218e-05
5.6173e-05
4.2598e-05
0.00012245
3.1705e-05
2.0532e-05
1.4625e-05
5.6898e-05
0.00011185
6.1646e-05
3.2144e-05
6.5165e-05
0.00013203
5.544e-05
7.1077e-05
6.2849e-05
4.9074e-05
3.8694e-05
3.5283e-05
3.5326e-05
3.5675e-05
3.4962e-05
3.4883e-05
3.5427e-05
6.7956e-05
7.0892e-05
0.00031494
7.2069e-05
7.1613e-05
4.9353e-05
0.00020304
7.2123e-05
4.6101e-05
3.5004e-05
3.8332e-05
5.4208e-05
5.8244e-05
5.3024e-05
4.5835e-05
3.6798e-05
3.4989e-05
5.5122e-05
5.9853e-05
0.00046149
3.7418e-05
0.00025999
0.00012534
5.5844e-05
0.000103
4.7805e-05
5.2031e-05
9.7391e-05
8.3968e-05
6.8996e-05
6.5362e-05
6.1718e-05
6.3986e-05
8.3599e-05
9.3192e-05
7.0585e-05
5.8963e-05
4.4598e-05
9.9646e-05
7.4476e-05
5.0125e-05
4.7857e-05
4.4443e-05
3.8972e-05
3.8571e-05
4.3227e-05
4.0016e-05
0.00016735
0.00011252
6.4059e-05
4.9924e-05
3.7747e-05
0.00011167
4.2318e-05
3.7365e-05
5.3721e-05
6.4634e-05
4.7844e-05
3.6687e-05
5.7543e-05
0.00011408
7.3497e-05
6.9785e-05
7.6717e-05
9.1915e-05
0.00010136
7.4273e-05
7.0275e-05
7.3327e-05
7.1337e-05
7.0107e-05
6.9694e-05
0.00013994
0.00016224
0.0001406
0.00014082
0.00014316
0.00014164
0.00014053
0.00013969
0.00028262
0.00028122
0.00028055
0.00029689
0.0002805
0.00028114
0.00028169
0.00028111
0.00028237
0.00028163
0.00028071
0.00028052
0.00028071
0.00028053
0.00028051
0.00028066
0.00055975
0.0005595
0.00057325
0.00056083
0.00056139
0.00056036
0.0005595
0.00055937
0.00055944
0.00055937
0.000562
0.0011124
0.001107
0.0011076
0.0011079
0.0011091
0.0011077
0.0011069
0.001107
0.0011071
0.0022163
0.0022158
0.0022159
0.0022159
0.0022158
0.0022158
0.0022159
0.0044206
0.0044206
0.0044206
0.0044207
0.0044207
0.0044206
0.0044206
0.0044206
0.0044206
0.0044206
0.0044207
0.0044208
0.0044207
0.0044206
0.0044208
0.0044207
0.0044206
0.0044206
0.0044206
0.0044207
0.0044208
0.0044207
0.0044206
0.0044209
0.0044209
0.0044207
0.0044209
0.0044002
0.0043999
0.0044001
0.0044
0.0043998
0.0043998
0.0043998
0.0087889
0.0087888
0.0087887
0.0087887
0.0087888
0.0087891
0.0087886
0.0087886
0.0087067
0.0043595
0.0043585
0.0043584
0.0043584
0.0043584
0.0043584
0.0043584
0.0043584
0.0043584
0.002187
0.0021869
0.0021857
0.0021854
0.0021856
0.0021855
0.0021854
0.0021854
0.0021854
0.0021866
0.0021877
0.0021803
0.0021802
0.0021802
0.0021802
0.0021824
0.0021805
0.0021802
0.0021803
0.0021751
0.0021701
0.002171
0.0021711
0.0021703
0.0021702
0.0021702
0.0021703
0.0021652
0.0021651
0.0021651
0.0021601
0.0021601
0.0021601
0.0021601
0.0021602
0.0021602
0.0021601
0.0021601
0.0021601
0.0021601
0.0021601
0.0021601
0.0021552
0.0021552
0.0021552
0.0021552
0.0021551
0.0021552
0.0021552
0.0021552
0.0021552
0.0021552
0.0021552
0.0021551
0.0021552
0.0021552
0.0021552
0.0021558
0.002156
0.0021553
0.0021552
0.0021555
0.0021587
0.0021555
0.0021554
0.0021552
0.0021553
0.0021554
0.0021554
0.0021553
0.0021553
0.0021552
0.0021553
0.0021503
0.0021503
0.0021502
0.0021528
0.0021456
0.0021454
0.0021453
0.0021453
0.0042767
0.0042766
0.0042772
0.004277
0.0042767
0.0042766
0.0042766
0.0042766
0.0042766
0.0042782
0.004277
0.0042766
0.0042767
0.0042767
0.0042772
0.0042766
0.0042767
0.0042769
0.0042771
0.0042773
0.0042767
0.0042766
0.0042767
0.0042769
0.0042768
0.0042766
0.0042767
0.0042766
0.0042766
0.0042766
0.0042766
0.0042766
0.0042766
0.0042766
0.0042767
0.0042766
0.0042767
0.0042766
0.0042766
0.0042766
0.0042766
0.0042766
0.0042766
0.0042766
0.004277
0.0042771
0.0042768
0.0042766
0.0042766
0.0042766
0.0042768
0.0042772
0.0042774
0.0042767
0.0042767
0.0042771
0.004277
0.0042767
0.0042766
0.0042767
0.0042768
0.0042767
0.0042766
0.0042772
0.0042564
0.0042569
0.0042582
0.0042565
0.0042576
0.0042564
0.0042565
0.0085036
0.0085036
0.0085036
