17.58
0.05331
0.033991
0.089133
0.14449
0.13227
0.036901
0.019489
0.025295
0.027613
0.0053903
0.0033155
0.053352
0.051593
0.031695
0.031224
0.015268
0.011822
0.0047879
0.0020076
0.0030212
0.0039241
0.0016494
0.00046224
4.514e-05
0.00055943
0.00073495
0.00080055
0.0060687
0.00079375
0.0062669
0.00011439
0.00016137
0.0039023
0.00015288
0.00023851
0.00048775
0.00052767
0.00023116
0.00016177
0.0045649
0.00015102
0.00026249
0.0038911
0.0007809
0.00088998
0.00056868
0.00046258
0.00032896
0.00021199
0.00054467
0.00047856
0.00034165
0.00020786
0.00014422
0.00046762
0.00047865
0.00046016
0.00065132
8.5098e-05
0.00023321
0.00023847
0.00024216
6.0139e-05
5.122e-05
3.4035e-05
4.6683e-05
0.00032659
0.0001355
4.8426e-05
3.5482e-05
0.00012496
2.4306e-05
2.4182e-05
2.3188e-05
0.00016585
2.3498e-05
3.9822e-05
3.995e-05
0.00011297
2.6391e-05
3.9949e-05
0.00019797
3.4229e-05
0.00016681
4.6013e-05
3.9878e-05
3.0841e-05
2.3283e-05
2.2051e-05
2.4202e-05
0.00014715
2.4951e-05
0.00013217
2.1221e-05
2.0763e-05
2.0816e-05
0.00017402
0.00013285
7.2031e-05
2.3769e-05
0.00025173
0.00018172
2.5259e-05
2.1743e-05
2.5194e-05
2.2379e-05
2.1473e-05
0.00051945
0.00025186
0.00013249
2.5759e-05
0.00010517
2.6633e-05
2.2565e-05
2.2674e-05
0.00026562
3.3345e-05
3.2672e-05
3.2154e-05
2.3441e-05
3.7322e-05
3.8416e-05
3.7075e-05
3.2147e-05
2.3441e-05
2.2821e-05
0.00066783
3.8956e-05
0.00071393
6.1315e-05
0.00086996
7.6454e-05
3.9302e-05
0.00044489
0.00010257
7.8666e-05
5.7394e-05
3.8377e-05
0.00068584
0.00010883
0.00029116
3.2637e-05
0.00016717
0.00011956
9.8026e-05
9.1613e-05
8.9637e-05
0.00022211
5.7652e-05
3.8502e-05
2.7532e-05
0.00010634
0.00010516
5.7897e-05
2.9929e-05
6.146e-05
6.0837e-05
2.6349e-05
3.2594e-05
3.241e-05
2.2786e-05
1.7256e-05
1.5281e-05
1.5096e-05
1.5068e-05
1.5466e-05
1.5181e-05
1.5181e-05
3.2504e-05
3.2719e-05
0.00015932
3.4035e-05
3.316e-05
2.5505e-05
0.00010118
3.2835e-05
2.3485e-05
1.6777e-05
1.6773e-05
2.691e-05
2.6681e-05
2.6451e-05
1.9952e-05
1.6746e-05
1.5184e-05
2.6419e-05
2.65e-05
0.00023138
2.3989e-05
0.00026016
0.00014317
4.8555e-05
4.8407e-05
2.2572e-05
2.6971e-05
4.8526e-05
3.4624e-05
3.3839e-05
3.6576e-05
2.7227e-05
3.0973e-05
3.8572e-05
3.752e-05
3.624e-05
2.8814e-05
2.1605e-05
4.4864e-05
5.1686e-05
2.1605e-05
2.008e-05
1.983e-05
1.8016e-05
1.6207e-05
1.9466e-05
1.7352e-05
8.6258e-05
5.232e-05
2.4467e-05
1.8795e-05
1.7057e-05
5.8565e-05
1.9301e-05
1.9811e-05
2.3238e-05
2.5303e-05
2.0881e-05
1.7021e-05
2.5987e-05
2.1081e-05
1.9023e-05
1.8254e-05
1.8905e-05
2.0773e-05
2.166e-05
1.9776e-05
1.8665e-05
1.8416e-05
1.8015e-05
1.7676e-05
1.7673e-05
1.7587e-05
2.0465e-05
1.7967e-05
1.7796e-05
1.7732e-05
1.7629e-05
1.7542e-05
1.7542e-05
1.7498e-05
1.752e-05
1.7509e-05
1.8407e-05
1.7602e-05
1.7545e-05
1.7524e-05
1.7525e-05
1.7551e-05
1.7525e-05
1.752e-05
1.7509e-05
1.7504e-05
1.7503e-05
1.7502e-05
1.7502e-05
1.7508e-05
1.7501e-05
1.7894e-05
1.7569e-05
1.7532e-05
1.7511e-05
1.7505e-05
1.75e-05
1.7499e-05
1.7498e-05
1.7585e-05
1.7542e-05
1.7344e-05
1.7358e-05
1.7349e-05
1.7357e-05
1.735e-05
1.7346e-05
1.7344e-05
1.7343e-05
1.7341e-05
1.7342e-05
1.7341e-05
1.7341e-05
1.7341e-05
1.7341e-05
1.7341e-05
1.7341e-05
1.7265e-05
1.7265e-05
1.7265e-05
1.7265e-05
1.7265e-05
1.7265e-05
1.7265e-05
1.7265e-05
1.7265e-05
1.7265e-05
1.7265e-05
1.7265e-05
1.7265e-05
1.7265e-05
1.7265e-05
1.7265e-05
1.7265e-05
1.7265e-05
1.7265e-05
1.7265e-05
1.7265e-05
1.7265e-05
1.7266e-05
1.7265e-05
1.7265e-05
1.7265e-05
1.7265e-05
1.7187e-05
1.7187e-05
1.7187e-05
1.7186e-05
1.7186e-05
1.7186e-05
1.7186e-05
1.7168e-05
1.7167e-05
1.7168e-05
1.7167e-05
1.7169e-05
1.7168e-05
1.7167e-05
1.7168e-05
1.7016e-05
1.703e-05
1.7031e-05
1.703e-05
1.703e-05
1.703e-05
1.703e-05
1.703e-05
1.703e-05
1.7046e-05
1.7134e-05
1.7112e-05
1.7111e-05
1.711e-05
1.7109e-05
1.711e-05
1.711e-05
1.711e-05
1.7121e-05
1.7121e-05
1.7109e-05
1.7031e-05
1.7031e-05
1.7031e-05
1.705e-05
1.7031e-05
1.7033e-05
1.7032e-05
1.7031e-05
1.7031e-05
1.6962e-05
1.6957e-05
1.6955e-05
1.6954e-05
1.6953e-05
1.6953e-05
1.6953e-05
1.6875e-05
1.6952e-05
1.6952e-05
1.6874e-05
1.6874e-05
1.6875e-05
1.6875e-05
1.6875e-05
1.6874e-05
1.6874e-05
1.6874e-05
1.6875e-05
1.6875e-05
1.6874e-05
1.6874e-05
1.6874e-05
1.6874e-05
1.6874e-05
1.6875e-05
1.6875e-05
1.6874e-05
1.6874e-05
1.6874e-05
1.6874e-05
1.6874e-05
1.6874e-05
1.6874e-05
1.6874e-05
1.6874e-05
1.6878e-05
1.6876e-05
1.6879e-05
1.6876e-05
1.6876e-05
1.6891e-05
1.6877e-05
1.6875e-05
1.6875e-05
1.6874e-05
1.6874e-05
1.6874e-05
1.6875e-05
1.6874e-05
1.6875e-05
1.6875e-05
1.6875e-05
1.6796e-05
1.6796e-05
1.682e-05
1.6796e-05
1.6797e-05
1.6796e-05
1.6796e-05
1.6796e-05
1.6718e-05
1.672e-05
1.6719e-05
1.6718e-05
1.6718e-05
1.6718e-05
1.6718e-05
1.6718e-05
1.6724e-05
1.672e-05
1.6718e-05
1.6718e-05
1.6718e-05
1.6719e-05
1.6719e-05
1.6718e-05
1.6718e-05
1.6719e-05
1.6719e-05
1.6718e-05
1.6718e-05
1.6718e-05
1.6719e-05
1.6718e-05
1.6718e-05
1.6718e-05
1.6718e-05
1.6718e-05
1.6718e-05
1.6718e-05
1.6718e-05
1.6718e-05
1.6718e-05
1.6718e-05
1.6718e-05
1.6718e-05
1.6718e-05
1.6718e-05
1.6718e-05
1.6718e-05
1.6718e-05
1.6718e-05
1.6718e-05
1.672e-05
1.6719e-05
1.6718e-05
1.6718e-05
1.6718e-05
1.6718e-05
1.6719e-05
1.6719e-05
1.6719e-05
1.6718e-05
1.6719e-05
1.6719e-05
1.6718e-05
1.6718e-05
1.6718e-05
1.6718e-05
1.6718e-05
1.6718e-05
1.6718e-05
1.672e-05
1.6719e-05
1.6642e-05
1.6644e-05
1.664e-05
1.6643e-05
1.664e-05
1.664e-05
1.664e-05
1.6601e-05
1.6602e-05
1.6602e-05
