4.3901
0.028071
0.015725
0.0044405
0.022155
0.020005
0.0089084
0.001081
0.012196
0.010735
0.004747
0.00026449
0.0056909
0.0050005
0.0038746
0.0015229
0.0015083
0.0013161
0.0006328
4.9324e-05
0.00064519
0.0096443
0.005876
7.9144e-05
0.0060834
0.0031195
0.0001651
0.0015475
0.00015574
0.00015717
0.0089484
7.8311e-05
0.00012044
0.0054195
0.0066009
0.0016585
0.00083751
1.5929e-05
0.00082676
0.0026898
3.1069e-05
0.0027173
0.0013588
1.5581e-05
0.0013584
5.8115e-06
7.3261e-07
0.0029382
9.7222e-06
0.0057579
0.0014635
9.9948e-06
1.4476e-05
0.0032848
0.0016996
5.847e-06
4.8556e-06
2.4278e-06
0.003054
2.0822e-05
6.4172e-07
0.0014689
0.00067644
4.851e-06
0.00067336
0.00016683
0.00010997
0.00076242
0.00061988
0.00018216
1.8905e-05
1.4531e-05
1.2416e-05
1.2416e-05
0.00032323
1.2235e-05
3.7594e-05
1.429e-05
0.00045414
0.00021355
0.00010036
1.2764e-05
1.2759e-05
4.1024e-05
1.2788e-05
1.2788e-05
0.0004931
0.00025291
1.2206e-05
1.2158e-05
1.2188e-05
1.2158e-05
1.8649e-05
1.0754e-06
0.00020995
1.8561e-05
5.8653e-05
2.3419e-06
2.8965e-05
3.7247e-05
8.5276e-05
5.938e-05
5.9129e-05
1.1648e-05
1.1656e-05
4.4869e-05
1.8313e-05
1.4358e-05
2.5809e-05
2.6311e-06
1.1642e-05
3.9898e-05
1.8358e-05
1.4358e-05
1.1642e-05
1.1642e-05
1.1674e-05
1.1642e-05
1.8317e-05
1.3155e-06
2.4853e-06
2.4853e-06
2.4853e-06
2.4853e-06
0.0001726
1.1836e-05
8.8221e-05
4.4612e-05
1.6308e-05
1.2072e-05
1.2072e-05
1.8593e-05
1.1149e-06
2.0558e-06
2.0558e-06
2.0558e-06
0.00027048
1.2361e-05
3.7818e-05
1.4266e-05
1.2244e-05
0.00045397
2.0599e-06
2.8819e-05
0.00048429
0.00023072
0.0002357
1.9055e-06
8.1966e-05
2.8911e-05
3.8269e-05
1.4225e-05
1.2587e-05
1.2587e-05
2.6729e-05
7.9011e-07
1.5405e-06
1.5405e-06
1.2587e-05
1.2587e-05
1.2617e-05
1.2587e-05
1.2587e-05
1.26e-05
1.2587e-05
1.26e-05
1.2587e-05
1.2617e-05
0.00024171
0.00011431
1.4195e-05
1.2931e-05
1.2931e-05
1.2943e-05
1.2931e-05
1.2943e-05
2.9452e-05
1.4758e-06
1.1969e-06
1.5325e-05
1.1969e-06
1.1969e-06
1.4192e-05
1.2931e-05
0.00012835
1.3036e-05
1.3017e-05
5.7628e-05
4.341e-05
1.3107e-05
1.3131e-05
2.9281e-05
1.3403e-06
5.6856e-05
1.111e-06
1.3017e-05
1.3017e-05
5.5403e-05
1.2476e-06
7.8314e-05
2.8787e-05
0.00011395
8.6802e-05
1.5825e-06
2.8837e-05
8.6355e-05
6.0223e-05
6.1807e-05
8.5923e-05
2.8708e-05
3.7742e-05
2.899e-05
9.3716e-05
5.6818e-05
5.7007e-05
2.3994e-06
2.3994e-06
1.1728e-05
1.1728e-05
1.1728e-05
8.717e-05
3.0571e-05
2.3805e-06
1.6441e-05
1.1828e-05
4.007e-05
2.5944e-05
2.3805e-06
1.1814e-05
1.1814e-05
4.2492e-05
2.3805e-06
2.5942e-05
1.6451e-05
2.3135e-06
2.3135e-06
1.4329e-05
1.1814e-05
1.1814e-05
1.1846e-05
1.1814e-05
1.1846e-05
1.1814e-05
4.688e-05
0.00010112
1.1992e-05
1.1986e-05
4.4529e-05
1.1991e-05
1.8558e-05
8.1396e-06
6.0085e-06
1.1546e-06
2.1417e-06
2.1417e-06
2.1417e-06
2.1417e-06
1.4302e-05
4.0242e-05
2.612e-05
9.273e-06
1.0709e-06
1.0709e-06
1.0709e-06
1.0709e-06
1.0709e-06
1.0709e-06
1.0709e-06
5.7582e-05
2.2222e-05
6.062e-06
8.1033e-06
6.0514e-06
8.1033e-06
6.0514e-06
6.036e-06
3.635e-05
1.5114e-05
8.0604e-06
6.0789e-06
6.0789e-06
7.1388e-06
6.0789e-06
6.0789e-06
6.0942e-06
1.3143e-05
6.0942e-06
6.0942e-06
6.0789e-06
6.0789e-06
6.0942e-06
6.0789e-06
6.0942e-06
6.0789e-06
1.5119e-05
5.6017e-05
6.0947e-06
6.0789e-06
2.7274e-05
1.3098e-06
1.884e-06
1.884e-06
2.6371e-05
2.0725e-06
1.884e-06
1.4266e-05
1.2244e-05
2.6371e-05
1.2257e-05
1.2257e-05
1.2244e-05
1.2274e-05
1.2244e-05
1.8705e-05
6.1371e-06
6.1219e-06
6.1371e-06
6.1219e-06
9.3525e-06
9.4202e-07
9.4202e-07
9.4202e-07
9.4202e-07
9.4202e-07
9.4202e-07
9.4202e-07
9.4202e-07
9.4202e-07
9.2772e-05
3.6177e-05
6.2758e-06
6.2507e-06
1.4947e-05
8.1969e-07
1.5405e-06
1.5405e-06
1.5405e-06
1.5405e-06
7.2179e-05
2.9734e-05
1.5606e-05
1.2703e-05
1.2703e-05
1.2673e-05
1.2703e-05
8.3312e-05
0.00015387
1.2437e-05
8.3054e-05
5.4714e-05
1.9167e-06
5.6944e-05
1.9699e-06
1.9699e-06
1.4278e-05
1.2158e-05
0.00012519
8.2626e-05
2.2569e-06
8.539e-05
2.8839e-05
3.6936e-05
2.5712e-06
3.9812e-05
2.9317e-05
1.1589e-05
2.5684e-05
2.6317e-06
2.5712e-06
2.5712e-06
2.5712e-06
2.5712e-06
2.5712e-06
2.5712e-06
2.5712e-06
4.7126e-05
2.5952e-06
2.913e-05
3.6592e-05
0.00013879
2.9168e-05
3.6166e-05
2.9329e-05
0.00014641
3.5804e-05
0.00013744
5.6991e-05
3.5469e-05
3.8713e-06
3.7738e-06
1.4636e-05
1.0354e-05
1.0354e-05
1.039e-05
1.0354e-05
1.0354e-05
1.039e-05
1.0354e-05
1.7526e-05
1.0354e-05
1.039e-05
2.4482e-05
1.0369e-05
1.0354e-05
1.0369e-05
1.0354e-05
1.0354e-05
1.039e-05
1.0354e-05
1.7526e-05
1.0354e-05
1.039e-05
1.0354e-05
1.7526e-05
3.7738e-06
3.7738e-06
1.0354e-05
1.0354e-05
2.4497e-05
1.9076e-06
1.8869e-06
1.8869e-06
1.8869e-06
1.8869e-06
1.8869e-06
1.931e-05
5.1371e-06
3.339e-05
2.0481e-05
2.0195e-06
5.0911e-06
1.9224e-05
5.1094e-06
5.0911e-06
1.2163e-05
5.1094e-06
5.0911e-06
5.0911e-06
5.1094e-06
3.0228e-05
2.0097e-06
3.8597e-06
3.8597e-06
3.8597e-06
1.4658e-05
1.0268e-05
1.0268e-05
1.0304e-05
5.2651e-05
4.1019e-06
2.431e-05
3.5169e-05
1.0219e-05
1.0182e-05
1.0219e-05
1.0182e-05
1.0182e-05
1.0219e-05
1.0182e-05
1.0182e-05
1.0219e-05
8.0821e-05
4.0477e-06
5.7388e-05
1.4728e-05
1.001e-05
1.001e-05
1.0048e-05
5.2394e-05
2.4078e-05
4.3752e-06
1.4777e-05
3.8094e-05
9.8764e-06
9.8764e-06
9.8386e-06
4.6672e-05
1.8351e-05
9.962e-06
4.2033e-06
4.2033e-06
4.2033e-06
4.2033e-06
4.2033e-06
4.2033e-06
4.291e-06
4.2033e-06
4.2033e-06
8.0563e-05
4.3044e-06
3.0251e-05
0.00010814
3.4386e-05
3.008e-05
0.00019074
0.00010734
3.4283e-05
8.012e-05
8.0034e-05
2.311e-05
