140.79
0.90949
0.64064
0.32786
0.22765
0.16101
0.114
0.080426
0.056622
0.047071
0.032375
0.020076
0.014175
0.011146
0.0070784
0.007797
0.004687
0.0029308
0.0019272
0.0013265
0.00089157
0.00063038
0.0096278
0.0058754
0.00022723
0.0031112
0.0015516
8.6898e-05
0.00076447
0.00012859
5.6211e-05
0.0045002
3.0219e-05
4.6378e-05
0.001379
0.0033008
0.00083435
0.0004186
1.4659e-05
0.00020805
0.00067591
3.8225e-06
0.00034175
0.00017211
2.0443e-06
0.00017235
2.1284e-06
4.2232e-06
0.00036482
3.1824e-06
0.0007167
0.00017817
4.1819e-06
9.1247e-06
0.0004052
0.00020745
2.8173e-06
5.0962e-06
4.8657e-06
0.00037839
2.4349e-06
4.9808e-06
0.00018
8.0708e-05
2.7476e-06
7.9749e-05
1.5985e-05
3.2603e-05
0.00018605
0.00029862
9.3034e-05
1.3028e-05
1.134e-05
1.224e-05
1.6097e-05
0.00015894
1.0137e-05
1.3932e-05
1.0908e-05
0.00022842
0.00010906
4.6787e-05
1.1012e-05
1.4293e-05
1.918e-05
1.3405e-05
1.1476e-05
0.0002472
0.00012619
1.2538e-05
1.5712e-05
1.2e-05
1.4481e-05
2.5336e-05
1.2274e-05
0.00010556
1.2969e-05
2.7434e-05
9.0532e-06
1.0717e-05
1.1142e-05
2.1709e-05
1.4507e-05
3.5761e-05
1.6403e-05
1.2307e-05
2.3106e-05
1.4105e-05
1.2161e-05
1.6978e-05
1.2618e-05
1.2414e-05
2.541e-05
1.4023e-05
1.2317e-05
1.3006e-05
1.5954e-05
1.2386e-05
1.4484e-05
2.4337e-05
1.2314e-05
1.2495e-05
1.2796e-05
1.3207e-05
1.3319e-05
8.595e-05
1.3107e-05
4.6336e-05
2.7302e-05
1.2509e-05
1.1768e-05
1.391e-05
2.4199e-05
1.1734e-05
1.187e-05
1.2092e-05
1.1836e-05
0.00013982
1.0165e-05
1.3265e-05
1.1351e-05
1.1487e-05
0.00022265
9.4072e-06
1.0801e-05
0.00012001
5.741e-05
0.0001158
9.4108e-06
1.8398e-05
1.0388e-05
1.2073e-05
9.7542e-06
1.1153e-05
1.5271e-05
2.9455e-05
1.0361e-05
1.0649e-05
1.1002e-05
9.8313e-06
1.2312e-05
9.7618e-06
1.1437e-05
1.5673e-05
1.0707e-05
1.4484e-05
1.0162e-05
1.3369e-05
9.5507e-06
0.00011987
6.4186e-05
9.3457e-06
1.1124e-05
1.5615e-05
1.0515e-05
1.4659e-05
9.9708e-06
1.4487e-05
9.6037e-06
9.4561e-06
1.0949e-05
1.128e-05
1.1631e-05
9.2699e-06
1.0875e-05
5.897e-05
1.0321e-05
1.4524e-05
3.2849e-05
2.6589e-05
1.3342e-05
9.2573e-06
1.5296e-05
9.5876e-06
9.4678e-06
8.9768e-06
1.0837e-05
1.5479e-05
2.7654e-05
9.5971e-06
1.5626e-05
1.056e-05
2.686e-05
4.9074e-05
9.9164e-06
1.0802e-05
2.4217e-05
1.7173e-05
1.1383e-05
2.1651e-05
9.8889e-06
1.4001e-05
9.7453e-06
2.8941e-05
9.5219e-06
9.5929e-06
9.9252e-06
1.0528e-05
8.8969e-06
1.0785e-05
1.4871e-05
4.6581e-05
2.0562e-05
1.0411e-05
1.6369e-05
1.0793e-05
2.7726e-05
1.4079e-05
9.8326e-06
8.9611e-06
1.1582e-05
2.2278e-05
1.0246e-05
2.016e-05
9.8092e-06
1.0365e-05
1.1015e-05
8.8477e-06
1.0263e-05
1.4222e-05
9.2964e-06
1.2489e-05
8.8441e-06
1.094e-05
2.4465e-05
4.5988e-05
9.2942e-06
1.269e-05
2.8481e-05
1.1221e-05
2.3333e-05
2.3085e-05
2.234e-05
8.9986e-06
9.3672e-06
9.8392e-06
1.0401e-05
1.1037e-05
8.6672e-06
2.1061e-05
4.0966e-05
2.126e-05
2.0976e-05
2.0744e-05
2.0564e-05
2.044e-05
2.0371e-05
2.0358e-05
2.0377e-05
6.2382e-05
3.193e-05
2.2529e-05
2.3858e-05
2.1715e-05
2.4993e-05
2.1077e-05
2.3406e-05
4.382e-05
2.3314e-05
2.0989e-05
2.0284e-05
2.1354e-05
2.0316e-05
2.0824e-05
2.299e-05
2.0472e-05
2.5799e-05
2.1766e-05
2.0289e-05
2.1132e-05
2.3569e-05
2.0667e-05
2.2629e-05
2.0384e-05
2.1805e-05
2.9362e-05
5.9217e-05
2.0939e-05
2.319e-05
3.1697e-05
8.7524e-06
9.0223e-06
9.3995e-06
1.2561e-05
1.0337e-05
1.0898e-05
8.5392e-06
1.0122e-05
2.0507e-05
1.3633e-05
8.9171e-06
1.2194e-05
8.5627e-06
1.0927e-05
2.3111e-05
2.0544e-05
2.2276e-05
2.0356e-05
2.1573e-05
2.1278e-05
2.1019e-05
2.0799e-05
2.062e-05
2.0483e-05
2.0389e-05
2.0338e-05
2.0331e-05
2.0367e-05
2.0393e-05
9.7148e-05
3.8015e-05
2.0385e-05
2.1991e-05
2.8751e-05
8.897e-06
9.1934e-06
9.543e-06
9.9402e-06
1.0342e-05
4.3066e-05
1.6857e-05
1.1743e-05
1.4651e-05
9.3076e-06
1.3474e-05
8.769e-06
4.5296e-05
7.9459e-05
8.4512e-06
4.2717e-05
2.8097e-05
9.7735e-06
9.8246e-06
1.0048e-05
1.061e-05
8.4712e-06
1.0315e-05
6.8888e-05
3.988e-05
9.9064e-06
2.6811e-05
9.9387e-06
9.1554e-06
8.6734e-06
2.2491e-05
1.5095e-05
9.5289e-06
1.8961e-05
8.7605e-06
8.6425e-06
8.7148e-06
8.9728e-06
9.4012e-06
9.9781e-06
1.0679e-05
1.1455e-05
2.4527e-05
9.9072e-06
1.1422e-05
1.1649e-05
3.4841e-05
1.0188e-05
1.3325e-05
9.6081e-06
3.5614e-05
1.0497e-05
3.2252e-05
1.231e-05
1.424e-05
9.8822e-06
1.0927e-05
8.7532e-06
9.3662e-06
1.2348e-05
8.6215e-06
9.9988e-06
1.3389e-05
8.7168e-06
1.0778e-05
9.7627e-06
1.3023e-05
8.6693e-06
1.565e-05
9.5623e-06
1.2666e-05
8.6467e-06
1.0219e-05
1.3702e-05
8.8037e-06
1.1032e-05
9.9692e-06
1.333e-05
8.7244e-06
1.0738e-05
9.7278e-06
9.0141e-06
8.6715e-06
1.0458e-05
1.4048e-05
2.6953e-05
2.0419e-05
2.0358e-05
2.0472e-05
2.0757e-05
2.1208e-05
2.1822e-05
3.2724e-05
2.0535e-05
4.1258e-05
2.8372e-05
2.0707e-05
2.2179e-05
2.4631e-05
2.0944e-05
2.2657e-05
2.1872e-05
2.0432e-05
2.0777e-05
2.2311e-05
2.0383e-05
3.6478e-05
8.9081e-06
9.4491e-06
1.0328e-05
1.1468e-05
9.0379e-06
9.212e-06
1.1866e-05
8.8428e-06
2.6823e-05
1.0102e-05
1.1369e-05
1.8205e-05
9.3658e-06
1.2126e-05
8.7995e-06
9.8254e-06
1.2943e-05
8.7867e-06
1.0392e-05
1.3807e-05
8.9806e-06
4.2952e-05
9.6542e-06
1.1303e-05
8.929e-06
9.4593e-06
1.2222e-05
8.8577e-06
2.7043e-05
1.282e-05
1.1293e-05
9.1114e-06
1.9144e-05
1.1779e-05
8.9867e-06
9.4764e-06
2.1728e-05
1.7305e-05
9.7366e-06
9.0314e-06
8.7849e-06
9.0345e-06
9.7423e-06
1.0819e-05
1.2166e-05
9.4994e-06
8.914e-06
8.8797e-06
4.0667e-05
9.8487e-06
9.8891e-06
2.3658e-05
1.0878e-05
1.0384e-05
5.0936e-05
2.8011e-05
1.3575e-05
2.3319e-05
3.8049e-05
