0.041386
0.041502
0.041496
0.04149
0.041487
0.041484
0.041481
0.041478
0.041476
0.041473
0.041469
0.041466
0.041464
0.041461
0.041458
0.041458
0.041456
0.041456
0.041456
0.041456
0.041456
0.041456
0.041456
0.041456
0.041456
0.041456
0.041456
0.041456
0.041456
0.041456
0.041456
0.041456
0.041456
0.041456
0.041456
0.041456
0.041456
0.041456
0.041456
0.041456
0.041456
0.041456
0.041456
0.041456
0.041456
0.041456
0.041456
0.041456
0.041456
0.041456
0.041456
0.041456
0.041456
0.041456
0.041456
0.041456
0.041456
0.041456
0.041456
0.041456
0.041456
0.041456
0.041456
0.041456
0.041456
0.041456
0.041456
0.041456
0.041456
0.041456
0.041456
0.041456
0.041456
0.041456
0.041456
0.041456
0.041456
0.041456
0.041456
0.041456
0.041456
0.041456
0.041456
0.041456
0.041456
0.041456
0.041456
0.041456
0.041456
0.041456
0.041456
0.041456
0.041456
0.041456
0.041456
0.041456
0.041456
0.041456
0.041456
0.041456
0.041456
0.041456
0.041456
0.041456
0.041456
0.041456
0.041456
0.041456
0.041456
0.041456
0.041456
0.041456
0.041456
0.041456
0.041456
0.041456
0.041456
0.041456
0.041456
0.041456
0.041456
0.041456
0.041456
0.041456
0.041456
0.041456
0.041456
0.041456
0.041456
0.041456
0.041456
0.041456
0.041456
0.041456
0.041456
0.041456
0.041456
0.041456
0.041456
0.041456
0.041456
0.041456
0.041456
0.041456
0.041456
0.041456
0.041456
0.041456
0.041456
0.041456
