139.16
2.7072
1.8097
1.2766
0.9026
0.63823
0.45359
0.31974
0.2257
0.15959
0.2257
0.1596
0.11285
0.079799
0.058449
0.040631
0.028231
0.020313
0.014108
0.0099734
0.0070511
0.0049867
0.0070552
0.0049915
0.0040461
0.0024983
0.0020053
0.0012741
0.00088898
0.00063632
0.00092902
0.00067329
0.00045964
0.00034444
0.00025507
0.0005252
0.00034893
0.00019382
0.00013882
0.00014125
0.00015401
0.00012843
0.00012693
0.00013413
0.00014845
0.0001301
0.00012615
0.00013106
0.00014363
0.00016202
0.00012631
0.00012872
0.0001392
0.00015599
0.00012713
0.00012705
0.00013517
0.00015012
0.00012893
0.00012615
0.00013167
0.00014453
0.00013166
0.00012614
0.00012892
0.00013947
0.00015616
0.00012714
0.000127
0.0001349
0.00014953
0.00012924
0.00012608
0.00013108
0.00014334
0.00016117
0.00012634
0.00012817
0.00013769
0.00015343
0.00012792
0.00012643
0.00013288
0.00014618
0.00013092
0.00012608
0.0001292
0.00013971
0.00015609
0.00012725
0.00012682
0.00013414
0.00014801
0.00013007
0.00012603
0.00012981
0.00014075
0.00015729
0.00012703
0.00012698
0.00013448
0.00014835
0.00012999
0.00012603
0.00012975
0.0001405
0.0001568
0.00012717
0.00012682
0.00013393
0.00014738
0.00013053
0.00012606
0.00012914
0.00013924
0.00015494
0.00012767
0.00012647
0.00013266
0.00014526
0.00013175
0.00012625
0.00012815
0.00013711
0.00015184
0.0001287
0.00012611
0.00013088
0.00014223
0.00015871
0.00012685
0.00012705
0.00013436
0.00014769
0.00013054
0.00012608
0.00012886
0.00013842
0.00015344
0.00012823
0.0001262
0.00013131
0.00014277
0.00015915
0.00012682
0.00012703
0.00013416
0.00014718
0.00013092
0.00012614
