139.38
3.4941
1.7471
0.85449
0.42715
0.21356
0.10615
0.097957
0.048961
0.024457
0.023935
0.011962
0.0055622
0.0053504
0.0026805
0.0012458
0.0006961
0.00032246
0.00013174
0.00015237
7.343e-05
5.5763e-05
0.00010348
8.6377e-05
0.00014404
0.00012306
5.59e-05
0.00013312
0.00012754
3.469e-05
8.1813e-05
0.00014808
5.2342e-05
0.00011139
0.00016042
0.00011003
0.00015024
0.00013084
7.3387e-05
9.9747e-05
0.00012376
7.9932e-05
9.1771e-05
4.5488e-05
9.8261e-05
0.00016385
7.1079e-05
6.9839e-05
0.00014914
6.4014e-05
5.6362e-05
0.00010851
9.5985e-05
6.9322e-05
0.00012849
0.00015637
0.00011596
0.00016443
0.00013277
8.5971e-05
0.0001148
0.00012077
8.6441e-05
0.00010508
4.7559e-05
0.000106
0.00011043
8.7006e-05
0.0001687
0.00014622
0.00012821
0.00013793
0.0001165
5.846e-05
0.00013362
0.00011874
3.2992e-05
6.3056e-05
0.0001266
0.0001355
8.143e-05
0.00010325
0.00011825
7.5718e-05
8.8959e-05
5.091e-05
0.00010031
9.2376e-05
8.6084e-05
0.00016039
0.00012879
0.00013164
0.00013328
9.5988e-05
0.00012763
0.00012339
9.3794e-05
0.00011248
4.7316e-05
0.00010635
0.00017119
7.2092e-05
7.1843e-05
0.00014827
6.3001e-05
5.0124e-05
9.9494e-05
9.7919e-05
5.7745e-05
0.00011198
0.00015653
0.00010507
0.00014783
0.00017406
6.9978e-05
7.9538e-05
0.00015643
6.6949e-05
5.5985e-05
0.0001024
9.3232e-05
5.914e-05
0.00011668
0.00016048
0.0001095
0.00014562
0.00017044
6.6592e-05
7.98e-05
0.00015771
7.0912e-05
5.327e-05
9.5937e-05
8.9785e-05
0.00013966
0.00010047
6.0379e-05
0.00011776
8.6265e-05
0.00010408
5.0473e-05
0.00010484
9.7596e-05
8.4646e-05
0.00015908
0.00012536
0.00013694
0.00013286
6.9336e-05
7.1886e-05
0.0001416
7.8867e-05
3.2957e-05
5.0273e-05
0.0001026
0.00023647
9.9656e-05
9.1848e-05
0.00011675
4.2366e-05
5.032e-05
7.0046e-05
9.4318e-05
3.8981e-05
4.003e-05
5.7541e-05
8.1432e-05
0.00010743
6.8788e-05
7.1001e-05
8.3373e-05
0.00010222
0.00012456
8.3689e-05
5.4857e-05
5.5378e-05
6.847e-05
8.8635e-05
2.283e-05
1.3866e-05
3.7678e-05
6.472e-05
9.2079e-05
2.8789e-05
2.363e-05
4.2654e-05
6.7819e-05
9.4231e-05
5.7243e-05
5.4875e-05
6.5251e-05
8.3703e-05
0.00010602
8.8842e-05
8.713e-05
9.3747e-05
8.795e-05
0.00014399
2.4017e-05
3.9481e-05
