0.015657
4.7683e-05
-3.8739e-05
0.00055682
0.0004298
0.0001154
-0.00014673
-7.3288e-05
-3.7235e-05
-9.5683e-06
1.0159e-05
0.00056126
0.00014178
-3.3936e-05
-0.00013532
-6.7409e-05
-2.0236e-05
1.4883e-06
6.2355e-06
4.5739e-06
1.7881e-06
-3.585e-08
-3.7316e-07
-1.358e-07
-1.9826e-07
-2.8571e-07
-2.9821e-07
-3.4818e-07
0.00013843
3.4644e-05
-8.8931e-06
-1.5102e-05
-8.7931e-06
-2.7842e-06
6.6397e-07
7.8266e-07
5.0155e-07
1.3924e-07
1.7349e-05
4.4058e-06
-9.2258e-07
-4.1394e-06
-2.1905e-06
-3.5405e-07
1.866e-05
4.943e-06
-1.0786e-06
-2.166e-07
-1.0161e-06
-6.1636e-07
-3.1654e-07
1.4569e-07
2.5812e-07
3.8305e-07
8.0374e-05
1.9971e-05
-5.1519e-06
-8.9747e-06
-5.814e-06
5.392e-06
2.2813e-06
-1.0482e-07
-6.2952e-07
-4.8817e-09
-1.7374e-08
-6.7345e-08
-1.0482e-07
-1.2981e-07
-9.2331e-08
-1.0483e-07
-1.341e-05
-3.2654e-06
-4.5272e-06
6.0734e-07
1.4194e-06
8.447e-07
6.1984e-07
-5.3642e-06
-1.2915e-06
4.9493e-07
5.8238e-07
4.0748e-07
5.3241e-07
5.7686e-08
2.0211e-08
7.718e-09
-4.2253e-08
-7.9731e-08
-1.0472e-07
-1.297e-07
-9.2224e-08
-1.0471e-07
-1.1721e-07
-4.4273e-06
1.2011e-07
2.4934e-06
1.5191e-06
-4.2959e-07
1.2003e-07
-2.6781e-06
-1.3291e-06
4.6989e-07
4.449e-07
1.076e-07
1.5757e-07
1.9505e-07
1.3259e-07
3.2645e-08
-2.9819e-08
-7.979e-08
-1.0478e-07
-5.4865e-08
-1.7385e-08
1.3555e-09
1.0695e-06
3.2619e-07
-2.1727e-07
-1.7979e-07
2.635e-08
5.1337e-08
6.383e-08
3.2596e-08
-4.8836e-09
-1.7377e-08
1.363e-09
-1.8976e-06
1.0131e-07
-3.7969e-07
1.3254e-07
4.5741e-07
1.7007e-07
2.2005e-07
2.5753e-07
2.8252e-07
2.4504e-07
2.5753e-07
-2.2968e-07
-3.5461e-07
