1.09,1.09,100.04,0.040008,100.12,0.12002,0.080017,0.040008,0.040008,0.080017,0.040008,0.040008,0.080017
1.01,1.01,100,-1.2003e-05,100,-3.6008e-05,-2.2779e-05,-1.2003e-05,-1.2003e-05,-2.2779e-05,-1.2003e-05,-1.2003e-05,-2.2779e-05
1.1,1.1,-0.26399,-0.04481,4.5818,-0.062001,20.28,4.8645,0.06762,1.362e-12,-0.018702,-0.08481,1.362e-12
1.1,1.1,-0.70256,-0.047902,4.717,-0.058901,29.395,5.5716,0.076904,-2.0465e-16,-0.15209,-0.087902,1.3618e-12
1.07,1.07,0.6449,-0.069192,3.6175,-0.037611,29.4,1.8918,0.13768,0.95956,1.0808,-0.1061,1.362e-12
1.07,1.07,-0.31186,-0.04831,2.7923,-0.058493,29.364,1.1981,0.075039,0.022583,1.906,-0.085223,1.362e-12
1.07,1.07,-0.70093,-0.034816,2.4936,-0.071987,29.35,0.98987,0.034557,0.0049118,2.2047,-0.071729,1.362e-12
1.07,1.07,-0.76477,-0.031442,2.3728,-0.075361,29.346,0.81198,0.024437,0.0049118,2.3255,-0.068355,1.362e-12
1.07,1.07,-0.6465,-0.030599,2.3719,-0.076204,29.348,0.69204,0.021906,0.0049118,2.3264,-0.067512,1.362e-12
1.07,1.07,-0.60232,-0.030388,2.3863,-0.076415,29.349,0.67671,0.021274,0.0049118,2.312,-0.067301,1.362e-12
1.07,1.07,-0.58359,-0.030335,2.3974,-0.076468,29.35,0.68011,0.021116,0.0049118,2.3009,-0.067248,1.362e-12
1.07,1.07,-0.5806,-0.030322,2.4021,-0.076481,29.35,0.6865,0.021076,0.0049118,2.2962,-0.067235,1.362e-12
1.07,1.07,-0.47352,-0.026725,2.2909,-0.080078,29.35,0.35706,0.010286,0.018538,2.4074,-0.063638,1.362e-12
1.07,1.07,-0.61411,-0.025826,2.207,-0.080977,29.346,0.32984,0.0075887,0.018538,2.4913,-0.062739,1.362e-12
1.07,1.07,-0.63565,-0.025601,2.1719,-0.081202,29.345,0.28108,0.006914,0.018538,2.5264,-0.062514,1.362e-12
1.07,1.07,-0.61668,-0.025545,2.1665,-0.081258,29.345,0.25131,0.0067449,0.018538,2.5318,-0.062458,1.362e-12
1.07,1.07,-0.59501,-0.025531,2.1719,-0.081272,29.346,0.24051,0.0067031,0.018538,2.5264,-0.062444,1.362e-12
1.07,1.07,-0.58625,-0.025528,2.1766,-0.081275,29.346,0.24119,0.0066926,0.018538,2.5217,-0.062441,1.362e-12
1.07,1.07,-0.58441,-0.025527,2.1788,-0.081276,29.346,0.2437,0.0066906,0.018538,2.5195,-0.06244,1.362e-12
1.07,1.07,-0.58519,-0.025527,2.1793,-0.081276,29.346,0.24543,0.00669,0.018538,2.519,-0.06244,1.362e-12
1.07,1.07,-0.58622,-0.025527,2.1791,-0.081276,29.346,0.24613,0.0066895,0.018538,2.5192,-0.06244,1.362e-12
1.07,1.07,-0.58685,-0.025527,2.1788,-0.081276,29.346,0.2462,0.0066899,0.018538,2.5195,-0.06244,1.362e-12
1.07,1.07,-0.58707,-0.025526,2.1786,-0.081277,29.346,0.24605,0.0066894,0.018538,2.5197,-0.062439,1.362e-12
1.07,1.07,-0.58703,-0.025526,2.1786,-0.081277,29.346,0.24594,0.006689,0.018538,2.5197,-0.062439,1.362e-12
1.07,1.07,-0.58695,-0.025526,2.1786,-0.081277,29.346,0.24592,0.0066887,0.018538,2.5197,-0.062439,1.362e-12
1.07,1.07,-0.58694,-0.025526,2.1786,-0.081277,29.346,0.24589,0.0066886,0.018538,2.5197,-0.062439,1.362e-12
1.07,1.07,-0.58694,-0.025526,2.1786,-0.081277,29.346,0.24587,0.0066892,0.018538,2.5197,-0.062439,1.362e-12
1.07,1.07,-0.58693,-0.025526,2.1786,-0.081277,29.346,0.24586,0.0066889,0.018538,2.5197,-0.062439,1.362e-12
1.07,1.07,-0.58693,-0.025526,2.1786,-0.081277,29.346,0.24585,0.0066887,0.018538,2.5197,-0.062439,1.362e-12
1.07,1.07,-0.57304,-0.024535,2.1648,-0.082268,29.346,0.20437,0.0037141,0.017657,2.5335,-0.061448,1.362e-12
1.07,1.07,-0.59035,-0.024287,2.1544,-0.082516,29.345,0.20093,0.0029703,0.017657,2.5439,-0.0612,1.362e-12
1.07,1.07,-0.59298,-0.024225,2.1501,-0.082578,29.345,0.19485,0.0027845,0.017657,2.5482,-0.061138,1.362e-12
1.07,1.07,-0.59056,-0.024209,2.1495,-0.082594,29.345,0.19119,0.0027381,0.017657,2.5488,-0.061122,1.362e-12
1.07,1.07,-0.5881,-0.024205,2.1501,-0.082598,29.345,0.18999,0.0027258,0.017657,2.5482,-0.061118,1.362e-12
1.07,1.07,-0.5869,-0.024204,2.1507,-0.082599,29.345,0.18999,0.0027226,0.017657,2.5476,-0.061117,1.362e-12
1.07,1.07,-0.58621,-0.024204,2.1511,-0.082599,29.345,0.19013,0.0027219,0.017657,2.5472,-0.061117,1.362e-12
1.07,1.07,-0.58653,-0.024204,2.1511,-0.082599,29.345,0.1905,0.0027219,0.017657,2.5472,-0.061117,1.362e-12
1.07,1.07,-0.58677,-0.024204,2.1511,-0.082599,29.345,0.19062,0.002722,0.017657,2.5472,-0.061117,1.362e-12
1.07,1.07,-0.58691,-0.024204,2.151,-0.082599,29.345,0.19061,0.002722,0.017657,2.5473,-0.061117,1.362e-12
1.07,1.07,-0.58346,-0.023778,2.1475,-0.083025,29.345,0.18009,0.0014445,0.022683,2.5508,-0.060691,1.362e-12
1.07,1.07,-0.58777,-0.023672,2.1449,-0.083131,29.345,0.17921,0.0011248,0.022683,2.5534,-0.060585,1.362e-12
1.07,1.07,-0.5884,-0.023645,2.1438,-0.083158,29.345,0.17771,0.0010456,0.022683,2.5545,-0.060558,1.362e-12
1.07,1.07,-0.58783,-0.023638,2.1436,-0.083165,29.345,0.17678,0.0010252,0.022683,2.5547,-0.060551,1.362e-12
1.07,1.07,-0.58717,-0.023637,2.1438,-0.083166,29.345,0.17641,0.0010203,0.022683,2.5545,-0.06055,1.362e-12
1.07,1.07,-0.58685,-0.023637,2.144,-0.083166,29.345,0.17646,0.0010197,0.022683,2.5543,-0.06055,1.362e-12
1.07,1.07,-0.58497,-0.023636,2.1422,-0.083167,29.345,0.17103,0.0010193,0.022683,2.5561,-0.060549,1.362e-12
1.07,1.07,-0.58731,-0.023636,2.1408,-0.083167,29.345,0.17061,0.001019,0.022683,2.5575,-0.060549,1.362e-12
1.07,1.07,-0.58771,-0.023636,2.1402,-0.083167,29.345,0.16981,0.0010187,0.022683,2.5581,-0.060549,1.362e-12
1.07,1.07,-0.58722,-0.023636,2.1399,-0.083167,29.345,0.16875,0.0010185,0.022683,2.5584,-0.060549,1.362e-12
1.07,1.07,-0.58714,-0.023636,2.1398,-0.083167,29.345,0.16852,0.0010184,0.022683,2.5585,-0.060549,1.362e-12
1.07,1.07,-0.58698,-0.023636,2.1399,-0.083167,29.345,0.16844,0.0010183,0.022683,2.5584,-0.060549,1.362e-12
1.07,1.07,-0.58691,-0.023636,2.1399,-0.083167,29.345,0.16843,0.001019,0.022683,2.5584,-0.060549,1.362e-12
1.07,1.07,-0.58686,-0.023636,2.14,-0.083167,29.345,0.16847,0.0010187,0.022683,2.5583,-0.060549,1.362e-12
1.07,1.07,-0.58687,-0.023636,2.14,-0.083167,29.345,0.1685,0.0010185,0.022683,2.5583,-0.060549,1.362e-12
1.07,1.07,-0.58687,-0.023636,2.14,-0.083167,29.345,0.16853,0.0010184,0.022683,2.5583,-0.060549,1.362e-12
1.07,1.07,-0.57888,-0.023636,2.132,-0.083167,29.345,0.14455,0.0010183,0.022683,2.5663,-0.060549,1.362e-12
1.07,1.07,-0.58893,-0.023636,2.1259,-0.083167,29.345,0.1425,0.001019,0.022683,2.5724,-0.060549,1.362e-12
1.07,1.07,-0.59043,-0.023636,2.1234,-0.083167,29.345,0.13898,0.0010187,0.022683,2.5749,-0.060549,1.362e-12
1.07,1.07,-0.58905,-0.023636,2.123,-0.083167,29.345,0.13683,0.0010185,0.022683,2.5753,-0.060549,1.362e-12
1.07,1.07,-0.58766,-0.023636,2.1234,-0.083167,29.345,0.13607,0.0010184,0.022683,2.5749,-0.060549,1.362e-12
1.07,1.07,-0.58616,-0.023636,2.1231,-0.083167,29.345,0.13397,0.0010183,0.022683,2.5752,-0.060549,1.362e-12
1.07,1.07,-0.58684,-0.023636,2.1227,-0.083167,29.345,0.13403,0.001019,0.022683,2.5756,-0.060549,1.362e-12
1.07,1.07,-0.58711,-0.023636,2.1225,-0.083167,29.345,0.13382,0.0010187,0.022683,2.5758,-0.060549,1.362e-12
1.07,1.07,-0.58706,-0.023636,2.1225,-0.083167,29.345,0.13366,0.0010185,0.022683,2.5758,-0.060549,1.362e-12
1.07,1.07,-0.58692,-0.023636,2.1225,-0.083167,29.345,0.13364,0.0010184,0.022683,2.5758,-0.060549,1.362e-12
1.07,1.07,-0.58691,-0.023636,2.1225,-0.083167,29.345,0.13364,0.0010183,0.022683,2.5758,-0.060549,1.362e-12
1.07,1.07,-0.58691,-0.023636,2.1225,-0.083167,29.345,0.13363,0.001019,0.022683,2.5758,-0.060549,1.362e-12
1.07,1.07,-0.58691,-0.023636,2.1225,-0.083167,29.345,0.13362,0.0010187,0.022683,2.5758,-0.060549,1.362e-12
1.07,1.07,-0.58691,-0.023636,2.1225,-0.083167,29.345,0.13361,0.0010185,0.022683,2.5758,-0.060549,1.362e-12
1.07,1.07,-0.5869,-0.023636,2.1225,-0.083167,29.345,0.13361,0.0010184,0.022683,2.5758,-0.060549,1.362e-12
1.07,1.07,-0.5869,-0.023636,2.1225,-0.083167,29.345,0.13361,0.0010183,0.022683,2.5758,-0.060549,1.362e-12
1.07,1.07,-0.58823,-0.023636,2.1238,-0.083167,29.345,0.1376,0.001019,0.022683,2.5745,-0.060549,1.362e-12
1.07,1.07,-0.58655,-0.023636,2.1248,-0.083167,29.345,0.13795,0.0010187,0.022683,2.5735,-0.060549,1.362e-12
1.07,1.07,-0.58685,-0.023636,2.1258,-0.083167,29.345,0.14006,0.0010185,0.022683,2.5725,-0.060549,1.362e-12
1.07,1.07,-0.58636,-0.023636,2.1263,-0.083167,29.345,0.14059,0.0010184,0.022683,2.572,-0.060549,1.362e-12
1.07,1.07,-0.58655,-0.023636,2.1263,-0.083167,29.345,0.14094,0.0010183,0.022683,2.572,-0.060549,1.362e-12
1.07,1.07,-0.58678,-0.023636,2.1263,-0.083167,29.345,0.14106,0.001019,0.022683,2.572,-0.060549,1.362e-12
1.07,1.07,-0.58686,-0.023636,2.1263,-0.083167,29.345,0.1411,0.0010187,0.022683,2.572,-0.060549,1.362e-12
1.07,1.07,-0.58748,-0.023636,2.1268,-0.083167,29.345,0.14273,0.0010185,0.022683,2.5715,-0.060549,1.362e-12
1.07,1.07,-0.58678,-0.023636,2.1272,-0.083167,29.345,0.14286,0.0010184,0.022683,2.5711,-0.060549,1.362e-12
1.07,1.07,-0.58666,-0.023636,2.1274,-0.083167,29.345,0.14309,0.0010183,0.022683,2.5709,-0.060549,1.362e-12
1.07,1.07,-0.58677,-0.023636,2.1274,-0.083167,29.345,0.14322,0.001019,0.022683,2.5709,-0.060549,1.362e-12
1.07,1.07,-0.58685,-0.023636,2.1274,-0.083167,29.345,0.14327,0.0010187,0.022683,2.5709,-0.060549,1.362e-12
1.07,1.07,-0.58686,-0.023636,2.1274,-0.083167,29.345,0.1433,0.0010185,0.022683,2.5709,-0.060549,1.362e-12
1.07,1.07,-0.58693,-0.023636,2.1273,-0.083167,29.345,0.14327,0.0010184,0.022683,2.571,-0.060549,1.362e-12
1.07,1.07,-0.58692,-0.023636,2.1273,-0.083167,29.345,0.14325,0.0010183,0.022683,2.571,-0.060549,1.362e-12
1.07,1.07,-0.58691,-0.023636,2.1273,-0.083167,29.345,0.14324,0.001019,0.022683,2.571,-0.060549,1.362e-12
1.07,1.07,-0.58691,-0.023636,2.1273,-0.083167,29.345,0.14323,0.0010187,0.022683,2.571,-0.060549,1.362e-12
1.07,1.07,-0.58691,-0.023636,2.1273,-0.083167,29.345,0.14322,0.0010185,0.022683,2.571,-0.060549,1.362e-12
1.07,1.07,-0.58691,-0.023636,2.1273,-0.083167,29.345,0.14321,0.0010184,0.022683,2.571,-0.060549,1.362e-12
1.07,1.07,-0.58691,-0.023636,2.1273,-0.083167,29.345,0.14321,0.0010183,0.022683,2.571,-0.060549,1.362e-12
1.07,1.07,-0.5869,-0.023636,2.1273,-0.083167,29.345,0.14321,0.001019,0.022683,2.571,-0.060549,1.362e-12
1.07,1.07,-0.5869,-0.023636,2.1273,-0.083167,29.345,0.14321,0.0010187,0.022683,2.571,-0.060549,1.362e-12
1.07,1.07,-0.5869,-0.023636,2.1273,-0.083167,29.345,0.14321,0.0010185,0.022683,2.571,-0.060549,1.362e-12
1.07,1.07,-0.58733,-0.023636,2.1277,-0.083167,29.345,0.1445,0.0010184,0.022683,2.5706,-0.060549,1.362e-12
1.07,1.07,-0.58666,-0.023636,2.128,-0.083167,29.345,0.14428,0.0010179,0.022683,2.5703,-0.060549,1.362e-12
1.07,1.07,-0.58666,-0.023636,2.128,-0.083167,29.345,0.1443,0.0010176,0.022683,2.5703,-0.060549,1.362e-12
1.07,1.07,-0.58683,-0.023636,2.1279,-0.083167,29.345,0.14438,0.0010175,0.022683,2.5704,-0.060549,1.362e-12
1.07,1.07,-0.58696,-0.023636,2.1279,-0.083167,29.345,0.1444,0.0010176,0.022683,2.5704,-0.060549,1.362e-12
1.07,1.07,-0.5869,-0.023636,2.1279,-0.083167,29.345,0.14442,0.0010178,0.022683,2.5704,-0.060549,1.362e-12
1.07,1.07,-0.58704,-0.023636,2.128,-0.083167,29.345,0.14482,0.0010188,0.022683,2.5703,-0.060549,1.362e-12
1.07,1.07,-0.5869,-0.023636,2.1281,-0.083167,29.345,0.14482,0.0010186,0.022683,2.5702,-0.060549,1.362e-12
1.07,1.07,-0.58672,-0.023636,2.1282,-0.083167,29.345,0.14486,0.001019,0.022683,2.5701,-0.060549,1.362e-12
1.07,1.07,-0.58681,-0.023636,2.1282,-0.083167,29.345,0.14495,0.0010187,0.022683,2.5701,-0.060549,1.362e-12
1.07,1.07,-0.58689,-0.023636,2.1282,-0.083167,29.345,0.14496,0.0010186,0.022683,2.5701,-0.060549,1.362e-12
1.07,1.07,-0.58689,-0.023636,2.1282,-0.083167,29.345,0.14497,0.0010184,0.022683,2.5701,-0.060549,1.362e-12
1.07,1.07,-0.58689,-0.023636,2.1282,-0.083167,29.345,0.14498,0.0010183,0.022683,2.5701,-0.060549,1.362e-12
1.07,1.07,-0.5869,-0.023636,2.1282,-0.083167,29.345,0.14501,0.0010185,0.022683,2.5701,-0.060549,1.362e-12
1.07,1.07,-0.58691,-0.023636,2.1282,-0.083167,29.345,0.14503,0.0010185,0.022683,2.5701,-0.060549,1.362e-12
1.07,1.07,-0.58691,-0.023636,2.1282,-0.083167,29.345,0.14504,0.0010184,0.022683,2.5701,-0.060549,1.362e-12
1.07,1.07,-0.58691,-0.023636,2.1282,-0.083167,29.345,0.14503,0.0010182,0.022683,2.5701,-0.060549,1.362e-12
1.07,1.07,-0.58691,-0.023636,2.1282,-0.083167,29.345,0.14501,0.001018,0.022683,2.5701,-0.060549,1.362e-12
1.07,1.07,-0.5869,-0.023636,2.1282,-0.083167,29.345,0.145,0.0010179,0.022683,2.5701,-0.060549,1.362e-12
1.07,1.07,-0.58689,-0.023636,2.1282,-0.083167,29.345,0.14499,0.0010178,0.022683,2.5701,-0.060549,1.362e-12
1.07,1.07,-0.58689,-0.023636,2.1282,-0.083167,29.345,0.14498,0.0010177,0.022683,2.5701,-0.060549,1.362e-12
1.07,1.07,-0.58668,-0.023636,2.128,-0.083167,29.345,0.14435,0.0010186,0.022683,2.5703,-0.060549,1.362e-12
1.07,1.07,-0.58694,-0.023636,2.1278,-0.083167,29.345,0.14431,0.0010184,0.022683,2.5705,-0.060549,1.362e-12
1.07,1.07,-0.58703,-0.023636,2.1277,-0.083167,29.345,0.14418,0.0010184,0.022683,2.5706,-0.060549,1.362e-12
1.07,1.07,-0.58696,-0.023636,2.1278,-0.083167,29.345,0.14416,0.0010187,0.022683,2.5705,-0.060549,1.362e-12
1.07,1.07,-0.58689,-0.023636,2.1278,-0.083167,29.345,0.14416,0.0010187,0.022683,2.5705,-0.060549,1.362e-12
1.07,1.07,-0.58689,-0.023636,2.1278,-0.083167,29.345,0.14417,0.0010185,0.022683,2.5705,-0.060549,1.362e-12
1.07,1.07,-0.58689,-0.023636,2.1278,-0.083167,29.345,0.14419,0.0010182,0.022683,2.5705,-0.060549,1.362e-12
1.07,1.07,-0.5869,-0.023636,2.1278,-0.083167,29.345,0.14421,0.001018,0.022683,2.5705,-0.060549,1.362e-12
1.07,1.07,-0.58691,-0.023636,2.1278,-0.083167,29.345,0.14421,0.0010179,0.022683,2.5705,-0.060549,1.362e-12
1.07,1.07,-0.58691,-0.023636,2.1278,-0.083167,29.345,0.14421,0.0010178,0.022683,2.5705,-0.060549,1.362e-12
1.07,1.07,-0.5869,-0.023636,2.1278,-0.083167,29.345,0.14421,0.0010178,0.022683,2.5705,-0.060549,1.362e-12
1.07,1.07,-0.58728,-0.023636,2.1282,-0.083167,29.345,0.14534,0.0010187,0.022683,2.5701,-0.060549,1.362e-12
1.07,1.07,-0.58669,-0.023636,2.1284,-0.083167,29.345,0.14517,0.0010183,0.022683,2.5699,-0.060549,1.362e-12
1.07,1.07,-0.58689,-0.023636,2.1286,-0.083167,29.345,0.14578,0.0010184,0.022683,2.5697,-0.060549,1.362e-12
1.07,1.07,-0.58679,-0.023636,2.1287,-0.083167,29.345,0.14589,0.0010183,0.022683,2.5696,-0.060549,1.362e-12
1.07,1.07,-0.58682,-0.023636,2.1287,-0.083167,29.345,0.14596,0.001019,0.022683,2.5696,-0.060549,1.362e-12
1.07,1.07,-0.58689,-0.023636,2.1287,-0.083167,29.345,0.14596,0.0010187,0.022683,2.5696,-0.060549,1.362e-12
1.07,1.07,-0.58689,-0.023636,2.1287,-0.083167,29.345,0.14597,0.0010185,0.022683,2.5696,-0.060549,1.362e-12
1.07,1.07,-0.58689,-0.023636,2.1287,-0.083167,29.345,0.14598,0.0010184,0.022683,2.5696,-0.060549,1.362e-12
1.07,1.07,-0.58689,-0.023636,2.1287,-0.083167,29.345,0.14599,0.0010183,0.022683,2.5696,-0.060549,1.362e-12
1.07,1.07,-0.5869,-0.023636,2.1287,-0.083167,29.345,0.14599,0.001019,0.022683,2.5696,-0.060549,1.362e-12
1.07,1.07,-0.5869,-0.023636,2.1287,-0.083167,29.345,0.14599,0.0010187,0.022683,2.5696,-0.060549,1.362e-12
1.07,1.07,-0.58695,-0.023636,2.1286,-0.083167,29.345,0.14594,0.0010185,0.022683,2.5697,-0.060549,1.362e-12
1.07,1.07,-0.58694,-0.023636,2.1286,-0.083167,29.345,0.1459,0.0010184,0.022683,2.5697,-0.060549,1.362e-12
1.07,1.07,-0.58692,-0.023636,2.1286,-0.083167,29.345,0.14585,0.0010179,0.022683,2.5697,-0.060549,1.362e-12
