169.32
94.754
0.26488
1.5579
0.76616
0.53041
0.20634
0.05957
0.029378
0.019474
0.0075691
0.22358
0.14791
0.078017
0.030137
0.012364
0.0082025
0.0045805
0.0019206
0.00079296
0.00050344
0.0002893
0.00012585
3.0398e-05
3.9534e-05
6.7429e-05
8.6632e-05
0.00010386
0.027744
0.018319
0.0096151
0.0038223
0.0015423
0.0019301
0.001008
0.00038276
0.00017862
0.00011432
0.0070267
0.0046483
0.0024675
0.00094627
0.00039738
0.00021525
0.0036726
0.002458
0.0013096
0.00057617
0.00024819
0.00010972
9.2969e-05
4.4195e-05
4.8007e-05
8.6177e-05
0.016105
0.010634
0.005585
0.0022351
0.0010323
0.00094448
0.00068943
0.00038893
0.00017046
3.8534e-05
1.5114e-05
1.1686e-05
2.1507e-05
2.9457e-05
3.2047e-05
3.6382e-05
0.0026952
0.0017731
0.0016567
0.00090383
0.00036809
0.00014697
0.00015093
0.0010329
0.00066647
0.00034235
0.00013204
7.4031e-05
0.00012198
7.7943e-05
4.6192e-05
2.2334e-05
1.0348e-05
1.4401e-05
2.1495e-05
2.9439e-05
3.1995e-05
3.6326e-05
4.0661e-05
0.00089921
0.00044445
0.00024047
0.00015835
6.6828e-05
2.0811e-05
0.00026216
0.00046073
0.00023359
8.999e-05
2.2323e-05
3.86e-05
5.1261e-05
4.5934e-05
3.0307e-05
1.2182e-05
1.4403e-05
2.1493e-05
3.8073e-05
3.1076e-05
1.9271e-05
0.00042219
0.00029812
0.00014986
6.3483e-05
1.0206e-05
2.0912e-05
2.8792e-05
2.2683e-05
1.7258e-05
1.1455e-05
2.0545e-06
0.00075916
0.00036088
0.00028071
0.00014775
8.2426e-05
4.279e-05
5.9773e-05
7.2617e-05
8.1207e-05
8.4913e-05
8.9244e-05
5.0473e-05
6.6928e-05
