6.2471
3.1248
2.6441
1.4822
0.036461
0.053773
0.040499
0.013684
0.014788
0.0063477
0.0033555
0.0010819
0.055106
0.050558
0.016145
0.0052921
0.011811
0.0059906
0.0021144
0.00056577
0.00054571
0.00039615
0.00016977
2.7271e-05
4.5205e-05
1.9845e-05
2.2501e-05
2.795e-05
3.0821e-05
0.013854
0.012482
0.0039587
0.0013289
0.0013311
0.00078588
0.00024856
8.2484e-05
6.3671e-05
5.0308e-05
0.0017666
0.0015686
0.00050513
0.00016363
0.00036132
0.00020143
0.0018325
0.0016799
0.00055179
0.00034509
6.164e-05
9.9992e-05
4.3586e-05
4.8538e-05
2.5859e-05
2.8722e-05
0.0080219
0.0072577
0.0022764
0.00075762
0.00076817
0.00080762
0.00046885
0.00021371
4.5549e-05
7.3649e-05
1.0312e-05
7.0762e-06
6.6178e-06
8.6629e-06
1.1991e-05
1.146e-05
0.0013374
0.0012274
0.00083857
0.0004593
0.00010514
0.00012009
6.4995e-05
0.00052073
0.00047957
0.0001474
5.9839e-05
5.5898e-05
4.153e-05
6.6139e-05
1.7855e-05
1.0311e-05
7.0742e-06
6.6182e-06
8.6635e-06
8.6652e-06
1.1992e-05
1.1458e-05
1.1458e-05
0.00043755
0.00039762
2.598e-05
0.000213
0.00014456
5.7441e-05
0.00027511
0.00024185
0.00013161
4.8731e-05
4.0231e-05
1.2249e-05
1.4792e-05
1.5207e-05
1.3229e-05
9.6826e-06
8.6602e-06
8.6601e-06
7.071e-06
4.33e-06
4.1458e-06
0.00010627
9.6453e-05
3.5331e-05
2.727e-05
1.8665e-05
4.3307e-06
4.3304e-06
5.4484e-06
2.5002e-06
2.5002e-06
2.1651e-06
0.00018998
0.00016754
9.4042e-05
4.337e-05
1.1456e-05
3.6655e-05
1.6584e-05
1.9526e-05
2.2913e-05
2.6575e-05
2.6338e-05
4.4085e-05
3.1224e-05
2.9046e-05
