9.7736e-05
0.00026125
-7.987e-08
0.00011439
0.00015443
0.00013159
0.00010268
8.8377e-05
5.6807e-05
4.9717e-05
3.945e-05
3.0693e-05
3.4158e-05
3.4704e-05
1.9463e-05
2.2611e-05
2.1709e-05
2.5481e-05
2.5507e-05
2.5476e-05
2.5473e-05
2.7062e-05
2.7363e-05
2.5563e-05
2.9074e-05
2.9396e-05
2.7635e-05
2.8701e-05
2.9121e-05
2.9269e-05
2.9311e-05
3.1328e-05
3.0359e-05
3.19e-05
2.8392e-05
3.0143e-05
2.9202e-05
2.9135e-05
2.9075e-05
2.9464e-05
3.1159e-05
3.0464e-05
2.9896e-05
2.9711e-05
2.9653e-05
2.952e-05
2.9477e-05
2.947e-05
2.9437e-05
3.1487e-05
2.9004e-05
2.9181e-05
2.9272e-05
2.9374e-05
2.9396e-05
2.9423e-05
3.1422e-05
2.8945e-05
2.9202e-05
3.1186e-05
2.9896e-05
2.966e-05
2.9601e-05
2.9558e-05
2.9572e-05
2.9551e-05
2.9556e-05
2.955e-05
2.9555e-05
2.9551e-05
2.9556e-05
2.9551e-05
2.986e-05
2.983e-05
2.9835e-05
2.9826e-05
2.982e-05
2.9814e-05
3.0031e-05
2.9775e-05
2.9813e-05
2.9821e-05
2.9817e-05
2.9812e-05
2.9823e-05
2.9823e-05
2.9818e-05
3.0021e-05
2.9781e-05
2.982e-05
2.9812e-05
2.9819e-05
2.9809e-05
2.9815e-05
2.9836e-05
2.981e-05
2.9821e-05
2.9811e-05
2.9822e-05
2.9817e-05
3.0017e-05
2.9779e-05
2.9818e-05
2.981e-05
2.9806e-05
2.9817e-05
2.9813e-05
2.9823e-05
2.9835e-05
2.9814e-05
2.9998e-05
2.9787e-05
2.98e-05
2.9808e-05
2.9819e-05
2.9815e-05
2.9842e-05
2.9811e-05
2.9816e-05
3.0022e-05
2.9771e-05
2.9815e-05
2.9812e-05
2.983e-05
2.9809e-05
2.9826e-05
2.9816e-05
3.0027e-05
2.9776e-05
2.9815e-05
2.9817e-05
2.9834e-05
2.9814e-05
2.9999e-05
2.9777e-05
2.9821e-05
2.9798e-05
2.983e-05
2.9815e-05
2.9811e-05
2.9816e-05
3.0029e-05
2.9779e-05
2.9813e-05
2.9821e-05
2.9811e-05
2.9807e-05
2.9818e-05
2.9829e-05
2.9803e-05
