141.35
0.93913
0.20956
0.083205
0.088431
0.082961
0.071341
0.053815
0.038499
0.04164
0.044489
0.046667
0.049326
0.09586
0.075934
0.063018
0.056675
0.054053
0.050498
0.035486
0.017217
0.0082832
0.0042588
0.0022667
0.0017182
0.002018
0.0017801
0.001795
0.0018958
0.0019539
0.0019822
0.0037572
0.0030453
0.0028983
0.002275
0.0022975
0.0021307
0.0020466
0.0019918
0.0020332
0.0037765
0.0030802
0.0025516
0.0023006
0.002184
0.0021085
0.0020742
0.0020573
0.0020442
0.0038403
0.0018609
0.0018345
0.0019181
0.0019737
0.0020001
0.0020165
0.0037974
0.0018352
0.0018323
0.0017453
0.00088391
0.00036219
0.00025688
0.00020019
0.00017958
0.00016668
0.00016365
0.00015899
0.0001598
0.00015907
0.00015991
0.00015916
0.00031023
0.00027075
0.0002494
0.00023802
0.00023403
0.00023021
0.00037506
0.00021822
0.00022053
0.00022578
0.0002267
0.00022633
0.00022958
0.00023003
0.00022922
0.00036809
0.00021822
0.0002221
0.00022361
0.00022719
0.00022603
0.00022743
0.00023333
0.00022747
0.00023
0.00022757
0.00023012
0.00022912
0.0003673
0.00021828
0.00022165
0.00022323
0.00022393
0.00022752
0.00022695
0.00022996
0.0002333
0.00022928
0.00036139
0.00022112
0.00021778
0.00022201
0.00022684
0.00022675
0.00023437
0.00022787
0.00022879
0.00036735
0.00021643
0.00022053
0.00022324
0.0002296
0.00022576
0.00023034
0.00022829
0.00037011
0.00021669
0.00022027
0.00022447
0.00023122
0.00022833
0.00035961
0.00021751
0.00022219
0.00022019
0.00022962
0.00022746
0.0002266
0.00022799
0.0003702
0.00021788
0.00021991
0.00022553
0.00022536
0.00022497
0.00022807
0.00023153
0.00022544
