0.00045553,-0.00045711,-0.33101,-0.0015827,0.33101,0.0016089,-1.2173e-06,-0.33101,-0.0015827,0.0010536
0.00017871,-0.00017871,-0.16634,3.3622e-06,0.16634,7.504e-06,-1.6636e-07,-0.16634,3.3622e-06,0.00050557
-5.0574e-05,5.0574e-05,-0.0005601,-6.1323e-06,0.00055979,3.0574e-06,4.7205e-08,-0.0005601,-6.1323e-06,1.8891e-06
-0.014211,0.014211,-0.20498,-0.034296,0.20489,0.033432,1.3264e-05,-0.20498,-0.034296,0.0016657
-0.0022904,0.0022904,-0.13647,-4.0714e-05,0.13646,-9.854e-05,2.1378e-06,-0.13647,-4.0714e-05,0.00041611
-5.5926e-05,5.5926e-05,-0.022653,6.5165e-07,0.022653,-4.0519e-06,5.22e-08,-0.022653,6.5165e-07,6.8847e-05
-0.00084514,0.00084514,-0.057093,-0.022572,0.057087,0.022521,7.8885e-07,-0.057093,-0.022572,0.00085975
-5.3264e-05,5.3264e-05,0.051793,-0.0074579,-0.051793,0.0074547,4.9717e-08,0.051793,-0.0074579,6.927e-05
0.00015133,-0.00015133,0.053559,-3.8481e-07,-0.053558,9.5855e-06,-1.4125e-07,0.053559,-3.8481e-07,-0.00016281
-0.020129,0.020129,0.043495,-0.0028803,-0.043618,0.0016565,1.8789e-05,0.043495,-0.0028803,-4.4663e-05
-5.4359e-05,5.4359e-05,-0.013402,-0.00089123,0.013402,0.00088792,5.0739e-08,-0.013402,-0.00089123,6.7837e-05
-6.0708e-05,6.0708e-05,-0.023433,-2.8883e-06,0.023433,-8.0271e-07,5.6665e-08,-0.023433,-2.8883e-06,7.1325e-05
-4.3188e-05,4.3188e-05,-0.011153,-1.312e-06,0.011153,-1.3138e-06,4.0312e-08,-0.011153,-1.312e-06,3.3946e-05
1.3156e-05,-1.3156e-05,0.00037618,1.074e-06,-0.0003761,-2.7411e-07,-1.228e-08,0.00037618,1.074e-06,-1.1762e-06
-0.00010141,0.00010141,-0.036995,-0.00016625,0.036995,0.00016008,9.466e-08,-0.036995,-0.00016625,0.00011752
-9.1528e-05,9.1528e-05,-0.026646,9.3788e-06,0.026646,-1.4944e-05,8.5433e-08,-0.026646,9.3788e-06,8.0719e-05
-8.216e-06,8.216e-06,-0.0054313,-2.116e-06,0.0054313,1.6164e-06,7.6688e-09,-0.0054313,-2.116e-06,1.6576e-05
6.0049e-06,-6.0049e-06,0.0052621,-3.5773e-07,-0.0052621,7.2283e-07,-5.605e-09,0.0052621,-3.5773e-07,-1.5986e-05
-2.6488e-05,2.6488e-05,-0.012469,3.8318e-05,0.012469,-3.9929e-05,2.4724e-08,-0.012469,3.8318e-05,3.6741e-05
-5.957e-05,5.957e-05,-0.010067,-2.6137e-06,0.010067,-1.0082e-06,5.5603e-08,-0.010067,-2.6137e-06,3.0683e-05
-0.027791,0.027791,-0.012739,-0.00053325,0.01257,-0.0011564,2.594e-05,-0.012739,-0.00053325,5.4937e-05
-0.014055,0.014055,-0.0082161,-0.00045824,0.0081306,-0.00039629,1.3119e-05,-0.0082161,-0.00045824,3.8907e-05
-7.332e-06,7.332e-06,-0.0012316,-2.7674e-06,0.0012315,2.3216e-06,6.8437e-09,-0.0012316,-2.7674e-06,3.8281e-06
6.1291e-06,-6.1291e-06,0.0019168,-2.1251e-06,-0.0019168,2.4978e-06,-5.7209e-09,0.0019168,-2.1251e-06,-5.7626e-06
4.7647e-06,-4.7647e-06,0.0016869,-1.3459e-06,-0.0016869,1.6356e-06,-4.4473e-09,0.0016869,-1.3459e-06,-5.0872e-06
-0.0036227,0.0036227,0.00047727,-7.0892e-06,-0.00049929,-0.00021317,3.3814e-06,0.00047727,-7.0892e-06,-1.2354e-06
-0.0018557,0.0018557,-0.00055644,-5.6809e-06,0.00054516,-0.00010715,1.7321e-06,-0.00055644,-5.6809e-06,1.8643e-06
-0.00094007,0.00094007,-0.00087854,-2.0375e-05,0.00087283,-3.6781e-05,8.7746e-07,-0.00087854,-2.0375e-05,3.2902e-06
-0.00049485,0.00049485,-0.00040043,-9.6366e-06,0.00039743,-2.045e-05,4.6189e-07,-0.00040043,-9.6366e-06,1.5103e-06
-0.00025735,0.00025735,-0.00016375,-1.5096e-05,0.00016218,-5.5135e-07,2.4021e-07,-0.00016375,-1.5096e-05,9.567e-07
4.2986e-07,-4.2986e-07,2.5813e-05,1.8e-08,-2.5811e-05,8.1353e-09,-4.0123e-10,2.5813e-05,1.8e-08,-7.9019e-08
-0.00013865,0.00013865,7.1571e-05,-2.9011e-06,-7.2414e-05,-5.5286e-06,1.2941e-07,7.1571e-05,-2.9011e-06,-1.2938e-07
1.4124e-07,-1.4124e-07,4.1226e-05,1.8111e-06,-4.1225e-05,-1.8026e-06,-1.3183e-10,4.1226e-05,1.8111e-06,-1.8038e-07
-8.2894e-05,8.2894e-05,8.3762e-05,8.6334e-05,-8.4266e-05,-9.1374e-05,7.7373e-08,8.3762e-05,8.6334e-05,-2.8792e-06
1.9112e-06,-1.9112e-06,4.1643e-05,6.4709e-07,-4.1632e-05,-5.3089e-07,-1.7839e-09,4.1643e-05,6.4709e-07,-1.4627e-07
-5.5386e-07,5.5386e-07,1.0117e-06,-1.6803e-07,-1.0151e-06,1.3436e-07,5.1697e-10,1.0117e-06,-1.6803e-07,2.0326e-09
-5.3131e-06,5.3131e-06,-1.2958e-05,-6.9723e-07,1.2926e-05,3.7419e-07,4.9593e-09,-1.2958e-05,-6.9723e-07,6.0588e-08
-5.3379e-05,5.3379e-05,1.8983e-05,4.2548e-05,-1.9308e-05,-4.5793e-05,4.9824e-08,1.8983e-05,4.2548e-05,-1.3512e-06
1.2445e-06,-1.2445e-06,1.8469e-05,-5.9847e-07,-1.8461e-05,6.7414e-07,-1.1616e-09,1.8469e-05,-5.9847e-07,-3.7951e-08
-1.4341e-06,1.4341e-06,6.1701e-06,1.2471e-06,-6.1788e-06,-1.3342e-06,1.3386e-09,6.1701e-06,1.2471e-06,-5.6667e-08
-1.2612e-05,1.2612e-05,-8.3251e-07,3.8769e-07,7.5583e-07,-1.1545e-06,1.1772e-08,-8.3251e-07,3.8769e-07,-9.2548e-09
-7.1057e-06,7.1057e-06,5.8651e-06,7.8634e-06,-5.9083e-06,-8.2955e-06,6.6325e-09,5.8651e-06,7.8634e-06,-2.5688e-07
1.1118e-06,-1.1118e-06,4.7352e-06,3.1481e-06,-4.7285e-06,-3.0805e-06,-1.0378e-09,4.7352e-06,3.1481e-06,-1.101e-07
1.9501e-06,-1.9501e-06,2.5702e-07,4.4939e-07,-2.4516e-07,-3.3083e-07,-1.8202e-09,2.5702e-07,4.4939e-07,-1.4443e-08
4.4342e-07,-4.4342e-07,1.6073e-06,1.2852e-06,-1.6046e-06,-1.2583e-06,-4.1389e-10,1.6073e-06,1.2852e-06,-4.3957e-08
1.0652e-06,-1.0652e-06,1.4519e-06,6.4802e-07,-1.4454e-06,-5.8326e-07,-9.9425e-10,1.4519e-06,6.4802e-07,-2.4114e-08
2.4607e-07,-2.4607e-07,7.4691e-07,3.0655e-07,-7.4542e-07,-2.9159e-07,-2.2968e-10,7.4691e-07,3.0655e-07,-1.159e-08
8.1089e-07,-8.1089e-07,4.4735e-08,-6.8845e-09,-3.9805e-08,5.6187e-08,-7.5689e-10,4.4735e-08,-6.8845e-09,7.3292e-11
2.8048e-07,-2.8048e-07,-8.9257e-08,2.8192e-08,9.0963e-08,-1.1139e-08,-2.618e-10,-8.9257e-08,2.8192e-08,-5.8571e-10
4.9785e-07,-4.9785e-07,-3.0506e-07,-2.5713e-08,3.0809e-07,5.5982e-08,-4.6469e-10,-3.0506e-07,-2.5713e-08,1.7091e-09
1.0275e-07,-1.0275e-07,-2.2128e-07,-9.4118e-08,2.219e-07,1.0037e-07,-9.5905e-11,-2.2128e-07,-9.4118e-08,3.5339e-09
1.1528e-06,-1.1528e-06,-2.6998e-07,-6.5555e-08,2.7699e-07,1.3564e-07,-1.076e-09,-2.6998e-07,-6.5555e-08,2.8136e-09
8.3714e-07,-8.3714e-07,-1.652e-07,-5.4249e-08,1.7029e-07,1.0515e-07,-7.8139e-10,-1.652e-07,-5.4249e-08,2.1514e-09
6.3733e-07,-6.3733e-07,-2.3206e-07,-6.142e-08,2.3594e-07,1.0017e-07,-5.9488e-10,-2.3206e-07,-6.142e-08,2.5726e-09
1.0743e-07,-1.0743e-07,-9.9709e-08,-8.3259e-10,1.0036e-07,7.3642e-09,-1.0027e-10,-9.9709e-08,-8.3259e-10,3.2843e-10
1.6247e-07,-1.6247e-07,-2.624e-09,-1.2823e-09,3.6119e-09,1.1161e-08,-1.5165e-10,-2.624e-09,-1.2823e-09,4.6958e-11
3.2313e-07,-3.2313e-07,-5.8923e-09,1.0303e-08,7.8569e-09,9.3435e-09,-3.0161e-10,-5.8923e-09,1.0303e-08,-2.953e-10
3.2439e-07,-3.2439e-07,4.8382e-09,2.6468e-08,-2.8659e-09,-6.745e-09,-3.0279e-10,4.8382e-09,2.6468e-08,-8.1933e-10
1.8438e-07,-1.8438e-07,1.5127e-08,2.4542e-08,-1.4006e-08,-1.3332e-08,-1.721e-10,1.5127e-08,2.4542e-08,-7.9207e-10
9.7868e-08,-9.7868e-08,1.2504e-08,1.5891e-08,-1.1909e-08,-9.9406e-09,-9.135e-11,1.2504e-08,1.5891e-08,-5.211e-10
9.3812e-08,-9.3812e-08,2.3068e-08,2.0624e-08,-2.2497e-08,-1.4921e-08,-8.7564e-11,2.3068e-08,2.0624e-08,-6.9711e-10
2.208e-07,-2.208e-07,1.5596e-08,1.0318e-08,-1.4253e-08,3.1066e-09,-2.061e-10,1.5596e-08,1.0318e-08,-3.6108e-10
1.0363e-07,-1.0363e-07,4.3753e-09,4.8222e-09,-3.7452e-09,1.4784e-09,-9.6727e-11,4.3753e-09,4.8222e-09,-1.5989e-10
3.163e-07,-3.163e-07,3.2958e-10,9.5865e-09,1.5935e-09,9.6447e-09,-2.9524e-10,3.2958e-10,9.5865e-09,-2.9243e-10
3.0061e-07,-3.0061e-07,-9.2542e-10,8.0977e-09,2.7531e-09,1.0179e-08,-2.8059e-10,-9.2542e-10,8.0977e-09,-2.4336e-10
2.8411e-07,-2.8411e-07,-2.182e-09,4.6414e-09,3.9094e-09,1.2633e-08,-2.6519e-10,-2.182e-09,4.6414e-09,-1.3447e-10
9.8952e-08,-9.8952e-08,-5.2706e-10,6.9466e-10,1.1287e-09,5.3216e-09,-9.2362e-11,-5.2706e-10,6.9466e-10,-1.9515e-11
9.4491e-08,-9.4491e-08,1.4939e-09,1.3848e-09,-9.1944e-10,4.3603e-09,-8.8198e-11,1.4939e-09,1.3848e-09,-4.6639e-11
8.4188e-08,-8.4188e-08,2.488e-09,2.542e-09,-1.9762e-09,2.5766e-09,-7.8581e-11,2.488e-09,2.542e-09,-8.484e-11
3.7672e-07,-3.7672e-07,7.3491e-09,9.0217e-09,-5.0586e-09,1.3883e-08,-3.5164e-10,7.3491e-09,9.0217e-09,-2.966e-10
3.3695e-07,-3.3695e-07,5.0302e-09,8.9314e-09,-2.9816e-09,1.1555e-08,-3.1451e-10,5.0302e-09,8.9314e-09,-2.8681e-10
7.6567e-08,-7.6567e-08,-9.8887e-10,1.4446e-09,1.4544e-09,3.2107e-09,-7.1468e-11,-9.8887e-10,1.4446e-09,-4.0909e-11
8.055e-08,-8.055e-08,-3.2191e-09,2.8913e-09,3.7089e-09,2.0061e-09,-7.5186e-11,-3.2191e-09,2.8913e-09,-7.8111e-11
7.3969e-08,-7.3969e-08,-4.0942e-11,2.7904e-09,4.9068e-10,1.7069e-09,-6.9043e-11,-4.0942e-11,2.7904e-09,-8.4704e-11
7.0548e-08,-7.0548e-08,1.273e-09,1.8592e-09,-8.4407e-10,2.4301e-09,-6.585e-11,1.273e-09,1.8592e-09,-6.0389e-11
4.2724e-07,-4.2724e-07,1.6899e-09,7.6549e-09,9.0771e-10,1.8321e-08,-3.9879e-10,1.6899e-09,7.6549e-09,-2.3785e-10
6.1572e-08,-6.1572e-08,1.964e-09,2.2628e-09,-1.5897e-09,1.4807e-09,-5.7471e-11,1.964e-09,2.2628e-09,-7.4761e-11
5.9115e-08,-5.9115e-08,1.3474e-09,1.9529e-09,-9.88e-10,1.6413e-09,-5.5179e-11,1.3474e-09,1.9529e-09,-6.3464e-11
5.6902e-08,-5.6902e-08,2.238e-10,1.2088e-09,1.2216e-10,2.2508e-09,-5.3112e-11,2.238e-10,1.2088e-09,-3.7429e-11
5.1031e-07,-5.1031e-07,1.65e-09,8.3948e-09,1.4527e-09,2.2632e-08,-4.7632e-10,1.65e-09,8.3948e-09,-2.6022e-10
4.7603e-08,-4.7603e-08,3.3541e-09,2.8254e-09,-3.0647e-09,6.8928e-11,-4.4433e-11,3.3541e-09,2.8254e-09,-9.6087e-11
6.4906e-08,-6.4906e-08,5.4193e-09,2.3303e-09,-5.0246e-09,1.616e-09,-6.0584e-11,5.4193e-09,2.3303e-09,-8.7315e-11
6.748e-08,-6.748e-08,9.4796e-10,1.2118e-09,-5.3767e-10,2.8911e-09,-6.2986e-11,9.4796e-10,1.2118e-09,-3.9719e-11
1.0149e-06,-1.0149e-06,2.2558e-09,2.0146e-08,3.9147e-09,4.1558e-08,-9.4729e-10,2.2558e-09,2.0146e-08,-6.193e-10
1.2217e-06,-1.2217e-06,7.958e-09,2.7067e-08,-5.3037e-10,4.7209e-08,-1.1403e-09,7.958e-09,2.7067e-08,-8.4704e-10
1.1331e-06,-1.1331e-06,-4.2243e-08,-9.721e-09,4.9133e-08,7.8612e-08,-1.0576e-09,-4.2243e-08,-9.721e-09,4.2394e-10
8.6494e-07,-8.6494e-07,-8.5327e-08,-2.6405e-08,9.0585e-08,7.8994e-08,-8.0734e-10,-8.5327e-08,-2.6405e-08,1.0621e-09
5.6168e-07,-5.6168e-07,-4.6824e-08,9.5346e-09,5.0239e-08,2.4616e-08,-5.2427e-10,-4.6824e-08,9.5346e-09,-1.4751e-10
3.8813e-07,-3.8813e-07,-4.1892e-08,1.2697e-09,4.4252e-08,2.2329e-08,-3.6228e-10,-4.1892e-08,1.2697e-09,8.8754e-11
5.5944e-08,-5.5944e-08,-5.3995e-09,8.3281e-09,5.7397e-09,-4.9267e-09,-5.2218e-11,-5.3995e-09,8.3281e-09,-2.3676e-10
3.6973e-08,-3.6973e-08,5.0514e-09,-1.3392e-08,-4.8266e-09,1.564e-08,-3.4511e-11,5.0514e-09,-1.3392e-08,3.9176e-10
3.3396e-08,-3.3396e-08,1.6834e-08,6.1792e-09,-1.6631e-08,-4.1488e-09,-3.1172e-11,1.6834e-08,6.1792e-09,-2.3902e-10
2.467e-08,-2.467e-08,2.8607e-08,-1.4032e-08,-2.8457e-08,1.5532e-08,-2.3027e-11,2.8607e-08,-1.4032e-08,3.3962e-10
3.4954e-08,-3.4954e-08,2.0897e-08,3.544e-09,-2.0685e-08,-1.4188e-09,-3.2626e-11,2.0897e-08,3.544e-09,-1.7127e-10
8.9229e-07,-8.9229e-07,1.8158e-08,1.8553e-09,-1.2733e-08,5.2396e-08,-8.3286e-10,1.8158e-08,1.8553e-09,-1.116e-10
2.869e-08,-2.869e-08,7.4546e-09,5.4338e-09,-7.2801e-09,-3.6895e-09,-2.6779e-11,7.4546e-09,5.4338e-09,-1.8785e-10
2.2412e-08,-2.2412e-08,4.9954e-09,3.6155e-09,-4.8591e-09,-2.2528e-09,-2.092e-11,4.9954e-09,3.6155e-09,-1.251e-10
3.1794e-08,-3.1794e-08,-2.7153e-09,-1.2678e-09,2.9087e-09,3.2009e-09,-2.9677e-11,-2.7153e-09,-1.2678e-09,4.6796e-11
6.7687e-07,-6.7687e-07,-5.885e-09,1.1932e-08,1e-08,2.9222e-08,-6.3179e-10,-5.885e-09,1.1932e-08,-3.4484e-10
7.4187e-07,-7.4187e-07,1.3273e-08,-8.0181e-10,-8.7621e-09,4.5908e-08,-6.9246e-10,1.3273e-08,-8.0181e-10,-1.5974e-11
4.1211e-07,-4.1211e-07,1.0158e-08,1.5544e-08,-7.652e-09,9.5127e-09,-3.8466e-10,1.0158e-08,1.5544e-08,-5.034e-10
