1.2245,0.9854,-2.7021,0.0024554,11.884,0.0087212,334.1,7.2929,0.0024538,-0.022314,7.2929,0.0024554,-0.022314
1.1032,0.69709,-17.291,0.0096181,4.5917,0.028439,466.82,7.2942,0.0071626,-0.022395,14.588,0.0096181,-0.044709
1.2147,0.78535,-17.293,0.018077,4.5931,0.053832,493.36,7.296,0.015621,-0.022658,14.59,0.018077,-0.044972
1.2106,0.78936,-11.823,0.024072,6.4179,0.071489,497.79,5.4736,0.021616,-0.0173,12.768,0.024072,-0.039614
1.2079,0.79214,-9.0885,0.031663,7.3318,0.094109,499.26,4.5627,0.029207,-0.014762,11.857,0.031663,-0.037076
1.2072,0.79276,-9.0879,0.040842,7.3343,0.12166,499.75,4.5639,0.038386,-0.015045,11.858,0.040842,-0.037359
1.2074,0.79259,-9.7719,0.047053,7.108,0.14035,499.87,4.7926,0.044597,-0.015929,12.087,0.047053,-0.038243
1.2071,0.79293,-10.114,0.054894,6.9962,0.16391,499.93,4.9075,0.052438,-0.016517,12.202,0.054894,-0.038831
1.2117,0.78828,-9.3165,0.1661,6.2016,0.090898,499.96,2.5548,0.13189,12.321,13.001,0.1661,-0.044639
1.2133,0.78672,-10.218,0.20473,5.6253,0.097346,499.98,2.299,0.061022,12.322,13.581,0.20473,-0.047579
1.2131,0.7869,-10.338,0.22695,5.3882,0.12708,499.99,1.9405,0.046294,12.323,13.824,0.22695,-0.048991
1.212,0.78798,-10.208,0.24721,5.36,0.16559,499.99,1.7477,0.04433,12.325,13.858,0.24721,-0.049711
1.2105,0.78945,-10.071,0.26865,5.4033,0.20964,499.99,1.6904,0.045505,12.325,13.821,0.26865,-0.050251
1.2089,0.79107,-9.9996,0.29204,5.4468,0.25837,499.99,1.6993,0.047455,12.326,13.784,0.29204,-0.050852
1.2072,0.79275,-9.9785,0.31754,5.4696,0.31151,499.99,1.716,0.049567,12.326,13.769,0.31754,-0.051581
1.2055,0.79452,-9.9838,0.34517,5.4768,0.36893,499.99,1.7276,0.0517,12.326,13.77,0.34517,-0.052425
1.2036,0.7964,-9.9934,0.37491,5.478,0.43054,499.99,1.7311,0.053809,12.326,13.778,0.37491,-0.053353
1.2016,0.7984,-10,0.40672,5.4802,0.49626,499.99,1.7324,0.055877,12.326,13.786,0.40672,-0.054343
1.1995,0.80053,-10.002,0.44056,5.4849,0.566,499.99,1.732,0.057906,12.326,13.792,0.44056,-0.055389
1.1972,0.80279,-10.001,0.47638,5.4911,0.63966,499.99,1.7321,0.05989,12.326,13.797,0.47638,-0.056493
1.1948,0.80517,-9.9996,0.51414,5.4975,0.71715,499.99,1.7321,0.06183,12.326,13.802,0.51414,-0.057656
1.1923,0.80766,-9.9992,0.55379,5.5036,0.79837,499.99,1.7322,0.063716,12.326,13.808,0.55379,-0.05888
1.1897,0.81025,-9.9996,0.59527,5.5098,0.88321,499.99,1.7323,0.065548,12.326,13.814,0.59527,-0.06016
1.187,0.81296,-9.9996,0.63853,5.5163,0.97156,499.99,1.7329,0.067331,12.326,13.82,0.63853,-0.061495
1.1842,0.81577,-9.9999,0.68352,5.5231,1.0633,499.99,1.7331,0.069057,12.326,13.827,0.68352,-0.062884
1.1813,0.81868,-9.9999,0.73016,5.5303,1.1583,499.99,1.7334,0.070713,12.326,13.834,0.73016,-0.064323
1.1783,0.82168,-9.9997,0.77841,5.5377,1.2564,499.99,1.7335,0.072327,12.326,13.841,0.77841,-0.065812
1.1752,0.82478,-9.9997,0.82821,5.5452,1.3576,499.99,1.7338,0.073868,12.326,13.848,0.82821,-0.067349
1.172,0.82797,-9.9998,0.87948,5.5531,1.4617,499.99,1.734,0.075336,12.325,13.856,0.87948,-0.068931
1.1688,0.83124,-9.9999,0.93217,5.5612,1.5686,499.99,1.7341,0.076757,12.325,13.864,0.93217,-0.070557
1.1654,0.8346,-9.9998,0.98623,5.5695,1.6781,499.99,1.7344,0.078129,12.325,13.872,0.98623,-0.072225
1.1625,0.83753,-9.8609,1.0441,5.4391,1.7876,499.99,1.3181,0.0719,12.324,14.019,1.0441,-0.07443
1.1597,0.84026,-9.8957,1.1019,5.2048,1.9007,499.99,0.86736,0.068592,12.303,14.27,1.1019,-0.076952
1.157,0.84295,-9.9563,1.16,4.9272,2.017,499.99,0.35598,0.067857,12.28,14.565,1.16,-0.079617
1.154,0.84605,-10.109,1.2191,4.759,2.1357,499.99,0.15417,0.068401,12.286,14.751,1.2191,-0.081979
1.1504,0.84956,-10.116,1.2791,4.7066,2.2564,499.99,0.038031,0.069205,12.289,14.821,1.2791,-0.084018
1.1467,0.85333,-10.067,1.34,4.7214,2.3791,499.99,0.0012432,0.070091,12.291,14.824,1.34,-0.085882
1.1428,0.85723,-10.021,1.4018,4.7578,2.5036,499.99,0.0097228,0.070914,12.292,14.807,1.4018,-0.087706
1.1388,0.86117,-9.9991,1.4644,4.7937,2.6296,499.99,0.04008,0.07172,12.293,14.79,1.4644,-0.089557
1.1349,0.86511,-9.9877,1.5277,4.8175,2.757,499.99,0.05688,0.072452,12.293,14.785,1.5277,-0.091468
1.1309,0.86906,-9.9894,1.5917,4.8308,2.8856,499.99,0.066807,0.073124,12.293,14.791,1.5917,-0.093432
1.127,0.87303,-9.995,1.6562,4.8394,3.0153,499.99,0.069536,0.073653,12.293,14.802,1.6562,-0.095427
1.1185,0.88148,-10.002,1.7697,4.8588,3.2914,499.99,0.076138,0.1226,12.291,14.822,1.7697,-0.098937
1.1104,0.88958,-10,1.8956,4.8784,3.5557,499.99,0.073826,0.13501,12.291,14.842,1.8956,-0.10283
1.0935,0.90654,-10.005,2.122,4.9224,4.1094,500,0.088017,0.23553,12.288,14.876,2.122,-0.10981
1.0773,0.9227,-9.9987,2.3732,4.9649,4.6368,500,0.089255,0.26033,12.287,14.911,2.3732,-0.11756
1.0614,0.93861,-9.9978,2.63,5.0049,5.1562,500,0.09149,0.26594,12.287,14.948,2.63,-0.12549
1.0456,0.95441,-9.999,2.8874,5.0436,5.6718,500,0.092522,0.26651,12.287,14.987,2.8874,-0.13343
1.0299,0.97009,-9.9999,3.1439,5.0818,6.1841,500,0.092604,0.26556,12.287,15.026,3.1439,-0.14134
1.0143,0.98567,-10,3.3989,5.1198,6.6927,500,0.092284,0.26401,12.287,15.065,3.3989,-0.1492
0.99888,1.0011,-10,3.6519,5.1575,7.1971,500,0.091968,0.26204,12.287,15.103,3.6519,-0.15701
0.98358,1.0164,-10,3.9027,5.1949,7.6966,500,0.091539,0.2598,12.287,15.141,3.9027,-0.16475
0.96845,1.0316,-9.9995,4.1508,5.231,8.1908,500,0.087881,0.25744,12.287,15.179,4.1508,-0.17241
0.95349,1.0465,-10.002,4.3959,5.268,8.6791,500,0.091506,0.2553,12.287,15.215,4.3959,-0.17997
0.93874,1.0613,-10.001,4.6381,5.3053,9.1605,500,0.093502,0.25226,12.287,15.25,4.6381,-0.18744
0.92422,1.0758,-9.9997,4.8769,5.3413,9.6346,500,0.092511,0.24839,12.288,15.285,4.8769,-0.19481
0.90994,1.0901,-9.9995,5.1121,5.3756,10.101,500,0.091368,0.24422,12.288,15.321,5.1121,-0.20207
0.89592,1.1041,-10.001,5.3432,5.4093,10.559,500,0.090429,0.23959,12.288,15.356,5.3432,-0.2092
0.88216,1.1178,-10.001,5.57,5.4425,11.008,500,0.089897,0.23502,12.288,15.39,5.57,-0.2162
0.87647,1.1235,-9.9964,5.7077,5.4541,11.194,500,0.0766,0.1458,12.291,15.411,5.7077,-0.22045
0.87039,1.1296,-10.002,5.8197,5.4663,11.393,500,0.074703,0.12013,12.292,15.43,5.8197,-0.22391
0.86802,1.132,-9.9991,5.883,5.4701,11.471,500,0.065926,0.071454,12.293,15.44,5.883,-0.22586
0.86558,1.1344,-10.002,5.9307,5.474,11.55,500,0.063946,0.055845,12.293,15.448,5.9307,-0.22734
0.86337,1.1366,-10.002,5.9706,5.4783,11.622,500,0.061643,0.048046,12.294,15.455,5.9706,-0.22858
0.86274,1.1373,-10,5.9908,5.4791,11.643,500,0.057858,0.028436,12.294,15.458,5.9908,-0.22921
0.86227,1.1377,-10.001,6.0027,5.4793,11.659,500,0.056786,0.020154,12.294,15.46,6.0027,-0.22959
0.86207,1.1379,-10.001,6.0088,5.4793,11.665,500,0.055434,0.014394,12.295,15.462,6.0088,-0.22978
0.87531,1.151,-10.001,6.0102,5.4789,11.663,500,0.054419,0.009573,12.295,15.462,6.0102,-0.22982
0.90218,1.1776,-10,6.0092,5.4784,11.659,500,0.053946,0.0071407,12.295,15.462,6.0092,-0.22979
0.86352,1.1387,-10,6.0071,5.4781,11.654,500,0.053512,0.0061596,12.295,15.462,6.0071,-0.22973
0.86264,1.1374,-10,6.0041,5.4779,11.647,500,0.05317,0.0051932,12.295,15.462,6.0041,-0.22964
0.86289,1.1371,-10,6.0004,5.4774,11.638,500,0.053119,0.0044717,12.295,15.461,6.0004,-0.22953
0.86322,1.1368,-9.9999,5.9956,5.4766,11.628,500,0.053162,0.0033863,12.295,15.46,5.9956,-0.22939
0.86391,1.1361,-10,5.9865,5.4748,11.605,500,0.052466,-0.00090166,12.295,15.459,5.9865,-0.22912
0.86454,1.1355,-10,5.9736,5.4733,11.585,500,0.051961,-0.0047472,12.295,15.459,5.9827,-0.22899
0.86516,1.1348,-10,5.9582,5.472,11.564,500,0.051534,-0.0072467,12.295,15.458,5.9802,-0.22891
0.86579,1.1342,-10.001,5.941,5.4711,11.544,500,0.050942,-0.009012,12.295,15.457,5.9784,-0.22886
0.86657,1.1334,-9.9996,5.9268,5.4696,11.518,500,0.051376,-0.0061139,12.296,15.454,5.9642,-0.22842
0.86733,1.1327,-10,5.9091,5.4683,11.493,500,0.050927,-0.009585,12.295,15.455,5.9607,-0.22831
0.8682,1.1318,-9.9999,5.8937,5.4667,11.465,500,0.051069,-0.0073142,12.296,15.452,5.9453,-0.22783
0.869,1.131,-10,5.8747,5.4653,11.439,500,0.050705,-0.010905,12.295,15.452,5.9417,-0.22772
0.86994,1.1301,-9.9998,5.8581,5.4635,11.408,500,0.050882,-0.0085245,12.296,15.449,5.9251,-0.2272
0.87096,1.129,-9.9997,5.8423,5.4612,11.374,500,0.051214,-0.0077676,12.296,15.446,5.9069,-0.22664
0.87189,1.1281,-10,5.8216,5.4592,11.344,500,0.050763,-0.012643,12.295,15.446,5.902,-0.22649
0.87294,1.1271,-10,5.8033,5.457,11.31,500,0.050754,-0.010221,12.296,15.443,5.8837,-0.22592
0.87403,1.126,-9.9999,5.7854,5.4545,11.274,500,0.050898,-0.0099841,12.296,15.44,5.8658,-0.22537
0.87518,1.1248,-9.9998,5.767,5.4517,11.237,500,0.051053,-0.010358,12.296,15.437,5.8471,-0.22479
0.87634,1.1237,-9.9999,5.7483,5.4487,11.199,500,0.051145,-0.010765,12.296,15.434,5.8284,-0.22421
0.87753,1.1225,-10,5.7291,5.4455,11.16,500,0.051168,-0.011246,12.296,15.431,5.8092,-0.22362
0.87875,1.1212,-10,5.7094,5.4422,11.12,500,0.051096,-0.01173,12.296,15.428,5.7895,-0.22302
0.88001,1.12,-10,5.6892,5.4389,11.079,500,0.05095,-0.012218,12.296,15.425,5.7693,-0.22239
0.88129,1.1187,-10,5.6685,5.4358,11.037,500,0.050796,-0.012709,12.296,15.422,5.7486,-0.22175
0.88258,1.1174,-10,5.6476,5.4326,10.995,500,0.050654,-0.012952,12.296,15.419,5.7277,-0.2211
0.88536,1.1146,-9.9994,5.6104,5.4257,10.905,500,0.048104,-0.029265,12.296,15.414,5.6905,-0.21995
0.888,1.112,-10,5.5692,5.4188,10.818,500,0.047913,-0.033218,12.296,15.408,5.6493,-0.21868
0.89065,1.1093,-10,5.5267,5.4122,10.732,500,0.047574,-0.034533,12.296,15.402,5.6068,-0.21737
0.89623,1.1038,-9.9986,5.4519,5.3976,10.55,500,0.042645,-0.066867,12.298,15.39,5.532,-0.21506
0.90157,1.0984,-9.9994,5.3688,5.3825,10.375,500,0.039143,-0.074855,12.297,15.38,5.4489,-0.2125
0.90684,1.0932,-10.001,5.2836,5.3686,10.204,500,0.038517,-0.076265,12.298,15.368,5.3637,-0.20987
0.91796,1.082,-9.9991,5.1342,5.3399,9.8408,500,0.029732,-0.14016,12.299,15.346,5.2143,-0.20526
0.92855,1.0714,-10.001,4.9692,5.3128,9.4949,500,0.029471,-0.15575,12.3,15.322,5.0493,-0.20017
0.93897,1.061,-10.001,4.8009,5.2871,9.1547,500,0.028373,-0.1591,12.3,15.297,4.881,-0.19497
0.9493,1.0507,-10,4.6325,5.2621,8.8176,500,0.027655,-0.15924,12.3,15.272,4.7126,-0.18977
0.95954,1.0405,-9.9998,4.4649,5.2372,8.4832,500,0.027631,-0.15835,12.3,15.246,4.545,-0.1846
0.96969,1.0303,-9.9997,4.2986,5.2125,8.1518,500,0.027792,-0.15706,12.3,15.221,4.3787,-0.17947
0.97974,1.0203,-9.9997,4.1339,5.188,7.8237,500,0.028187,-0.1555,12.3,15.196,4.214,-0.17439
0.98402,1.016,-10.003,4.0324,5.1791,7.6838,500,0.037753,-0.092289,12.299,15.181,4.1125,-0.17126
0.98589,1.0141,-10.002,3.9781,5.1768,7.6226,500,0.043858,-0.045027,12.297,15.171,4.0582,-0.16958
0.98667,1.0133,-10,3.9514,5.1765,7.5968,500,0.048079,-0.017468,12.296,15.166,4.0315,-0.16875
0.98694,1.0131,-10,3.9395,5.1771,7.5878,500,0.050353,-0.00271,12.295,15.164,4.0196,-0.16838
0.98697,1.013,-10,3.9352,5.1779,7.5869,500,0.051701,0.004976,12.295,15.163,4.0153,-0.16824
0.98991,1.016,-9.9997,3.9341,5.1783,7.5878,500,0.052623,0.0081131,12.295,15.162,4.0142,-0.1682
0.99139,1.0175,-9.9998,3.9338,5.1785,7.588,500,0.052868,0.0089207,12.295,15.162,4.0139,-0.1682
0.99214,1.0183,-9.9998,3.9337,5.1786,7.588,500,0.052959,0.0091404,12.295,15.162,4.0138,-0.1682
0.99255,1.0187,-9.9998,3.9337,5.1785,7.588,500,0.053108,0.0092002,12.295,15.162,4.0138,-0.1682
0.99275,1.0189,-10,3.9337,5.1784,7.588,500,0.053145,0.0091921,12.295,15.162,4.0138,-0.1682
0.99286,1.019,-10,3.9337,5.1783,7.588,500,0.053149,0.0091842,12.295,15.162,4.0138,-0.1682
0.99292,1.0191,-10,3.9337,5.1781,7.588,500,0.053174,0.0092275,12.295,15.162,4.0138,-0.1682
0.99294,1.0191,-10,3.9337,5.178,7.588,500,0.053072,0.0092095,12.295,15.162,4.0138,-0.1682
0.99295,1.0191,-10,3.9337,5.178,7.588,500,0.052996,0.0091958,12.295,15.162,4.0138,-0.1682
0.99296,1.0191,-10,3.9337,5.178,7.588,500,0.052964,0.0091857,12.295,15.162,4.0138,-0.1682
0.99296,1.0191,-10,3.9337,5.1781,7.588,500,0.052965,0.0091782,12.295,15.162,4.0138,-0.1682
0.99297,1.0191,-10,3.9337,5.1782,7.588,500,0.052946,0.0092171,12.295,15.162,4.0138,-0.1682
0.99296,1.0191,-9.9999,3.9337,5.1782,7.588,500,0.053001,0.0092017,12.295,15.162,4.0138,-0.1682
0.99297,1.0191,-10,3.9337,5.1782,7.588,500,0.053017,0.00919,12.295,15.162,4.0138,-0.1682
0.99297,1.0191,-10,3.9337,5.1782,7.588,500,0.053028,0.0091812,12.295,15.162,4.0138,-0.1682
0.99296,1.0191,-10,3.9337,5.1782,7.588,500,0.053037,0.0091744,12.295,15.162,4.0138,-0.1682
0.99297,1.0191,-10,3.9337,5.1782,7.588,500,0.053044,0.0091692,12.295,15.162,4.0138,-0.1682
0.99297,1.0191,-10,3.9337,5.1782,7.588,500,0.053049,0.0091653,12.295,15.162,4.0138,-0.1682
0.99296,1.0191,-10,3.9337,5.1782,7.588,500,0.053054,0.0092377,12.295,15.162,4.0138,-0.1682
0.99296,1.0191,-10,3.9337,5.1782,7.588,500,0.053046,0.00921,12.295,15.162,4.0138,-0.1682
0.99297,1.0191,-10,3.9337,5.1782,7.588,500,0.053052,0.0091965,12.295,15.162,4.0138,-0.1682
0.99296,1.0191,-10,3.9337,5.1782,7.588,500,0.053055,0.0091862,12.295,15.162,4.0138,-0.1682
0.99296,1.0191,-10,3.9337,5.1782,7.588,500,0.053058,0.0091785,12.295,15.162,4.0138,-0.1682
0.99297,1.0191,-10,3.9337,5.1781,7.588,500,0.053059,0.0092167,12.295,15.162,4.0138,-0.1682
0.99297,1.0191,-10,3.9337,5.1781,7.588,500,0.053035,0.0092009,12.295,15.162,4.0138,-0.1682
0.99297,1.0191,-10,3.9337,5.1781,7.588,500,0.053017,0.009189,12.295,15.162,4.0138,-0.1682
0.99297,1.0191,-10,3.9337,5.1784,7.588,500,0.053826,0.0090831,12.295,15.162,4.0138,-0.1682
0.99297,1.0191,-10,3.9337,5.1789,7.588,500,0.054307,0.0091009,12.295,15.162,4.0138,-0.1682
0.99296,1.0191,-9.9999,3.9337,5.1793,7.588,500,0.055079,0.0090826,12.295,15.161,4.0138,-0.1682
0.99296,1.0191,-9.9995,3.9337,5.1798,7.588,500,0.055781,0.0090433,12.295,15.16,4.0138,-0.1682
0.99296,1.0191,-9.9997,3.9337,5.18,7.588,500,0.056381,0.0090713,12.295,15.16,4.0138,-0.1682
0.99296,1.0191,-9.9999,3.9337,5.18,7.588,500,0.056608,0.0090785,12.295,15.16,4.0138,-0.1682
0.99296,1.0191,-9.9999,3.9337,5.1799,7.588,500,0.056591,0.0090987,12.295,15.16,4.0138,-0.1682
0.99296,1.0191,-9.9999,3.9337,5.1797,7.588,500,0.056481,0.009039,12.295,15.16,4.0138,-0.1682
0.99296,1.0191,-10,3.9337,5.1795,7.588,500,0.056284,0.0090686,12.295,15.16,4.0138,-0.1682
0.99296,1.0191,-10,3.9337,5.1793,7.588,500,0.056029,0.0090906,12.295,15.16,4.0138,-0.1682
0.99296,1.0191,-9.9999,3.9337,5.179,7.588,500,0.055752,0.0090306,12.295,15.16,4.0138,-0.1682
0.99296,1.0191,-9.9999,3.9337,5.1786,7.588,500,0.055356,0.0090593,12.295,15.16,4.0138,-0.1682
0.99297,1.0191,-10,3.9337,5.1782,7.588,500,0.055046,0.0090795,12.295,15.16,4.0138,-0.1682
0.99298,1.0191,-10,3.9337,5.1779,7.588,500,0.054716,0.0090563,12.295,15.161,4.0138,-0.16821
0.99297,1.0191,-10,3.9337,5.178,7.588,500,0.054233,0.009064,12.295,15.161,4.0138,-0.16821
0.99297,1.0191,-10,3.9337,5.1781,7.588,500,0.054077,0.0090811,12.295,15.161,4.0138,-0.16821
0.99297,1.0191,-10,3.9337,5.1782,7.588,500,0.05401,0.0090189,12.295,15.161,4.0138,-0.16821
0.99297,1.0191,-9.9999,3.9337,5.1782,7.588,500,0.054,0.0090484,12.295,15.161,4.0138,-0.16821
0.99297,1.0191,-10,3.9338,5.1782,7.5879,500,0.053974,0.0089939,12.295,15.161,4.0139,-0.16821
0.99297,1.0191,-10,3.9338,5.1782,7.5879,500,0.053963,0.0089514,12.295,15.161,4.0139,-0.16821
0.99297,1.0191,-10,3.9338,5.1782,7.5879,500,0.053962,0.0089186,12.295,15.161,4.0139,-0.16821
0.99297,1.0191,-10,3.9338,5.1781,7.5879,500,0.053949,0.0088945,12.295,15.161,4.0139,-0.16821
0.99298,1.0191,-10,3.9338,5.178,7.5879,500,0.053956,0.0089034,12.295,15.161,4.0139,-0.16821
0.99297,1.0191,-10,3.9338,5.1779,7.5879,500,0.053862,0.0088953,12.295,15.161,4.0139,-0.16821
0.99297,1.0191,-10,3.9338,5.1779,7.5879,500,0.053836,0.0088716,12.295,15.161,4.0139,-0.16821
0.99297,1.0191,-10,3.9338,5.1779,7.5879,500,0.053819,0.0088523,12.295,15.161,4.0139,-0.16821
0.99298,1.0191,-10,3.9338,5.1779,7.5879,500,0.053806,0.0088364,12.295,15.161,4.0139,-0.16821
0.99297,1.0191,-10,3.9338,5.1779,7.5879,500,0.053799,0.0088232,12.295,15.161,4.0139,-0.16821
0.99298,1.0191,-10,3.9338,5.1779,7.5879,500,0.053794,0.0088126,12.295,15.161,4.0139,-0.16821
0.99297,1.0191,-10,3.9338,5.178,7.5879,500,0.053816,0.0088037,12.295,15.161,4.0139,-0.16821
0.99298,1.0191,-10,3.9338,5.178,7.5879,500,0.053829,0.0087962,12.295,15.161,4.0139,-0.16821
0.99298,1.0191,-10,3.9338,5.178,7.5879,500,0.053837,0.0087897,12.295,15.161,4.0139,-0.16821
0.99298,1.0191,-10,3.9338,5.178,7.5879,500,0.053843,0.0087849,12.295,15.161,4.0139,-0.16821
0.99298,1.0191,-10,3.9338,5.178,7.5879,500,0.053849,0.0087058,12.295,15.161,4.0139,-0.16821
0.99298,1.0191,-10,3.9338,5.178,7.5879,500,0.053852,0.0087207,12.295,15.161,4.0139,-0.16821
0.99297,1.0191,-10,3.9339,5.178,7.5878,500,0.053855,0.0086571,12.295,15.161,4.014,-0.16821
0.99298,1.0191,-10,3.9339,5.178,7.5878,500,0.053857,0.0086091,12.295,15.161,4.014,-0.16821
0.99298,1.0191,-10,3.9339,5.178,7.5878,500,0.05386,0.0085728,12.295,15.161,4.014,-0.16821
0.99298,1.0191,-10,3.9339,5.178,7.5878,500,0.053861,0.0085458,12.295,15.161,4.014,-0.16821
0.99298,1.0191,-10,3.9339,5.178,7.5878,500,0.053862,0.0085253,12.295,15.161,4.014,-0.16821
0.99298,1.0191,-10,3.9339,5.178,7.5878,500,0.053864,0.0085099,12.295,15.161,4.014,-0.16821
0.99298,1.0191,-10,3.9339,5.178,7.5878,500,0.053864,0.0084982,12.295,15.161,4.014,-0.16821
0.99298,1.0191,-10,3.9339,5.178,7.5878,500,0.053865,0.0084147,12.295,15.161,4.014,-0.16821
0.99298,1.0191,-10,3.9339,5.178,7.5878,500,0.053865,0.0084271,12.295,15.161,4.014,-0.16821
0.99298,1.0191,-10,3.9339,5.178,7.5878,500,0.053865,0.0084367,12.295,15.161,4.014,-0.16821
0.99298,1.0191,-10,3.934,5.178,7.5877,500,0.053865,0.0083685,12.295,15.161,4.0141,-0.16821
0.99299,1.0191,-10,3.934,5.178,7.5877,500,0.053865,0.0083172,12.295,15.161,4.0141,-0.16821
0.99298,1.0191,-10,3.934,5.178,7.5877,500,0.053865,0.0082794,12.295,15.161,4.0141,-0.16821
0.99299,1.0191,-10,3.934,5.178,7.5877,500,0.053864,0.0082508,12.295,15.161,4.0141,-0.16821
0.99295,1.0191,-10,3.934,5.178,7.5877,500,0.053876,0.0082413,12.295,15.161,4.0141,-0.16821
0.99297,1.0191,-10,3.934,5.178,7.5877,500,0.053864,0.0082095,12.295,15.161,4.0141,-0.16821
0.99298,1.0191,-10,3.934,5.178,7.5877,500,0.053864,0.0081989,12.295,15.161,4.0141,-0.16821
0.99298,1.0191,-10,3.934,5.178,7.5877,500,0.053862,0.008116,12.295,15.161,4.0141,-0.16821
0.99299,1.0191,-10,3.934,5.178,7.5877,500,0.053852,0.0081303,12.295,15.161,4.0141,-0.16821
0.99298,1.0191,-10,3.934,5.178,7.5877,500,0.053843,0.0081349,12.295,15.161,4.0141,-0.16821
0.99299,1.0191,-10,3.9341,5.178,7.5876,500,0.05384,0.008057,12.295,15.161,4.0142,-0.16821
0.99299,1.0191,-10,3.9341,5.178,7.5876,500,0.053851,0.0080098,12.295,15.161,4.0142,-0.16821
0.99299,1.0191,-10,3.9341,5.178,7.5876,500,0.053868,0.0079848,12.295,15.161,4.0142,-0.16821
0.99299,1.0191,-10,3.9341,5.178,7.5876,500,0.053885,0.0079723,12.295,15.161,4.0142,-0.16821
0.99299,1.0191,-10,3.9341,5.178,7.5876,500,0.053896,0.007965,12.295,15.161,4.0142,-0.16821
0.99299,1.0191,-10,3.9341,5.178,7.5876,500,0.053896,0.0079603,12.295,15.161,4.0142,-0.16821
0.99299,1.0191,-10,3.9341,5.178,7.5876,500,0.053885,0.0079581,12.295,15.161,4.0142,-0.16821
0.99299,1.0191,-10,3.9341,5.178,7.5876,500,0.053873,0.0079573,12.295,15.161,4.0142,-0.16821
