360.91
135.3
30.288
8.5329
3.9358
1.8955
0.93315
0.48535
0.27551
1.5621
1.0406
0.56059
0.27002
0.19102
0.17836
0.1707
0.16883
0.16981
0.17105
0.17243
0.17393
0.1755
0.17714
0.17878
0.18043
0.18208
0.18373
0.18538
0.187
0.18852
0.19005
0.19152
0.3421
0.47967
0.53992
0.38512
0.2559
0.21107
0.20645
0.20602
0.20414
0.20393
0.36157
0.35754
0.69709
0.69004
0.69566
0.69661
0.69546
0.69337
0.69065
0.68745
0.6838
0.67972
0.67508
0.67021
0.66494
0.65933
0.65322
0.38568
0.3926
0.28921
0.28911
0.28223
0.26454
0.2636
0.26199
0.23743
0.052778
0.11953
0.10093
0.1006
0.10068
0.10327
0.10344
0.10411
0.10483
0.10554
0.10505
0.10607
0.10577
0.10685
0.10652
0.10663
0.10795
0.10761
0.10781
0.1081
0.10842
0.10873
0.10903
0.10935
0.10964
0.14651
0.14574
0.14674
0.24604
0.24341
0.2453
0.46436
0.45797
0.46119
0.46138
0.46023
0.45844
0.45628
0.25046
0.16871
0.13861
0.12989
0.12777
0.060381
0.0048579
0.0046164
0.0011928
0.00062706
0.00035096
0.00053043
0.00027103
9.2351e-05
6.4666e-05
0.00012216
0.0002623
0.00013692
0.00011451
6.1133e-05
7.7216e-05
9.3575e-05
0.00010623
0.0001161
3.2988e-05
4.2823e-05
6.4937e-05
8.5201e-05
0.00020229
6.388e-05
4.3653e-05
6.162e-05
0.00050759
0.00093572
0.0016649
0.00099194
0.00036351
0.00013311
0.00022856
0.00028778
0.00032237
0.00040885
0.00052877
0.00064982
0.0013182
0.0002351
0.00013281
0.00021297
0.00013136
0.00014663
2.546e-05
9.8281e-05
0.00017135
0.00039089
0.00010383
8.0502e-05
8.2604e-05
8.8672e-05
8.9783e-05
9.1917e-05
9.6676e-05
7.3536e-05
7.5456e-05
0.00010464
0.00014651
4.8273e-05
0.00013358
6.9218e-05
3.9608e-05
3.4018e-05
3.8424e-05
5.2743e-05
7.8408e-05
0.00011348
3.8836e-05
9.4609e-05
0.00016931
9.8786e-05
6.2615e-05
6.0041e-05
0.00011952
4.2304e-05
7.1781e-05
0.00010971
4.4338e-05
9.1953e-05
0.00016972
0.00011626
9.7325e-05
8.7576e-05
7.6153e-05
6.3398e-05
5.4922e-05
5.2843e-05
