10.393
0.75755
0.97299
0.9362
0.89284
1.133
1.0128
0.88154
0.77521
0.71087
0.71086
0.5905
0.44113
0.44113
0.44113
0.29292
0.29293
0.29293
0.29294
0.1752
0.17521
0.17521
0.17521
0.097142
0.020949
0.031873
0.032701
0.043651
0.050989
0.057309
0.06267
0.067178
0.070863
0.083385
0.092314
0.094706
0.11063
0.11562
0.10976
0.10497
0.10235
0.099906
0.09772
0.095571
0.094127
0.092971
0.091957
0.091112
0.090029
0.089555
0.089168
0.088821
0.0885
0.084978
0.086041
0.08344
0.084761
0.08498
0.08515
0.085041
0.084729
0.083481
0.083041
0.082723
0.082877
0.080582
0.085177
0.083877
0.082981
0.080128
0.085013
0.083466
0.082749
0.079977
0.084861
0.083459
0.082591
0.079791
0.084713
0.083221
0.082404
0.079862
0.084512
0.083244
0.082447
0.079834
0.084444
0.083171
0.082377
0.079741
0.08439
0.083106
0.082305
0.079682
0.084309
0.083089
0.082213
0.079723
0.084343
0.082966
