0.0027404
0.00074091
0.00038811
0.00025179
0.00013276
0.00013615
3.4052e-05
1.7572e-05
1.9963e-05
2.293e-05
2.9357e-05
2.8757e-05
2.9756e-05
3.019e-05
3.9465e-05
3.3183e-05
3.124e-05
3.119e-05
3.0233e-05
3.9231e-05
3.3212e-05
3.1262e-05
3.0715e-05
3.051e-05
4.0726e-05
2.7489e-05
2.8979e-05
3.0315e-05
3.031e-05
3.9287e-05
2.7101e-05
2.9686e-05
3.0126e-05
3.0105e-05
3.0336e-05
3.9563e-05
2.7259e-05
2.9448e-05
3.0169e-05
3.0324e-05
4.0227e-05
2.709e-05
2.9722e-05
2.9875e-05
3.0571e-05
3.9374e-05
2.7105e-05
2.9421e-05
3.0141e-05
3.0376e-05
3.9543e-05
2.7744e-05
2.9448e-05
2.9951e-05
3.0145e-05
3.0557e-05
3.9295e-05
2.7184e-05
2.9451e-05
3.0559e-05
3.8957e-05
2.7144e-05
2.9372e-05
3.05e-05
3.8917e-05
2.712e-05
2.9377e-05
3.0098e-05
3.0829e-05
3.0093e-05
3.0314e-05
3.9576e-05
2.7689e-05
2.7864e-05
2.8705e-05
2.9127e-05
2.9317e-05
2.9399e-05
3.8946e-05
2.6289e-05
2.8909e-05
2.8722e-05
2.9607e-05
2.9108e-05
2.9348e-05
3.891e-05
2.6613e-05
2.8474e-05
2.8844e-05
2.9256e-05
2.9392e-05
3.8931e-05
2.6257e-05
2.8437e-05
2.9191e-05
2.9848e-05
2.9014e-05
2.9311e-05
2.9405e-05
3.9387e-05
2.6156e-05
2.8712e-05
2.8897e-05
2.928e-05
2.9396e-05
3.8939e-05
2.628e-05
2.7762e-05
2.8905e-05
2.8392e-05
2.8755e-05
2.8878e-05
3.8579e-05
3.152e-05
3.1455e-05
4.5844e-05
5.2373e-05
5.6423e-05
5.8351e-05
0.00010457
8.3382e-05
7.0866e-05
6.6725e-05
6.037e-05
6.001e-05
5.9743e-05
0.00010592
5.0054e-05
5.6442e-05
5.5114e-05
5.9333e-05
5.8872e-05
5.8336e-05
6.0123e-05
0.00010411
5.1068e-05
5.3113e-05
5.6453e-05
5.8227e-05
5.9023e-05
0.00010507
4.9943e-05
5.385e-05
5.9039e-05
5.6787e-05
5.8535e-05
5.9178e-05
0.00010706
4.9348e-05
5.537e-05
