70.348
0.21969
0.078329
0.033607
0.020239
0.017423
0.0058561
0.0027339
0.0020421
0.0021171
0.0026333
0.0025714
0.0026498
0.0026828
0.0017484
0.001472
0.0013841
0.0013815
0.0013422
0.00086915
0.00073636
0.00069244
0.00068087
0.0006767
0.0004499
0.00062135
0.00064534
0.00067285
0.00067274
0.00043519
0.00061323
0.00065958
0.00066896
0.00066867
0.00067339
0.00043789
0.00061634
0.00065469
0.00066971
0.00067306
0.00044466
0.0006132
0.00066035
0.00066389
0.00067807
0.00043594
0.00061325
0.00065422
0.00066918
0.00067402
0.00043765
0.00062595
0.00065468
0.00066548
0.00066954
0.00067779
0.00043518
0.00061475
0.00065478
0.00067767
0.00043175
0.00061374
0.00065326
0.00067657
0.00043136
0.00061327
0.00065336
0.00066835
0.00068332
0.00066845
0.00067286
0.00043804
0.00062488
0.00059947
0.00060617
0.0006123
0.00061559
0.00061708
0.00040719
0.00055284
0.00060751
0.00060307
0.00062159
0.00061098
0.00061596
0.00040681
0.00055974
0.00059814
0.00060565
0.00061406
0.00061683
0.00040704
0.00055222
0.00059731
0.00061279
0.0006268
0.00060905
0.00061515
0.00061712
0.00041184
0.00055016
0.00060315
0.00060674
0.00061455
0.00061692
0.00040712
0.00055268
0.00057903
0.0006012
0.0005897
0.00059713
0.00059967
0.0016451
0.0031502
0.0063256
0.0076212
0.007926
0.0080874
0.0081586
0.0059176
0.0048558
0.0043756
0.0042216
0.0041401
0.0041177
0.0041088
0.0029701
0.0043672
0.0039605
0.0040311
0.0040812
0.0040925
0.0040941
0.0041043
0.0029638
0.0043719
0.0039442
0.0040344
0.0040754
0.0040921
0.0029633
0.0043594
0.0039461
0.0040488
0.0040705
0.0040892
0.0040975
0.0029707
0.0043569
0.0039537
