140.79
0.99754
0.60821
0.2994
0.14704
0.069043
0.030837
0.018195
0.011213
0.0091023
0.010618
0.010325
0.010619
0.010746
0.015463
0.012059
0.011123
0.011062
0.010738
0.015351
0.012059
0.011128
0.010905
0.010833
0.015799
0.0098313
0.010297
0.010765
0.010769
0.015336
0.0096699
0.010525
0.010699
0.010701
0.010781
0.015496
0.009707
0.010439
0.01071
0.010772
0.015662
0.0096674
0.010537
0.010614
0.010855
0.015359
0.0096678
0.010433
0.010702
0.010789
0.015484
0.0098837
0.010448
0.010642
0.010715
0.010853
0.015369
0.0096887
0.010443
0.010841
0.015201
0.0096762
0.010419
0.010822
0.015183
0.0096692
0.010421
0.010689
0.010939
0.010696
0.010773
0.015505
0.0098644
0.0098904
0.009824
0.0098342
0.0098652
0.0098823
0.01389
0.0089476
0.0097418
0.0096609
0.0099534
0.0097816
0.0098614
0.013869
0.0090723
0.0095953
0.009701
0.0098334
0.0098769
0.013878
0.0089385
0.0095739
0.0098148
0.010033
0.0097497
0.009849
0.00988
0.013992
0.0089137
0.0096712
0.0097175
0.009841
0.0098779
0.013881
0.0089441
0.0093348
0.0096471
0.0094468
0.0095608
0.0096005
0.013588
0.037161
0.032682
0.054123
0.060338
0.063453
0.06478
0.1285
0.094696
0.076165
0.069763
0.067287
0.066283
0.065914
0.12939
0.05457
0.059335
0.063088
0.064652
0.065301
0.06549
0.065613
0.12915
0.054548
0.059204
0.062998
0.064614
0.065261
0.12888
0.054362
0.059174
0.063128
0.064669
0.065221
0.065488
0.12906
0.054395
0.059248
