140.74
2.0594
0.48715
0.26236
0.51697
0.46682
0.016688
0.12294
0.11417
0.15244
0.015385
0.057101
0.03279
0.012971
0.069161
0.028112
0.020539
0.041083
0.020548
0.041082
0.020542
0.010277
0.0029207
0.0058438
0.011691
0.005844
0.0054635
0.010927
0.0027321
0.0054639
0.010927
0.0027322
0.005464
0.0054979
0.010999
0.0027476
0.0054172
0.010838
0.0027585
0.0055219
0.011048
0.0025796
0.0051675
0.0013016
0.0058506
0.0029189
0.00073715
0.002192
0.00072784
0.0020638
0.0041216
0.0020638
0.0041123
0.00052695
0.001038
0.0020602
0.00052688
0.001038
0.0020602
0.00052689
0.0020414
0.0040983
0.0011694
0.0043279
0.0086377
0.0021724
0.00081793
0.0016428
0.0032937
0.0016428
0.0033021
0.00081356
3.6034e-06
1.2667e-05
3.4107e-05
1.7399e-05
5.796e-05
1.2352e-05
1.7286e-05
5.7742e-05
0.00066558
0.00088446
0.0013685
0.0027453
0.0013687
0.0027539
0.0006764
0.0013689
0.0012574
0.0025314
0.0006207
0.0012575
0.0025312
0.00062072
0.0035556
0.0070932
0.0017862
0.0035553
0.002656
0.0052975
