1.1,1.1,0,0,2.2634,-0.00023178,4.6574
0.9,1.0345,0,0,-0.67779,0.0061819,0.54223
1.1,0.9,0,0,-0.56712,0.0010724,0.22163
1.1,0.9,0,0,-0.5585,0.0014193,0.21193
1.0242,1.0059,0,0,-0.4836,0.0017394,0.22123
0.98197,1.0473,0,0,-0.35321,0.0031132,0.26788
1.0098,1.014,0,0,-0.014301,-2.2431e-05,0.13234
1.011,1.0072,0,0,0.16221,-0.0024571,0.087871
1.0166,1.0068,0,0,0.081097,-0.0012913,0.08787
1.0252,1.0142,0,0,0.040537,-0.00079644,0.087872
1.0281,1.0276,0,0,0.020253,-0.00056555,0.087873
1.0245,1.0441,0,0,0.19675,-0.003147,0.052565
1.0365,1.0413,0,0,0.098403,-0.0012826,0.052563
1.0458,1.0435,0,0,0.049208,-0.00057176,0.052569
1.0365,1.0504,0,0,0.0246,-0.00032213,0.052567
1.048,1.0422,0,0,0.012322,4.9779e-05,0.052567
1.0475,1.0429,0,0,0.18481,-0.0026365,0.030372
1.0696,1.0215,0,0,0.20681,-0.0030769,0.016898
1.039,1.0501,0,0,0.1051,-0.0019304,0.016128
1.0392,1.0488,0,0,0.074373,-0.0011324,0.015013
1.0447,1.0435,0,0,0.037199,-0.00042311,0.015012
1.0398,1.0441,0,0,0.018597,-0.00023106,0.015013
1.0436,1.0378,0,0,-0.07379,0.0012935,0.0099641
1.0421,1.0392,0,0,-0.036904,0.00056158,0.009965
1.0426,1.0406,0,0,-0.018451,0.0002383,0.0099654
1.0432,1.0425,0,0,-0.009229,8.9714e-05,0.0099656
1.0462,1.0417,0,0,-0.10023,0.0014443,0.0073865
1.0284,1.0412,0,0,-0.050106,0.00065942,0.0088192
1.0346,1.0161,0,0,-0.13486,0.0023114,0.0084536
1.0118,1.0219,0,0,-0.049399,0.0007596,0.0074642
1.007,1.0137,0,0,-0.025868,0.0005524,0.0039774
1.006,1.0054,0,0,-0.013093,0.00038256,0.0028909
1.0044,1.0011,0,0,-0.0065477,0.00018264,0.0028903
1.0022,0.99976,0,0,-0.0032791,4.1468e-05,0.0028911
1.0009,0.99928,0,0,-0.0016427,-1.6153e-05,0.0028921
1.0012,0.99826,0,0,0.023386,-0.00059129,0.0017291
0.99958,0.99941,0,0,0.011688,-0.00034108,0.0017296
0.99941,0.99926,0,0,0.0058427,-0.00017348,0.0017296
0.99928,0.99917,0,0,0.0029222,-8.9184e-05,0.0017296
1.0038,0.99912,0,0,0.00146,-4.634e-05,0.0017294
1.0018,1.0037,0,0,0.00072271,-9.4264e-05,0.0017299
1.0025,1.004,0,0,0.00036431,-1.8242e-05,0.0017297
1.003,1.0039,0,0,0.025352,-0.00049785,0.0010633
1.005,1.0038,0,0,-0.0061528,0.00014451,0.0017296
1.0052,1.0053,0,0,-0.0030783,5.4277e-05,0.0017298
1.0055,1.0061,0,0,-0.0015382,2.88e-05,0.00173
1.0057,1.0066,0,0,0.023469,-0.00047845,0.0010231
1.0061,1.0065,0,0,-0.0066354,0.00014961,0.00173
1.0083,1.0064,0,0,-0.003318,8.1148e-05,0.0017295
1.0082,1.0084,0,0,-0.0016611,1.1864e-05,0.0017299
1.0084,1.0096,0,0,0.02331,-0.00050666,0.0011071
1.0091,1.0097,0,0,-0.0066571,0.00014443,0.0017301
1.0093,1.0098,0,0,-0.0033282,8.1597e-05,0.0017299
1.0095,1.0096,0,0,-0.0016632,4.8523e-05,0.0017297
1.0094,1.0096,0,0,0.023368,-0.00047443,0.00096666
1.0094,1.0095,0,0,-0.0066738,0.00014558,0.0017297
1.0093,1.0094,0,0,-0.0033364,7.4573e-05,0.0017296
1.0113,1.0092,0,0,-0.0016673,3.8959e-05,0.0017295
1.0091,1.0112,0,0,-0.00083787,-1.2343e-05,0.0017297
1.0097,1.01,0,0,-0.00041597,2.579e-05,0.0017297
1.0118,1.0093,0,0,0.02462,-0.00049126,0.00096203
1.0097,1.011,0,0,-0.0063644,0.00012086,0.0017295
1.0098,1.0101,0,0,-0.0031807,8.043e-05,0.0017296
1.0116,1.0095,0,0,-0.0015895,4.4919e-05,0.0017294
1.0092,1.0111,0,0,-0.0007969,-9.3534e-06,0.0017297
1.0094,1.0098,0,0,-0.00039549,2.4233e-05,0.0017297
1.0116,1.0086,0,0,0.024641,-0.00048976,0.00096138
1.0091,1.0104,0,0,-0.0063599,0.00011744,0.0017295
1.0092,1.0093,0,0,-0.0031787,7.873e-05,0.0017296
1.0092,1.0087,0,0,0.021853,-0.00044413,0.00034875
1.0086,1.0089,0,0,0.0046693,-9.4732e-05,0.00056752
1.0105,1.0086,0,0,0.0023351,-4.2974e-05,0.0005674
1.0088,1.0101,0,0,0.0011638,-5.0383e-05,0.00068735
1.0088,1.0096,0,0,0.00058464,-5.5065e-06,0.00056928
1.0089,1.0089,0,0,0.00029352,9.3782e-06,0.00056919
1.0092,1.0082,0,0,0.0018826,-3.1663e-05,0.00033996
1.0085,1.0086,0,0,-0.00032466,4.9679e-06,0.0005674
1.0086,1.0084,0,0,-0.00016215,4.0238e-06,0.00056848
1.0085,1.0084,0,0,0.0014262,-4.3041e-05,0.00034526
1.0102,1.0085,0,0,0.00071297,-2.3083e-05,0.00033919
1.0103,1.0101,0,0,0.0003539,-3.7372e-05,0.00034275
1.0107,1.0111,0,0,0.00017664,-2.1717e-05,0.00034975
1.0109,1.0116,0,0,8.8932e-05,-4.7806e-06,0.0003638
1.0112,1.0117,0,0,4.5553e-05,8.2415e-06,0.0003457
1.0114,1.0116,0,0,2.3534e-05,1.1711e-05,0.00034799
1.0116,1.0115,0,0,1.2068e-05,8.8923e-06,0.0003437
1.0114,1.0116,0,0,0.0016003,-3.5151e-05,0.00020999
1.0114,1.0115,0,0,-0.000394,1.3206e-05,0.00034676
1.0113,1.0114,0,0,-0.00019687,8.1405e-06,0.00034566
1.0115,1.0112,0,0,-9.8295e-05,5.5996e-06,0.00034273
1.0111,1.0114,0,0,-4.9617e-05,-1.7506e-06,0.00034179
1.0113,1.0111,0,0,-2.4343e-05,3.6888e-06,0.00034381
1.0112,1.0112,0,0,-1.2485e-05,-1.1893e-06,0.00034578
1.0124,1.0113,0,0,0.0015765,-4.2199e-05,0.00018941
1.0115,1.0121,0,0,-0.00040109,1.5832e-06,0.00036868
1.0113,1.0118,0,0,-0.00019973,9.9247e-06,0.00034836
1.0126,1.0113,0,0,-9.9117e-05,1.2565e-05,0.00033889
1.0115,1.0122,0,0,-5.1523e-05,-1.345e-05,0.00037863
1.0113,1.0118,0,0,-2.4711e-05,3.9139e-06,0.00035337
1.0126,1.0114,0,0,-1.1606e-05,9.5544e-06,0.00033901
