68.303
1.1545
0.085459
0.1645
0.33013
0.63537
0.53755
0.39685
0.27823
0.26141
0.25366
0.17594
0.15423
0.14441
0.13997
0.1379
0.090091
0.010067
0.064559
0.1159
0.15168
0.16618
0.1356
0.11156
0.10165
0.097785
0.072183
0.059914
0.030075
0.043397
0.019344
0.020952
0.0243
0.026132
0.024398
0.019397
0.015737
0.01416
0.013416
0.013146
0.01292
0.012816
0.0097938
0.013659
0.013864
0.01399
0.0091832
0.013361
0.011979
0.012397
0.0098621
0.013341
0.013586
0.013744
0.0091702
0.013345
0.013592
0.012339
0.012528
0.012632
0.0099277
0.013532
0.013755
0.013902
0.013976
0.014019
0.0093234
0.013536
0.013759
0.0086717
0.0092997
0.0033042
0.0024305
0.0023581
0.0023064
0.0014205
0.0022259
0.002222
0.0013311
0.0013654
0.0013499
0.001279
0.0011998
0.0011825
0.0011762
0.0011774
0.00071829
0.0009641
0.0009954
0.001013
0.0010222
0.0010253
0.0010269
0.00075184
0.00095774
0.0010085
0.0010596
0.0010103
0.0010369
0.0010651
