139.91
4.7381
0.52366
0.51414
0.45028
0.36898
0.27538
0.42231
0.32459
0.2849
0.26769
0.43167
0.36293
0.31586
0.29576
0.28665
0.43246
0.15186
0.10526
0.05796
0.068342
0.077664
0.16783
0.13604
0.11423
0.10531
0.1949
0.15266
0.1158
0.071894
0.02556
0.019805
0.02421
0.026327
0.024318
0.049046
0.039198
0.032226
0.028999
0.027474
0.02695
0.02648
0.051017
0.023833
0.026364
0.027657
0.050759
0.022956
0.023092
0.024704
0.049112
0.022914
0.025649
0.027068
0.050412
0.022895
0.02565
0.024484
0.025314
0.025681
0.050314
0.023471
0.026071
0.027423
0.028114
0.028448
0.051806
0.023476
0.026082
0.023551
0.012646
0.0047244
0.0032561
0.0027276
0.0025438
0.0040247
0.0020787
0.0021858
0.0035193
0.0029316
0.0029028
0.0028263
0.0026428
0.0024981
0.0024265
0.0024174
0.0035369
0.0018283
0.0019643
0.002039
0.0020774
0.0020934
0.0020986
0.0035233
0.0018413
0.0019597
0.0020657
0.0020971
0.002085
0.0021198
