0.5016
0.0074034
-0.0024144
-0.0013455
0.0043374
0.00097521
0.001335
-0.0014034
-0.0013017
-0.00031269
0.00041539
0.00028594
0.0032921
0.00079716
-5.033e-05
-0.00078512
-0.00039291
-0.00088006
-0.0014341
-0.0011439
-0.00030096
-0.00054581
-0.00012446
-0.00024197
-0.00027867
0.00015375
-0.00020153
-0.00018218
1.9159e-05
-0.00021512
-0.00010753
-0.00012515
1.8545e-05
-0.0001497
-0.00012775
1.2062e-05
-0.00015036
-0.00012781
1.1877e-05
-0.00015034
-0.00012784
1.1984e-05
-0.00015034
-0.00012784
1.1984e-05
0.00018329
0.00010992
7.8264e-05
2.1182e-05
3.3809e-05
3.7844e-05
-5.4297e-06
4.5124e-05
3.8466e-05
-3.6208e-06
4.5334e-05
3.8501e-05
-3.4989e-06
4.5356e-05
3.8523e-05
-3.6138e-06
4.5341e-05
3.8508e-05
-3.6288e-06
4.5326e-05
3.8493e-05
-3.5069e-06
4.5348e-05
3.8515e-05
-3.6218e-06
4.5333e-05
3.85e-05
-3.4999e-06
4.5355e-05
3.8522e-05
-3.6148e-06
4.534e-05
3.8507e-05
-3.6178e-06
4.5337e-05
3.8504e-05
-3.4959e-06
4.5359e-05
3.8526e-05
-3.6108e-06
4.5344e-05
3.8511e-05
-3.6258e-06
4.5329e-05
3.8496e-05
-3.5039e-06
4.5351e-05
3.8518e-05
-3.6188e-06
4.5336e-05
3.8503e-05
-3.4969e-06
4.5358e-05
3.8525e-05
-3.6118e-06
4.5343e-05
3.851e-05
-3.6268e-06
4.5328e-05
3.8495e-05
-3.5049e-06
4.535e-05
3.8517e-05
-3.6198e-06
4.5335e-05
3.8502e-05
-3.4979e-06
4.5357e-05
3.8524e-05
-3.6128e-06
4.5342e-05
3.8509e-05
-3.6278e-06
4.5327e-05
3.8494e-05
-3.5059e-06
4.5349e-05
3.8516e-05
-3.6208e-06
4.5334e-05
3.8501e-05
-3.4989e-06
4.5356e-05
3.8523e-05
-3.6138e-06
4.5341e-05
3.8508e-05
-3.6288e-06
4.5326e-05
3.8493e-05
-3.5069e-06
4.5348e-05
3.8515e-05
-3.6218e-06
4.5333e-05
3.85e-05
-3.4999e-06
4.5355e-05
3.8522e-05
-3.6148e-06
4.534e-05
3.8507e-05
-3.6178e-06
4.5337e-05
3.8504e-05
-3.4959e-06
4.5359e-05
3.8526e-05
-3.6108e-06
4.5344e-05
3.8511e-05
-3.6258e-06
4.5329e-05
3.8496e-05
-3.5039e-06
4.5351e-05
3.8518e-05
-3.6188e-06
4.5336e-05
3.8503e-05
-3.4969e-06
4.5358e-05
3.8525e-05
-3.6118e-06
4.5343e-05
3.851e-05
-3.6268e-06
4.5328e-05
3.8495e-05
-3.5049e-06
4.535e-05
3.8517e-05
-3.6198e-06
4.5335e-05
3.8502e-05
-3.4979e-06
4.5357e-05
3.8524e-05
-3.6128e-06
4.5342e-05
3.8509e-05
-3.6278e-06
4.5327e-05
3.8494e-05
-3.5059e-06
4.5349e-05
3.8516e-05
-3.6208e-06
4.5334e-05
3.8501e-05
-3.4989e-06
4.5356e-05
3.8523e-05
-3.6138e-06
4.5341e-05
