0.0013502,-0.0013519,-0.49041,-0.0011608,0.49042,0.0012413,-2.1203e-06,-0.49041,-0.0011608,0.0015253,-0.49041,-0.0011608,0.0015253
0.0012782,-0.0012782,-0.24639,-0.00012559,0.2464,0.00020331,-1.1929e-06,-0.24639,-0.00012559,0.00075284,-0.24639,-0.00012559,0.00075284
-0.025359,0.025359,-0.1194,-0.017554,0.11924,0.016012,2.367e-05,-0.1194,-0.017554,0.0008966,-0.1194,-0.017554,0.0008966
-0.025402,0.025402,-0.27674,0.022908,0.27659,-0.024452,2.3711e-05,-0.27674,0.022908,0.0001449,-0.27674,0.022908,0.0001449
-0.013233,0.013233,-0.18712,0.026144,0.18704,-0.026949,1.2351e-05,-0.18712,0.026144,-0.00022595,-0.18712,0.026144,-0.00022595
-0.0072016,0.0072016,-0.16032,-0.0026368,0.16028,0.0021989,6.722e-06,-0.16032,-0.0026368,0.00056754,-0.16032,-0.0026368,0.00056754
-0.0036822,0.0036822,-0.060052,-0.015655,0.06003,0.015432,3.437e-06,-0.060052,-0.015655,0.00065848,-0.060052,-0.015655,0.00065848
-0.003613,0.003613,0.035074,-6.6542e-05,-0.035096,-0.00015313,3.3724e-06,0.035074,-6.6542e-05,-0.0001046,0.035074,-6.6542e-05,-0.0001046
-0.0016633,0.0016633,0.032528,-2.6429e-05,-0.032538,-7.4702e-05,1.5526e-06,0.032528,-2.6429e-05,-9.8081e-05,0.032528,-2.6429e-05,-9.8081e-05
-0.0003698,0.0003698,0.0078277,-6.3133e-06,-0.00783,-1.6171e-05,3.4518e-07,0.0078277,-6.3133e-06,-2.3604e-05,0.0078277,-6.3133e-06,-2.3604e-05
-0.0004238,0.0004238,-0.010377,-5.3456e-06,0.010374,-2.0421e-05,3.9557e-07,-0.010377,-5.3456e-06,3.1708e-05,-0.010377,-5.3456e-06,3.1708e-05
-0.0005949,0.0005949,-0.16991,0.0052087,0.16991,-0.0052449,5.5528e-07,-0.16991,0.0052087,0.00035819,-0.16991,0.0052087,0.00035819
-0.00061207,0.00061207,-0.12478,0.001293,0.12477,-0.0013302,5.7131e-07,-0.12478,0.001293,0.00034001,-0.12478,0.001293,0.00034001
-0.00047991,0.00047991,-0.059863,0.00031337,0.05986,-0.00034255,4.4794e-07,-0.059863,0.00031337,0.00017246,-0.059863,0.00031337,0.00017246
-0.00031667,0.00031667,-0.013713,7.1242e-05,0.013711,-9.0495e-05,2.9558e-07,-0.013713,7.1242e-05,3.952e-05,-0.013713,7.1242e-05,3.952e-05
-0.00015014,0.00015014,0.012778,3.1658e-05,-0.012778,-4.0787e-05,1.4014e-07,0.012778,3.1658e-05,-3.9806e-05,0.012778,3.1658e-05,-3.9806e-05
0.00036644,-0.00036644,0.050432,0.013075,-0.05043,-0.013053,-3.4204e-07,0.050432,0.013075,-0.0005508,0.050432,0.013075,-0.0005508
0.0002552,-0.0002552,0.096939,0.0081565,-0.096937,-0.008141,-2.3821e-07,0.096939,0.0081565,-0.00054265,0.096939,0.0081565,-0.00054265
0.0001775,-0.0001775,0.10858,0.0081554,-0.10857,-0.0081446,-1.6568e-07,0.10858,0.0081554,-0.00057799,0.10858,0.0081554,-0.00057799
8.4322e-05,-8.4322e-05,0.069301,0.0040767,-0.0693,-0.0040716,-7.8706e-08,0.069301,0.0040767,-0.00033461,0.069301,0.0040767,-0.00033461
2.238e-05,-2.238e-05,0.059504,0.0040767,-0.059504,-0.0040753,-2.089e-08,0.059504,0.0040767,-0.00030482,0.059504,0.0040767,-0.00030482
2.4777e-05,-2.4777e-05,0.035963,0.002038,-0.035963,-0.0020365,-2.3127e-08,0.035963,0.002038,-0.00017128,0.035963,0.002038,-0.00017128
-1.892e-07,1.892e-07,0.030082,0.002038,-0.030082,-0.002038,1.766e-10,0.030082,0.002038,-0.0001534,0.030082,0.002038,-0.0001534
-9.6089e-06,9.6089e-06,0.028611,0.0020379,-0.028611,-0.0020385,8.969e-09,0.028611,0.0020379,-0.00014893,0.028611,0.0020379,-0.00014893
-1.592e-05,1.592e-05,0.013936,0.00076356,-0.013936,-0.00076453,1.486e-08,0.013936,0.00076356,-6.5576e-05,0.013936,0.00076356,-6.5576e-05
-4.5906e-05,4.5906e-05,0.017055,0.0015273,-0.017055,-0.0015301,4.2849e-08,0.017055,0.0015273,-9.8279e-05,0.017055,0.0015273,-9.8279e-05
-3.3571e-05,3.3571e-05,0.017832,0.0015277,-0.017832,-0.0015297,3.1335e-08,0.017832,0.0015277,-0.00010065,0.017832,0.0015277,-0.00010065
1.9385e-05,-1.9385e-05,0.011243,0.0007643,-0.011243,-0.00076312,-1.8094e-08,0.011243,0.0007643,-5.7413e-05,0.011243,0.0007643,-5.7413e-05
-1.7693e-05,1.7693e-05,0.016385,0.001528,-0.016385,-0.0015291,1.6515e-08,0.016385,0.001528,-9.6261e-05,0.016385,0.001528,-9.6261e-05
1.4808e-05,-1.4808e-05,0.013569,0.0011467,-0.013569,-0.0011458,-1.3822e-08,0.013569,0.0011467,-7.6111e-05,0.013569,0.0011467,-7.6111e-05
2.018e-05,-2.018e-05,0.012866,0.0011468,-0.012866,-0.0011455,-1.8836e-08,0.012866,0.0011468,-7.3973e-05,0.012866,0.0011468,-7.3973e-05
7.2548e-06,-7.2548e-06,0.0079544,0.00057325,-0.0079543,-0.00057281,-6.7716e-09,0.0079544,0.00057325,-4.1608e-05,0.0079544,0.00057325,-4.1608e-05
-6.5915e-06,6.5915e-06,0.011469,0.0011466,-0.011469,-0.001147,6.1526e-09,0.011469,0.0011466,-6.9722e-05,0.011469,0.0011466,-6.9722e-05
-2.7836e-06,2.7836e-06,0.012341,0.0011464,-0.012341,-0.0011466,2.5982e-09,0.012341,0.0011464,-7.2367e-05,0.012341,0.0011464,-7.2367e-05
6.3943e-06,-6.3943e-06,0.0078231,0.00057327,-0.0078231,-0.00057288,-5.9685e-09,0.0078231,0.00057327,-4.121e-05,0.0078231,0.00057327,-4.121e-05
-7.5485e-06,7.5485e-06,0.011435,0.0011466,-0.011435,-0.0011471,7.0458e-09,0.011435,0.0011466,-6.9619e-05,0.011435,0.0011466,-6.9619e-05
-3.7848e-06,3.7848e-06,0.012332,0.0011464,-0.012332,-0.0011466,3.5328e-09,0.012332,0.0011464,-7.2339e-05,0.012332,0.0011464,-7.2339e-05
5.3869e-06,-5.3869e-06,0.0078216,0.00057326,-0.0078216,-0.00057293,-5.0281e-09,0.0078216,0.00057326,-4.1205e-05,0.0078216,0.00057326,-4.1205e-05
-8.5558e-06,8.5558e-06,0.011433,0.0011466,-0.011433,-0.0011471,7.986e-09,0.011433,0.0011466,-6.9614e-05,0.011433,0.0011466,-6.9614e-05
-4.7755e-06,4.7755e-06,0.012335,0.0011464,-0.012335,-0.0011467,4.4575e-09,0.012335,0.0011464,-7.2347e-05,0.012335,0.0011464,-7.2347e-05
4.4014e-06,-4.4014e-06,0.0078209,0.00057324,-0.0078208,-0.00057297,-4.1083e-09,0.0078209,0.00057324,-4.1202e-05,0.0078209,0.00057324,-4.1202e-05
4.4735e-07,-4.4735e-07,0.011433,0.0011467,-0.011433,-0.0011467,-4.1756e-10,0.011433,0.0011467,-6.9615e-05,0.011433,0.0011467,-6.9615e-05
-7.7724e-07,7.7724e-07,0.012335,0.0011465,-0.012335,-0.0011465,7.2548e-10,0.012335,0.0011465,-7.235e-05,0.012335,0.0011465,-7.235e-05
3.4018e-06,-3.4018e-06,0.0078209,0.00057325,-0.0078208,-0.00057304,-3.1753e-09,0.0078209,0.00057325,-4.1202e-05,0.0078209,0.00057325,-4.1202e-05
-7.7832e-05,7.7832e-05,-0.00090264,-2.1278e-06,0.00090217,-2.6044e-06,7.2649e-08,-0.00090264,-2.1278e-06,2.8087e-06,-0.00090264,-2.1278e-06,2.8087e-06
-0.0001329,0.0001329,-0.0059395,-3.7129e-06,0.0059387,-4.3674e-06,1.2405e-07,-0.0059395,-3.7129e-06,1.8169e-05,-0.0059395,-3.7129e-06,1.8169e-05
8.0005e-06,-8.0005e-06,-0.0072011,-1.4571e-06,0.0072011,1.9436e-06,-7.4677e-09,-0.0072011,-1.4571e-06,2.1936e-05,-0.0072011,-1.4571e-06,2.1936e-05
-1.973e-05,1.973e-05,-0.0046595,-1.2212e-06,0.0046594,2.165e-08,1.8416e-08,-0.0046595,-1.2212e-06,1.4202e-05,-0.0046595,-1.2212e-06,1.4202e-05
-1.5534e-05,1.5534e-05,-0.0040229,-1.1666e-06,0.0040228,2.2208e-07,1.45e-08,-0.0040229,-1.1666e-06,1.2265e-05,-0.0040229,-1.1666e-06,1.2265e-05
-8.6705e-07,8.6705e-07,-0.0038663,-9.7302e-07,0.0038663,9.2031e-07,8.093e-10,-0.0038663,-9.7302e-07,1.1783e-05,-0.0038663,-9.7302e-07,1.1783e-05
2.5495e-06,-2.5495e-06,-0.0023967,-3.5176e-07,0.0023968,5.0677e-07,-2.3797e-09,-0.0023967,-3.5176e-07,7.2968e-06,-0.0023967,-3.5176e-07,7.2968e-06
8.4169e-06,-8.4169e-06,-0.0034551,-7.1632e-07,0.0034552,1.2281e-06,-7.8563e-09,-0.0034551,-7.1632e-07,1.0525e-05,-0.0034551,-7.1632e-07,1.0525e-05
-1.4861e-06,1.4861e-06,-0.0037185,-8.8497e-07,0.0037185,7.9462e-07,1.3871e-09,-0.0037185,-8.8497e-07,1.1331e-05,-0.0037185,-8.8497e-07,1.1331e-05
-2.9536e-06,2.9536e-06,-0.0023577,-3.7513e-07,0.0023577,1.9555e-07,2.7569e-09,-0.0023577,-3.7513e-07,7.1788e-06,-0.0023577,-3.7513e-07,7.1788e-06
-2.026e-06,2.026e-06,-0.0034461,-1.0567e-06,0.0034461,9.3347e-07,1.8911e-09,-0.0034461,-1.0567e-06,1.0508e-05,-0.0034461,-1.0567e-06,1.0508e-05
-1.9298e-06,1.9298e-06,-0.003717,-8.8831e-07,0.003717,7.7097e-07,1.8013e-09,-0.003717,-8.8831e-07,1.1327e-05,-0.003717,-8.8831e-07,1.1327e-05
-3.3935e-06,3.3935e-06,-0.0023599,-3.7703e-07,0.0023599,1.7071e-07,3.1675e-09,-0.0023599,-3.7703e-07,7.1857e-06,-0.0023599,-3.7703e-07,7.1857e-06
-2.4659e-06,2.4659e-06,-0.0034483,-1.0585e-06,0.0034483,9.0856e-07,2.3017e-09,-0.0034483,-1.0585e-06,1.0515e-05,-0.0034483,-1.0585e-06,1.0515e-05
-2.3697e-06,2.3697e-06,-0.0037192,-8.9004e-07,0.0037192,7.4596e-07,2.2119e-09,-0.0037192,-8.9004e-07,1.1333e-05,-0.0037192,-8.9004e-07,1.1333e-05
-3.8258e-06,3.8258e-06,-0.0023584,-5.0368e-07,0.0023584,2.7107e-07,3.571e-09,-0.0023584,-5.0368e-07,7.1848e-06,-0.0023584,-5.0368e-07,7.1848e-06
-2.8889e-06,2.8889e-06,-0.0034468,-8.802e-07,0.0034468,7.0456e-07,2.6965e-09,-0.0034468,-8.802e-07,1.0505e-05,-0.0034468,-8.802e-07,1.0505e-05
-2.7956e-06,2.7956e-06,-0.0037177,-8.0682e-07,0.0037177,6.3685e-07,2.6094e-09,-0.0037177,-8.0682e-07,1.1326e-05,-0.0037177,-8.0682e-07,1.1326e-05
-1.7566e-06,1.7566e-06,-0.0023569,-4.2886e-07,0.0023569,3.2206e-07,1.6396e-09,-0.0023569,-4.2886e-07,7.178e-06,-0.0023569,-4.2886e-07,7.178e-06
4.1644e-06,-4.1644e-06,-0.0034453,-1.022e-06,0.0034453,1.2752e-06,-3.887e-09,-0.0034453,-1.022e-06,1.0505e-05,-0.0034453,-1.022e-06,1.0505e-05
4.2594e-06,-4.2594e-06,-0.0037162,-8.8863e-07,0.0037162,1.1476e-06,-3.9758e-09,-0.0037162,-8.8863e-07,1.1324e-05,-0.0037162,-8.8863e-07,1.1324e-05
-2.1974e-06,2.1974e-06,-0.0023591,-4.5321e-07,0.0023591,3.1961e-07,2.051e-09,-0.0023591,-4.5321e-07,7.1856e-06,-0.0023591,-4.5321e-07,7.1856e-06
-1.2685e-06,1.2685e-06,-0.0034475,-1.0922e-06,0.0034475,1.015e-06,1.184e-09,-0.0034475,-1.0922e-06,1.0514e-05,-0.0034475,-1.0922e-06,1.0514e-05
-1.1721e-06,1.1721e-06,-0.0037184,-9.1631e-07,0.0037184,8.4505e-07,1.0941e-09,-0.0037184,-9.1631e-07,1.1332e-05,-0.0037184,-9.1631e-07,1.1332e-05
-2.6394e-06,2.6394e-06,-0.0023576,-3.9898e-07,0.0023576,2.385e-07,2.4636e-09,-0.0023576,-3.9898e-07,7.1792e-06,-0.0023576,-3.9898e-07,7.1792e-06
-1.7117e-06,1.7117e-06,-0.003446,-1.0755e-06,0.003446,9.7143e-07,1.5977e-09,-0.003446,-1.0755e-06,1.0509e-05,-0.003446,-1.0755e-06,1.0509e-05
-1.6154e-06,1.6154e-06,-0.0037169,-9.0213e-07,0.0037169,8.0391e-07,1.5078e-09,-0.0037169,-9.0213e-07,1.1327e-05,-0.0037169,-9.0213e-07,1.1327e-05
-3.079e-06,3.079e-06,-0.0023598,-3.8835e-07,0.0023598,2.0115e-07,2.874e-09,-0.0023598,-3.8835e-07,7.1857e-06,-0.0023598,-3.8835e-07,7.1857e-06
-2.1513e-06,2.1513e-06,-0.0034482,-1.0673e-06,0.0034482,9.365e-07,2.0081e-09,-0.0034482,-1.0673e-06,1.0515e-05,-0.0034482,-1.0673e-06,1.0515e-05
-2.0551e-06,2.0551e-06,-0.0037191,-8.9635e-07,0.0037191,7.714e-07,1.9182e-09,-0.0037191,-8.9635e-07,1.1333e-05,-0.0037191,-8.9635e-07,1.1333e-05
-3.5226e-06,3.5226e-06,-0.0023583,-3.8397e-07,0.0023583,1.698e-07,3.288e-09,-0.0023583,-3.8397e-07,7.1809e-06,-0.0023583,-3.8397e-07,7.1809e-06
-2.595e-06,2.595e-06,-0.0034467,-1.0655e-06,0.0034467,9.0772e-07,2.4222e-09,-0.0034467,-1.0655e-06,1.051e-05,-0.0034467,-1.0655e-06,1.051e-05
-2.4987e-06,2.4987e-06,-0.0037176,-8.9462e-07,0.0037176,7.4269e-07,2.3323e-09,-0.0037176,-8.9462e-07,1.1329e-05,-0.0037176,-8.9462e-07,1.1329e-05
-3.9434e-06,3.9434e-06,-0.002358,-5.0682e-07,0.002358,2.6707e-07,3.6808e-09,-0.002358,-5.0682e-07,7.1839e-06,-0.002358,-5.0682e-07,7.1839e-06
-3.0065e-06,3.0065e-06,-0.0034464,-8.8085e-07,0.0034464,6.9806e-07,2.8062e-09,-0.0034464,-8.8085e-07,1.0504e-05,-0.0034464,-8.8085e-07,1.0504e-05
-2.9132e-06,2.9132e-06,-0.0037173,-8.0755e-07,0.0037173,6.3043e-07,2.7192e-09,-0.0037173,-8.0755e-07,1.1325e-05,-0.0037173,-8.0755e-07,1.1325e-05
-1.8704e-06,1.8704e-06,-0.0023602,-4.2811e-07,0.0023602,3.1439e-07,1.7458e-09,-0.0023602,-4.2811e-07,7.1882e-06,-0.0023602,-4.2811e-07,7.1882e-06
4.0506e-06,-4.0506e-06,-0.0034486,-1.0212e-06,0.0034486,1.2675e-06,-3.7808e-09,-0.0034486,-1.0212e-06,1.0515e-05,-0.0034486,-1.0212e-06,1.0515e-05
4.1456e-06,-4.1456e-06,-0.0037195,-8.8776e-07,0.0037195,1.1398e-06,-3.8695e-09,-0.0037195,-8.8776e-07,1.1334e-05,-0.0037195,-8.8776e-07,1.1334e-05
-2.315e-06,2.315e-06,-0.0023587,-4.5249e-07,0.0023587,3.1174e-07,2.1608e-09,-0.0023587,-4.5249e-07,7.1842e-06,-0.0023587,-4.5249e-07,7.1842e-06
-1.3861e-06,1.3861e-06,-0.0034471,-1.0915e-06,0.0034471,1.0072e-06,1.2938e-09,-0.0034471,-1.0915e-06,1.0512e-05,-0.0034471,-1.0915e-06,1.0512e-05
-1.2897e-06,1.2897e-06,-0.003718,-9.1561e-07,0.003718,8.372e-07,1.2038e-09,-0.003718,-9.1561e-07,1.1331e-05,-0.003718,-9.1561e-07,1.1331e-05
-2.757e-06,2.757e-06,-0.0023572,-3.9828e-07,0.0023572,2.3066e-07,2.5734e-09,-0.0023572,-3.9828e-07,7.178e-06,-0.0023572,-3.9828e-07,7.178e-06
-1.8293e-06,1.8293e-06,-0.0034456,-1.0748e-06,0.0034456,9.6359e-07,1.7074e-09,-0.0034456,-1.0748e-06,1.0507e-05,-0.0034456,-1.0748e-06,1.0507e-05
-1.7331e-06,1.7331e-06,-0.0037165,-9.0392e-07,0.0037165,7.9855e-07,1.6176e-09,-0.0037165,-9.0392e-07,1.1326e-05,-0.0037165,-9.0392e-07,1.1326e-05
-3.1967e-06,3.1967e-06,-0.0023594,-3.889e-07,0.0023594,1.9454e-07,2.9838e-09,-0.0023594,-3.889e-07,7.1845e-06,-0.0023594,-3.889e-07,7.1845e-06
-2.269e-06,2.269e-06,-0.0034478,-1.0679e-06,0.0034478,9.2997e-07,2.1179e-09,-0.0034478,-1.0679e-06,1.0514e-05,-0.0034478,-1.0679e-06,1.0514e-05
-2.1728e-06,2.1728e-06,-0.0037187,-8.9703e-07,0.0037187,7.6493e-07,2.0281e-09,-0.0037187,-8.9703e-07,1.1332e-05,-0.0037187,-8.9703e-07,1.1332e-05
-3.6403e-06,3.6403e-06,-0.0023579,-3.8469e-07,0.0023579,1.6337e-07,3.3978e-09,-0.0023579,-3.8469e-07,7.1797e-06,-0.0023579,-3.8469e-07,7.1797e-06
-2.7127e-06,2.7127e-06,-0.0034463,-1.0662e-06,0.0034463,9.0129e-07,2.532e-09,-0.0034463,-1.0662e-06,1.0509e-05,-0.0034463,-1.0662e-06,1.0509e-05
-2.6164e-06,2.6164e-06,-0.0037172,-8.9533e-07,0.0037172,7.3625e-07,2.4422e-09,-0.0037172,-8.9533e-07,1.1327e-05,-0.0037172,-8.9533e-07,1.1327e-05
-1.5722e-06,1.5722e-06,-0.0023601,-4.6963e-07,0.0023601,3.7405e-07,1.4675e-09,-0.0023601,-4.6963e-07,7.1891e-06,-0.0023601,-4.6963e-07,7.1891e-06
4.3498e-06,-4.3498e-06,-0.0034485,-1.0277e-06,0.0034485,1.2922e-06,-4.0601e-09,-0.0034485,-1.0277e-06,1.0515e-05,-0.0034485,-1.0277e-06,1.0515e-05
4.4449e-06,-4.4449e-06,-0.0037194,-8.9176e-07,0.0037194,1.162e-06,-4.1489e-09,-0.0037194,-8.9176e-07,1.1334e-05,-0.0037194,-8.9176e-07,1.1334e-05
-2.0157e-06,2.0157e-06,-0.0023586,-4.5649e-07,0.0023586,3.3394e-07,1.8814e-09,-0.0023586,-4.5649e-07,7.184e-06,-0.0023586,-4.5649e-07,7.184e-06
-1.0868e-06,1.0868e-06,-0.003447,-1.093e-06,0.003447,1.0269e-06,1.0144e-09,-0.003447,-1.093e-06,1.0512e-05,-0.003447,-1.093e-06,1.0512e-05
-9.9042e-07,9.9042e-07,-0.0037179,-9.1712e-07,0.0037179,8.569e-07,9.2446e-10,-0.0037179,-9.1712e-07,1.133e-05,-0.0037179,-9.1712e-07,1.133e-05
-2.4577e-06,2.4577e-06,-0.0023571,-3.9978e-07,0.0023571,2.5035e-07,2.2941e-09,-0.0023571,-3.9978e-07,7.1777e-06,-0.0023571,-3.9978e-07,7.1777e-06
-1.53e-06,1.53e-06,-0.0034455,-1.0763e-06,0.0034455,9.8328e-07,1.4281e-09,-0.0034455,-1.0763e-06,1.0507e-05,-0.0034455,-1.0763e-06,1.0507e-05
-1.4337e-06,1.4337e-06,-0.0037164,-9.0292e-07,0.0037164,8.1576e-07,1.3382e-09,-0.0037164,-9.0292e-07,1.1325e-05,-0.0037164,-9.0292e-07,1.1325e-05
-2.8973e-06,2.8973e-06,-0.0023593,-3.8789e-07,0.0023593,2.1173e-07,2.7043e-09,-0.0023593,-3.8789e-07,7.1842e-06,-0.0023593,-3.8789e-07,7.1842e-06
-1.9696e-06,1.9696e-06,-0.0034477,-1.0669e-06,0.0034477,9.4716e-07,1.8385e-09,-0.0034477,-1.0669e-06,1.0513e-05,-0.0034477,-1.0669e-06,1.0513e-05
-1.8734e-06,1.8734e-06,-0.0037186,-8.9602e-07,0.0037186,7.8212e-07,1.7486e-09,-0.0037186,-8.9602e-07,1.1332e-05,-0.0037186,-8.9602e-07,1.1332e-05
-3.3409e-06,3.3409e-06,-0.0023578,-3.8369e-07,0.0023578,1.8056e-07,3.1184e-09,-0.0023578,-3.8369e-07,7.1794e-06,-0.0023578,-3.8369e-07,7.1794e-06
-2.4133e-06,2.4133e-06,-0.0034462,-1.0652e-06,0.0034462,9.1849e-07,2.2526e-09,-0.0034462,-1.0652e-06,1.0509e-05,-0.0034462,-1.0652e-06,1.0509e-05
-2.3171e-06,2.3171e-06,-0.0037171,-8.9433e-07,0.0037171,7.5345e-07,2.1627e-09,-0.0037171,-8.9433e-07,1.1327e-05,-0.0037171,-8.9433e-07,1.1327e-05
-3.7808e-06,3.7808e-06,-0.00236,-3.818e-07,0.00236,1.5193e-07,3.529e-09,-0.00236,-3.818e-07,7.1861e-06,-0.00236,-3.818e-07,7.1861e-06
-2.8532e-06,2.8532e-06,-0.0034484,-1.0633e-06,0.0034484,8.8978e-07,2.6632e-09,-0.0034484,-1.0633e-06,1.0515e-05,-0.0034484,-1.0633e-06,1.0515e-05
-2.757e-06,2.757e-06,-0.0037193,-8.9483e-07,0.0037193,7.272e-07,2.5734e-09,-0.0037193,-8.9483e-07,1.1334e-05,-0.0037193,-8.9483e-07,1.1334e-05
-1.7166e-06,1.7166e-06,-0.0023585,-4.693e-07,0.0023585,3.6493e-07,1.6022e-09,-0.0023585,-4.693e-07,7.1841e-06,-0.0023585,-4.693e-07,7.1841e-06
4.2054e-06,-4.2054e-06,-0.0034469,-1.0275e-06,0.0034469,1.2832e-06,-3.9253e-09,-0.0034469,-1.0275e-06,1.051e-05,-0.0034469,-1.0275e-06,1.051e-05
4.3005e-06,-4.3005e-06,-0.0037178,-8.9163e-07,0.0037178,1.1531e-06,-4.0141e-09,-0.0037178,-8.9163e-07,1.1329e-05,-0.0037178,-8.9163e-07,1.1329e-05
-2.1601e-06,2.1601e-06,-0.002357,-4.564e-07,0.002357,3.2507e-07,2.0162e-09,-0.002357,-4.564e-07,7.1791e-06,-0.002357,-4.564e-07,7.1791e-06
-1.2312e-06,1.2312e-06,-0.0034454,-1.0929e-06,0.0034454,1.0181e-06,1.1492e-09,-0.0034454,-1.0929e-06,1.0507e-05,-0.0034454,-1.0929e-06,1.0507e-05
-1.1348e-06,1.1348e-06,-0.0037163,-9.1703e-07,0.0037163,8.4804e-07,1.0592e-09,-0.0037163,-9.1703e-07,1.1325e-05,-0.0037163,-9.1703e-07,1.1325e-05
-2.5983e-06,2.5983e-06,-0.0023592,-3.995e-07,0.0023592,2.4152e-07,2.4253e-09,-0.0023592,-3.995e-07,7.1843e-06,-0.0023592,-3.995e-07,7.1843e-06
-1.6706e-06,1.6706e-06,-0.0034476,-1.076e-06,0.0034476,9.7446e-07,1.5593e-09,-0.0034476,-1.076e-06,1.0513e-05,-0.0034476,-1.076e-06,1.0513e-05
-1.5743e-06,1.5743e-06,-0.0037185,-9.0262e-07,0.0037185,8.0691e-07,1.4694e-09,-0.0037185,-9.0262e-07,1.1332e-05,-0.0037185,-9.0262e-07,1.1332e-05
-3.0417e-06,3.0417e-06,-0.0023577,-3.8779e-07,0.0023577,2.0286e-07,2.8391e-09,-0.0023577,-3.8779e-07,7.1792e-06,-0.0023577,-3.8779e-07,7.1792e-06
-2.114e-06,2.114e-06,-0.0034461,-1.0668e-06,0.0034461,9.3828e-07,1.9732e-09,-0.0034461,-1.0668e-06,1.0509e-05,-0.0034461,-1.0668e-06,1.0509e-05
-2.0178e-06,2.0178e-06,-0.003717,-8.9593e-07,0.003717,7.7325e-07,1.8834e-09,-0.003717,-8.9593e-07,1.1327e-05,-0.003717,-8.9593e-07,1.1327e-05
-3.4815e-06,3.4815e-06,-0.0023599,-3.834e-07,0.0023599,1.7173e-07,3.2496e-09,-0.0023599,-3.834e-07,7.1859e-06,-0.0023599,-3.834e-07,7.1859e-06
-2.5539e-06,2.5539e-06,-0.0034483,-1.0649e-06,0.0034483,9.0958e-07,2.3838e-09,-0.0034483,-1.0649e-06,1.0515e-05,-0.0034483,-1.0649e-06,1.0515e-05
-2.4577e-06,2.4577e-06,-0.0037192,-8.9643e-07,0.0037192,7.47e-07,2.294e-09,-0.0037192,-8.9643e-07,1.1334e-05,-0.0037192,-8.9643e-07,1.1334e-05
-3.9138e-06,3.9138e-06,-0.0023584,-5.0883e-07,0.0023584,2.7087e-07,3.6531e-09,-0.0023584,-5.0883e-07,7.185e-06,-0.0023584,-5.0883e-07,7.185e-06
-2.9769e-06,2.9769e-06,-0.0034468,-8.8278e-07,0.0034468,7.0179e-07,2.7786e-09,-0.0034468,-8.8278e-07,1.0505e-05,-0.0034468,-8.8278e-07,1.0505e-05
-2.8836e-06,2.8836e-06,-0.0037177,-8.094e-07,0.0037177,6.3408e-07,2.6916e-09,-0.0037177,-8.094e-07,1.1326e-05,-0.0037177,-8.094e-07,1.1326e-05
-1.8446e-06,1.8446e-06,-0.0023569,-4.3019e-07,0.0023569,3.1804e-07,1.7217e-09,-0.0023569,-4.3019e-07,7.178e-06,-0.0023569,-4.3019e-07,7.178e-06
4.0764e-06,-4.0764e-06,-0.0034453,-1.0234e-06,0.0034453,1.2712e-06,-3.8049e-09,-0.0034453,-1.0234e-06,1.0505e-05,-0.0034453,-1.0234e-06,1.0505e-05
4.1714e-06,-4.1714e-06,-0.0037162,-8.9002e-07,0.0037162,1.1436e-06,-3.8936e-09,-0.0037162,-8.9002e-07,1.1324e-05,-0.0037162,-8.9002e-07,1.1324e-05
-2.2854e-06,2.2854e-06,-0.0023591,-4.5459e-07,0.0023591,3.1563e-07,2.1332e-09,-0.0023591,-4.5459e-07,7.1856e-06,-0.0023591,-4.5459e-07,7.1856e-06
-1.3565e-06,1.3565e-06,-0.0034475,-1.0935e-06,0.0034475,1.0111e-06,1.2662e-09,-0.0034475,-1.0935e-06,1.0514e-05,-0.0034475,-1.0935e-06,1.0514e-05
-1.2601e-06,1.2601e-06,-0.0037184,-9.1765e-07,0.0037184,8.4103e-07,1.1762e-09,-0.0037184,-9.1765e-07,1.1332e-05,-0.0037184,-9.1765e-07,1.1332e-05
-2.7274e-06,2.7274e-06,-0.0023576,-3.9907e-07,0.0023576,2.3324e-07,2.5457e-09,-0.0023576,-3.9907e-07,7.1792e-06,-0.0023576,-3.9907e-07,7.1792e-06
-1.7997e-06,1.7997e-06,-0.003446,-1.0756e-06,0.003446,9.6617e-07,1.6798e-09,-0.003446,-1.0756e-06,1.0509e-05,-0.003446,-1.0756e-06,1.0509e-05
-1.7034e-06,1.7034e-06,-0.0037169,-9.0223e-07,0.0037169,7.9866e-07,1.5899e-09,-0.0037169,-9.0223e-07,1.1327e-05,-0.0037169,-9.0223e-07,1.1327e-05
-3.167e-06,3.167e-06,-0.0023598,-3.8845e-07,0.0023598,1.959e-07,2.9561e-09,-0.0023598,-3.8845e-07,7.1857e-06,-0.0023598,-3.8845e-07,7.1857e-06
-2.2393e-06,2.2393e-06,-0.0034482,-1.0674e-06,0.0034482,9.3125e-07,2.0902e-09,-0.0034482,-1.0674e-06,1.0515e-05,-0.0034482,-1.0674e-06,1.0515e-05
-2.1431e-06,2.1431e-06,-0.0037191,-8.9645e-07,0.0037191,7.6615e-07,2.0003e-09,-0.0037191,-8.9645e-07,1.1333e-05,-0.0037191,-8.9645e-07,1.1333e-05
-3.6106e-06,3.6106e-06,-0.0023583,-3.8407e-07,0.0023583,1.6455e-07,3.3701e-09,-0.0023583,-3.8407e-07,7.1809e-06,-0.0023583,-3.8407e-07,7.1809e-06
-2.683e-06,2.683e-06,-0.0034467,-1.0656e-06,0.0034467,9.0247e-07,2.5043e-09,-0.0034467,-1.0656e-06,1.051e-05,-0.0034467,-1.0656e-06,1.051e-05
-2.5867e-06,2.5867e-06,-0.0037176,-8.9472e-07,0.0037176,7.3744e-07,2.4145e-09,-0.0037176,-8.9472e-07,1.1329e-05,-0.0037176,-8.9472e-07,1.1329e-05
-1.5349e-06,1.5349e-06,-0.002358,-4.69e-07,0.002358,3.7568e-07,1.4327e-09,-0.002358,-4.69e-07,7.1827e-06,-0.002358,-4.69e-07,7.1827e-06
4.3871e-06,-4.3871e-06,-0.0034464,-1.0272e-06,0.0034464,1.2939e-06,-4.0949e-09,-0.0034464,-1.0272e-06,1.0508e-05,-0.0034464,-1.0272e-06,1.0508e-05
4.4822e-06,-4.4822e-06,-0.0037173,-8.9131e-07,0.0037173,1.1638e-06,-4.1837e-09,-0.0037173,-8.9131e-07,1.1328e-05,-0.0037173,-8.9131e-07,1.1328e-05
-1.9746e-06,1.9746e-06,-0.0023602,-4.5585e-07,0.0023602,3.358e-07,1.8431e-09,-0.0023602,-4.5585e-07,7.189e-06,-0.0023602,-4.5585e-07,7.189e-06
-1.0457e-06,1.0457e-06,-0.0034486,-1.0923e-06,0.0034486,1.0287e-06,9.7602e-10,-0.0034486,-1.0923e-06,1.0517e-05,-0.0034486,-1.0923e-06,1.0517e-05
-9.4932e-07,9.4932e-07,-0.0037195,-9.1634e-07,0.0037195,8.5862e-07,8.8609e-10,-0.0037195,-9.1634e-07,1.1335e-05,-0.0037195,-9.1634e-07,1.1335e-05
-2.4166e-06,2.4166e-06,-0.0023587,-3.9896e-07,0.0023587,2.5203e-07,2.2557e-09,-0.0023587,-3.9896e-07,7.1826e-06,-0.0023587,-3.9896e-07,7.1826e-06
-1.4889e-06,1.4889e-06,-0.0034471,-1.0755e-06,0.0034471,9.8496e-07,1.3897e-09,-0.0034471,-1.0755e-06,1.0512e-05,-0.0034471,-1.0755e-06,1.0512e-05
-1.3926e-06,1.3926e-06,-0.003718,-9.0212e-07,0.003718,8.1745e-07,1.2998e-09,-0.003718,-9.0212e-07,1.133e-05,-0.003718,-9.0212e-07,1.133e-05
-2.86e-06,2.86e-06,-0.0023572,-3.8853e-07,0.0023572,2.1464e-07,2.6696e-09,-0.0023572,-3.8853e-07,7.1777e-06,-0.0023572,-3.8853e-07,7.1777e-06
-1.9323e-06,1.9323e-06,-0.0034456,-1.0676e-06,0.0034456,9.5007e-07,1.8036e-09,-0.0034456,-1.0676e-06,1.0507e-05,-0.0034456,-1.0676e-06,1.0507e-05
-1.8361e-06,1.8361e-06,-0.0037165,-8.9671e-07,0.0037165,7.8508e-07,1.7138e-09,-0.0037165,-8.9671e-07,1.1325e-05,-0.0037165,-8.9671e-07,1.1325e-05
-3.2998e-06,3.2998e-06,-0.0023594,-3.8418e-07,0.0023594,1.8355e-07,3.08e-09,-0.0023594,-3.8418e-07,7.1844e-06,-0.0023594,-3.8418e-07,7.1844e-06
-2.3722e-06,2.3722e-06,-0.0034478,-1.0657e-06,0.0034478,9.2148e-07,2.2142e-09,-0.0034478,-1.0657e-06,1.0514e-05,-0.0034478,-1.0657e-06,1.0514e-05
-2.276e-06,2.276e-06,-0.0037187,-8.9483e-07,0.0037187,7.5645e-07,2.1244e-09,-0.0037187,-8.9483e-07,1.1332e-05,-0.0037187,-8.9483e-07,1.1332e-05
-3.7435e-06,3.7435e-06,-0.0023579,-3.8249e-07,0.0023579,1.5489e-07,3.4941e-09,-0.0023579,-3.8249e-07,7.1796e-06,-0.0023579,-3.8249e-07,7.1796e-06
-2.8159e-06,2.8159e-06,-0.0034463,-1.064e-06,0.0034463,8.9281e-07,2.6284e-09,-0.0034463,-1.064e-06,1.0509e-05,-0.0034463,-1.064e-06,1.0509e-05
-2.7197e-06,2.7197e-06,-0.0037172,-8.9563e-07,0.0037172,7.3027e-07,2.5386e-09,-0.0037172,-8.9563e-07,1.1327e-05,-0.0037172,-8.9563e-07,1.1327e-05
-1.6755e-06,1.6755e-06,-0.0023601,-4.6993e-07,0.0023601,3.6806e-07,1.5639e-09,-0.0023601,-4.6993e-07,7.1891e-06,-0.0023601,-4.6993e-07,7.1891e-06
4.2465e-06,-4.2465e-06,-0.0034485,-1.028e-06,0.0034485,1.2862e-06,-3.9637e-09,-0.0034485,-1.028e-06,1.0515e-05,-0.0034485,-1.028e-06,1.0515e-05
4.3416e-06,-4.3416e-06,-0.0037194,-8.9206e-07,0.0037194,1.156e-06,-4.0525e-09,-0.0037194,-8.9206e-07,1.1334e-05,-0.0037194,-8.9206e-07,1.1334e-05
-2.119e-06,2.119e-06,-0.0023586,-4.5679e-07,0.0023586,3.2795e-07,1.9779e-09,-0.0023586,-4.5679e-07,7.184e-06,-0.0023586,-4.5679e-07,7.184e-06
-1.1901e-06,1.1901e-06,-0.003447,-1.0933e-06,0.003447,1.021e-06,1.1108e-09,-0.003447,-1.0933e-06,1.0512e-05,-0.003447,-1.0933e-06,1.0512e-05
-1.0937e-06,1.0937e-06,-0.0037179,-9.1744e-07,0.0037179,8.5094e-07,1.0209e-09,-0.0037179,-9.1744e-07,1.133e-05,-0.0037179,-9.1744e-07,1.133e-05
-2.561e-06,2.561e-06,-0.0023571,-4.001e-07,0.0023571,2.4439e-07,2.3905e-09,-0.0023571,-4.001e-07,7.1777e-06,-0.0023571,-4.001e-07,7.1777e-06
-1.6333e-06,1.6333e-06,-0.0034455,-1.0766e-06,0.0034455,9.7732e-07,1.5245e-09,-0.0034455,-1.0766e-06,1.0507e-05,-0.0034455,-1.0766e-06,1.0507e-05
-1.537e-06,1.537e-06,-0.0037164,-9.0323e-07,0.0037164,8.0978e-07,1.4346e-09,-0.0037164,-9.0323e-07,1.1325e-05,-0.0037164,-9.0323e-07,1.1325e-05
-3.0006e-06,3.0006e-06,-0.0023593,-3.882e-07,0.0023593,2.0576e-07,2.8008e-09,-0.0023593,-3.882e-07,7.1842e-06,-0.0023593,-3.882e-07,7.1842e-06
-2.0729e-06,2.0729e-06,-0.0034477,-1.0672e-06,0.0034477,9.4119e-07,1.9349e-09,-0.0034477,-1.0672e-06,1.0513e-05,-0.0034477,-1.0672e-06,1.0513e-05
-1.9767e-06,1.9767e-06,-0.0037186,-8.9632e-07,0.0037186,7.7614e-07,1.845e-09,-0.0037186,-8.9632e-07,1.1332e-05,-0.0037186,-8.9632e-07,1.1332e-05
-3.4442e-06,3.4442e-06,-0.0023578,-3.8399e-07,0.0023578,1.7458e-07,3.2148e-09,-0.0023578,-3.8399e-07,7.1794e-06,-0.0023578,-3.8399e-07,7.1794e-06
-2.5166e-06,2.5166e-06,-0.0034462,-1.0655e-06,0.0034462,9.1251e-07,2.349e-09,-0.0034462,-1.0655e-06,1.0509e-05,-0.0034462,-1.0655e-06,1.0509e-05
-2.4203e-06,2.4203e-06,-0.0037171,-8.9463e-07,0.0037171,7.4747e-07,2.2592e-09,-0.0037171,-8.9463e-07,1.1327e-05,-0.0037171,-8.9463e-07,1.1327e-05
-3.8726e-06,3.8726e-06,-0.00236,-5.0687e-07,0.00236,2.7141e-07,3.6147e-09,-0.00236,-5.0687e-07,7.19e-06,-0.00236,-5.0687e-07,7.19e-06
-2.9357e-06,2.9357e-06,-0.0034484,-8.8082e-07,0.0034484,7.0233e-07,2.7402e-09,-0.0034484,-8.8082e-07,1.051e-05,-0.0034484,-8.8082e-07,1.051e-05
-2.8424e-06,2.8424e-06,-0.0037193,-8.0744e-07,0.0037193,6.3463e-07,2.6531e-09,-0.0037193,-8.0744e-07,1.1331e-05,-0.0037193,-8.0744e-07,1.1331e-05
-1.8034e-06,1.8034e-06,-0.0023585,-4.2944e-07,0.0023585,3.198e-07,1.6833e-09,-0.0023585,-4.2944e-07,7.1829e-06,-0.0023585,-4.2944e-07,7.1829e-06
4.1176e-06,-4.1176e-06,-0.0034469,-1.0226e-06,0.0034469,1.273e-06,-3.8433e-09,-0.0034469,-1.0226e-06,1.051e-05,-0.0034469,-1.0226e-06,1.051e-05
4.2126e-06,-4.2126e-06,-0.0037178,-8.8924e-07,0.0037178,1.1454e-06,-3.9321e-09,-0.0037178,-8.8924e-07,1.1329e-05,-0.0037178,-8.8924e-07,1.1329e-05
-2.248e-06,2.248e-06,-0.002357,-4.5402e-07,0.002357,3.1734e-07,2.0983e-09,-0.002357,-4.5402e-07,7.1791e-06,-0.002357,-4.5402e-07,7.1791e-06
-1.3191e-06,1.3191e-06,-0.0034454,-1.093e-06,0.0034454,1.0128e-06,1.2313e-09,-0.0034454,-1.093e-06,1.0507e-05,-0.0034454,-1.093e-06,1.0507e-05
-1.2227e-06,1.2227e-06,-0.0037163,-9.1712e-07,0.0037163,8.4278e-07,1.1413e-09,-0.0037163,-9.1712e-07,1.1325e-05,-0.0037163,-9.1712e-07,1.1325e-05
-2.6862e-06,2.6862e-06,-0.0023592,-3.9958e-07,0.0023592,2.3626e-07,2.5073e-09,-0.0023592,-3.9958e-07,7.1843e-06,-0.0023592,-3.9958e-07,7.1843e-06
-1.7585e-06,1.7585e-06,-0.0034476,-1.0761e-06,0.0034476,9.6919e-07,1.6414e-09,-0.0034476,-1.0761e-06,1.0513e-05,-0.0034476,-1.0761e-06,1.0513e-05
-1.6622e-06,1.6622e-06,-0.0037185,-9.0272e-07,0.0037185,8.0166e-07,1.5515e-09,-0.0037185,-9.0272e-07,1.1332e-05,-0.0037185,-9.0272e-07,1.1332e-05
-3.1296e-06,3.1296e-06,-0.0023577,-3.8789e-07,0.0023577,1.9761e-07,2.9212e-09,-0.0023577,-3.8789e-07,7.1792e-06,-0.0023577,-3.8789e-07,7.1792e-06
-2.2019e-06,2.2019e-06,-0.0034461,-1.0669e-06,0.0034461,9.3304e-07,2.0553e-09,-0.0034461,-1.0669e-06,1.0509e-05,-0.0034461,-1.0669e-06,1.0509e-05
-2.1057e-06,2.1057e-06,-0.003717,-8.9603e-07,0.003717,7.6801e-07,1.9654e-09,-0.003717,-8.9603e-07,1.1327e-05,-0.003717,-8.9603e-07,1.1327e-05
-3.5694e-06,3.5694e-06,-0.0023599,-3.835e-07,0.0023599,1.6649e-07,3.3316e-09,-0.0023599,-3.835e-07,7.1859e-06,-0.0023599,-3.835e-07,7.1859e-06
-2.6418e-06,2.6418e-06,-0.0034483,-1.065e-06,0.0034483,9.0433e-07,2.4659e-09,-0.0034483,-1.065e-06,1.0515e-05,-0.0034483,-1.065e-06,1.0515e-05
-2.5455e-06,2.5455e-06,-0.0037192,-8.9403e-07,0.0037192,7.3926e-07,2.376e-09,-0.0037192,-8.9403e-07,1.1334e-05,-0.0037192,-8.9403e-07,1.1334e-05
-1.5051e-06,1.5051e-06,-0.0023584,-4.685e-07,0.0023584,3.7699e-07,1.4048e-09,-0.0023584,-4.685e-07,7.1838e-06,-0.0023584,-4.685e-07,7.1838e-06
4.4169e-06,-4.4169e-06,-0.0034468,-1.0267e-06,0.0034468,1.2952e-06,-4.1228e-09,-0.0034468,-1.0267e-06,1.0509e-05,-0.0034468,-1.0267e-06,1.0509e-05
4.512e-06,-4.512e-06,-0.0037177,-8.9081e-07,0.0037177,1.1651e-06,-4.2115e-09,-0.0037177,-8.9081e-07,1.1329e-05,-0.0037177,-8.9081e-07,1.1329e-05
