17.386
0.31914
0.1613
0.0020074
0.15864
0.15952
0.079988
0.00033432
0.07965
0.079764
0.039911
0.00025148
0.039868
0.039882
0.019946
0.00025016
0.01994
0.019942
0.0099749
0.00025004
0.0099751
0.0099752
0.0049932
0.00025002
0.0049931
0.0049949
0.0025059
0.0002501
0.0025051
0.0025049
0.0012712
0.00025005
0.0012711
0.0012711
0.00066973
0.00025
0.00067059
0.00067059
0.00039913
0.00025003
0.00029447
0.00029447
0.00026182
0.00025
0.00025301
0.00025302
0.00025076
0.00025001
0.0002502
0.00025021
0.00025006
0.00025002
0.00025004
0.00025003
0.00025003
0.00025003
0.00025003
0.00025004
0.00025003
0.00025008
0.00025
0.00025
0.00025
0.00024998
0.00024998
0.00024608
0.00024608
0.00024608
0.00024217
0.00024217
0.00024217
0.00023827
0.00023827
0.00023827
0.00023827
0.00023436
0.00023436
0.00023241
0.00023045
0.00022546
0.00022155
0.00021765
0.00021374
0.00020984
0.00020594
0.00020203
0.00019813
0.00019422
0.00018739
0.00018036
0.00017378
0.00016743
0.00016133
0.00015543
0.00014977
0.0001443
0.00013903
0.00012925
0.0001201
0.0001117
0.00010382
9.6527e-05
8.9768e-05
8.3473e-05
7.7568e-05
7.2102e-05
6.6954e-05
6.2244e-05
5.7877e-05
5.3802e-05
4.9996e-05
4.6482e-05
4.3212e-05
4.0162e-05
3.7332e-05
3.4721e-05
3.2257e-05
2.9988e-05
2.7889e-05
2.5913e-05
2.4083e-05
2.2399e-05
2.0813e-05
1.9349e-05
1.7993e-05
1.6724e-05
1.555e-05
1.4455e-05
1.3435e-05
1.2486e-05
1.1607e-05
1.079e-05
1.0031e-05
9.3233e-06
8.6669e-06
8.057e-06
7.4908e-06
6.9592e-06
6.4654e-06
6.2417e-06
6.0073e-06
5.7828e-06
5.5681e-06
5.3631e-06
5.173e-06
4.9825e-06
4.8019e-06
4.6263e-06
4.4604e-06
4.3458e-06
