1.1762e-06,0.005,0.0275,-1.2517e-06,1.1762e-06,1.1762e-06,1.1762e-06,0.0275,-1.2517e-06,-8.2346e-05
4.9029e-10,0.005,0.012399,-0.001212,4.9029e-10,4.9029e-10,4.9029e-10,0.012399,-0.001212,-8.4617e-07
1.1621e-13,0.005,0.0039707,-0.0012116,1.1622e-13,1.1622e-13,1.1622e-13,0.0039707,-0.0012116,2.4762e-05
2.516e-17,0.005,-0.0066304,-5.5171e-08,3.1772e-17,3.1772e-17,3.1772e-17,-0.0066304,-5.5171e-08,2.0158e-05
2.516e-17,0.005,-0.011744,2.2737e-07,5.4644e-21,5.4644e-21,5.4644e-21,-0.011744,2.2737e-07,3.5694e-05
2.516e-17,0.005,-0.010986,4.0707e-07,6.3914e-25,6.3914e-25,6.3914e-25,-0.010986,4.0707e-07,3.3385e-05
2.516e-17,0.005,-0.0047473,4.6776e-07,1.2564e-28,1.2564e-28,1.2564e-28,-0.0047473,4.6776e-07,1.4417e-05
2.516e-17,0.005,0.0035977,1.5171e-07,2.9601e-32,2.9601e-32,2.9601e-32,0.0035977,1.5171e-07,-1.0942e-05
2.516e-17,0.005,0.013173,-9.8793e-09,7.4188e-36,7.4188e-36,7.4188e-36,0.013173,-9.8793e-09,-4.0047e-05
2.516e-17,0.005,0.017855,-3.8603e-07,1.8216e-39,1.8216e-39,1.8216e-39,0.017855,-3.8603e-07,-5.4268e-05
2.516e-17,0.005,0.020196,-1.2471e-07,4.4482e-43,4.4482e-43,4.4482e-43,0.020196,-1.2471e-07,-6.1392e-05
2.516e-17,0.005,0.021298,-4.1228e-07,1.0846e-46,1.0846e-46,1.0846e-46,0.021298,-4.1228e-07,-6.4732e-05
2.516e-17,0.005,0.021816,-2.1874e-07,2.6437e-50,2.6437e-50,2.6437e-50,0.021816,-2.1874e-07,-6.6315e-05
2.516e-17,0.005,0.016519,-3.819e-07,4.6585e-54,4.6585e-54,4.6585e-54,0.016519,-3.819e-07,-5.0207e-05
2.516e-17,0.005,0.014066,6.6451e-08,5.8561e-58,5.8561e-58,5.8561e-58,0.014066,6.6451e-08,-4.2763e-05
2.516e-17,0.005,0.01284,7.2311e-08,6.9592e-62,6.9592e-62,6.9592e-62,0.01284,7.2311e-08,-3.9035e-05
2.516e-17,0.005,0.012227,1.0682e-07,8.1103e-66,8.1103e-66,8.1103e-66,0.012227,1.0682e-07,-3.7173e-05
2.516e-17,0.005,0.01192,1.5377e-07,9.4014e-70,9.4014e-70,9.4014e-70,0.01192,1.5377e-07,-3.6242e-05
2.516e-17,0.005,0.011771,-4.1259e-08,1.0883e-73,1.0883e-73,1.0883e-73,0.011771,-4.1259e-08,-3.5783e-05
-2.5956e-18,0.005,0.0087902,-1.4737e-07,9.5459e-78,9.5459e-78,9.5459e-78,0.0087902,-1.4737e-07,-2.6718e-05
-2.5956e-18,0.005,0.0014586,-2.7153e-07,1.4767e-81,1.4767e-81,1.4767e-81,0.0014586,-2.7153e-07,-4.426e-06
-2.5956e-18,0.005,-0.0048554,8.8861e-08,2.9251e-85,2.9251e-85,2.9251e-85,-0.0048554,8.8861e-08,1.4758e-05
-2.5956e-18,0.005,-0.0087639,4.373e-07,4.1487e-89,4.1487e-89,4.1487e-89,-0.0087639,4.373e-07,2.6629e-05
-2.5956e-18,0.005,-0.0082691,3.6027e-07,4.8229e-93,4.8229e-93,4.8229e-93,-0.0082691,3.6027e-07,2.5127e-05
-2.5956e-18,0.005,-0.0036479,4.7248e-07,7.7273e-97,7.7273e-97,7.7273e-97,-0.0036479,4.7248e-07,1.1075e-05
-2.5956e-18,0.005,0.002598,1.7701e-07,1.5201e-100,1.5201e-100,1.5201e-100,0.002598,1.7701e-07,-7.9032e-06
-2.5956e-18,0.005,0.0097159,1.2813e-07,3.766e-104,3.766e-104,3.766e-104,0.0097159,1.2813e-07,-2.954e-05
-2.5956e-18,0.005,0.013198,-7.9497e-08,9.2169e-108,9.2169e-108,9.2169e-108,0.013198,-7.9497e-08,-4.0121e-05
-2.5956e-18,0.005,0.014837,-3.6148e-07,2.2485e-111,2.2485e-111,2.2485e-111,0.014837,-3.6148e-07,-4.5094e-05
-2.5956e-18,0.005,0.015608,-1.796e-07,5.4811e-115,5.4811e-115,5.4811e-115,0.015608,-1.796e-07,-4.7444e-05
-2.5956e-18,0.005,0.0085527,-6.0777e-07,1.3576e-118,1.3576e-118,1.3576e-118,0.0085527,-6.0777e-07,-2.5982e-05
-2.5956e-18,0.005,0.0056345,-1.5073e-07,3.3185e-122,3.3185e-122,3.3185e-122,0.0056345,-1.5073e-07,-1.7124e-05
-2.5956e-18,0.005,0.0041755,-1.2413e-07,8.0937e-126,8.0937e-126,8.0937e-126,0.0041755,-1.2413e-07,-1.269e-05
-2.5956e-18,0.005,0.003446,-6.2845e-08,1.9729e-129,1.9729e-129,1.9729e-129,0.003446,-6.2845e-08,-1.0474e-05
-2.5956e-18,0.005,0.0030812,1.1976e-08,4.8083e-133,4.8083e-133,4.8083e-133,0.0030812,1.1976e-08,-9.3674e-06
-2.5956e-18,0.005,0.0029096,9.3072e-08,1.1718e-136,1.1718e-136,1.1718e-136,0.0029096,9.3072e-08,-8.8479e-06
-2.5956e-18,0.005,0.0028288,1.7756e-07,2.8558e-140,2.8558e-140,2.8558e-140,0.0028288,1.7756e-07,-8.605e-06
-2.5956e-18,0.005,0.0020982,-5.897e-08,3.3377e-144,3.3377e-144,3.3377e-144,0.0020982,-5.897e-08,-6.3767e-06
-2.5956e-18,0.005,0.0017496,-3.2874e-08,3.8709e-148,3.8709e-148,3.8709e-148,0.0017496,-3.2874e-08,-5.3178e-06
-2.5956e-18,0.005,0.0015752,4.1668e-09,4.4814e-152,4.4814e-152,4.4814e-152,0.0015752,4.1668e-09,-4.7888e-06
-2.5956e-18,0.005,0.0014906,4.4656e-08,5.1858e-156,5.1858e-156,5.1858e-156,0.0014906,4.4656e-08,-4.5329e-06
-2.5956e-18,0.005,0.0014496,8.6932e-08,6.0003e-160,6.0003e-160,6.0003e-160,0.0014496,8.6932e-08,-4.4095e-06
-2.5956e-18,0.005,0.0014297,1.2823e-07,6.9426e-164,6.9426e-164,6.9426e-164,0.0014297,1.2823e-07,-4.3503e-06
-2.5956e-18,0.005,0.0010659,7.997e-09,1.4434e-168,1.4434e-168,1.4434e-168,0.0010659,7.997e-09,-3.2406e-06
-2.5956e-18,0.005,0.00088826,2.12e-08,2.8447e-173,2.8447e-173,2.8447e-173,0.00088826,2.12e-08,-2.7009e-06
-2.5956e-18,0.005,0.00079941,3.7897e-08,5.5312e-178,5.5312e-178,5.5312e-178,0.00079941,3.7897e-08,-2.4314e-06
-2.5956e-18,0.005,0.00075566,5.821e-08,1.0717e-182,1.0717e-182,1.0717e-182,0.00075566,5.821e-08,-2.299e-06
-2.5956e-18,0.005,0.00073412,7.9396e-08,2.0748e-187,2.0748e-187,2.0748e-187,0.00073412,7.9396e-08,-2.2341e-06
-2.5956e-18,0.005,0.00072351,-2.4866e-08,4.0159e-192,4.0159e-192,4.0159e-192,0.00072351,-2.4866e-08,-2.1987e-06
-2.5956e-18,0.005,0.00071829,-4.4343e-09,7.7727e-197,7.7727e-197,7.7727e-197,0.00071829,-4.4343e-09,-2.1835e-06
-2.5956e-18,0.005,0.00053717,-2.1157e-09,-9.2066e-201,-9.2066e-201,-9.2066e-201,0.00053717,-2.1157e-09,-1.6329e-06
-2.5956e-18,0.005,0.00044766,4.5167e-09,1.0764e-204,1.0764e-204,1.0764e-204,0.00044766,4.5167e-09,-1.361e-06
-2.5956e-18,0.005,0.0004029,1.2881e-08,-1.2532e-208,-1.2532e-208,-1.2532e-208,0.0004029,1.2881e-08,-1.2252e-06
-2.5956e-18,0.005,0.00038069,2.2103e-08,1.4574e-212,1.4574e-212,1.4574e-212,0.00038069,2.2103e-08,-1.158e-06
-2.5956e-18,0.005,0.00036967,3.1758e-08,-1.6944e-216,-1.6944e-216,-1.6944e-216,0.00036967,3.1758e-08,-1.1248e-06
-2.5956e-18,0.005,0.0003642,-2.0365e-08,1.9698e-220,1.9698e-220,1.9698e-220,0.0003642,-2.0365e-08,-1.1066e-06
-2.5956e-18,0.005,0.00036149,-1.0144e-08,-2.2899e-224,-2.2899e-224,-2.2899e-224,0.00036149,-1.0144e-08,-1.0986e-06
-2.5956e-18,0.005,0.00036014,1.3246e-11,2.662e-228,2.662e-228,2.662e-228,0.00036014,1.3246e-11,-1.0948e-06
8.7385e-19,0.005,0.00026972,1.1657e-09,-5.688e-232,-5.688e-232,-5.688e-232,0.00026972,1.1657e-09,-8.1997e-07
8.7385e-19,0.005,0.00031496,1.3919e-08,6.6226e-236,6.6226e-236,6.6226e-236,0.00031496,1.3919e-08,-9.5791e-07
8.7385e-19,0.005,0.00033741,2.5826e-08,-7.7018e-240,-7.7018e-240,-7.7018e-240,0.00033741,2.5826e-08,-1.0265e-06
8.7385e-19,0.005,0.00034855,3.7306e-08,8.9542e-244,8.9542e-244,8.9542e-244,0.00034855,3.7306e-08,-1.0607e-06
8.7385e-19,0.005,0.00035408,-1.4376e-08,-1.041e-247,-1.041e-247,-1.041e-247,0.00035408,-1.4376e-08,-1.076e-06
8.7385e-19,0.005,0.00035682,-3.4573e-09,1.2102e-251,1.2102e-251,1.2102e-251,0.00035682,-3.4573e-09,-1.0846e-06
8.7385e-19,0.005,0.00035818,7.5243e-09,-1.4069e-255,-1.4069e-255,-1.4069e-255,0.00035818,7.5243e-09,-1.0891e-06
8.7385e-19,0.005,0.00026883,8.6277e-09,3.0066e-259,3.0066e-259,3.0066e-259,0.00026883,8.6277e-09,-8.175e-07
8.7385e-19,0.005,0.00031451,2.1361e-08,-3.5007e-263,-3.5007e-263,-3.5007e-263,0.00031451,2.1361e-08,-9.5677e-07
8.7385e-19,0.005,0.00033718,3.3258e-08,4.0712e-267,4.0712e-267,4.0712e-267,0.00033718,3.3258e-08,-1.026e-06
8.7385e-19,0.005,0.00034843,-1.7739e-08,-4.7332e-271,-4.7332e-271,-4.7332e-271,0.00034843,-1.7739e-08,-1.0587e-06
8.7385e-19,0.005,0.00035401,-6.9517e-09,5.5025e-275,5.5025e-275,5.5025e-275,0.00035401,-6.9517e-09,-1.076e-06
8.7385e-19,0.005,0.00035678,3.9655e-09,-6.3967e-279,-6.3967e-279,-6.3967e-279,0.00035678,3.9655e-09,-1.0847e-06
8.7385e-19,0.005,0.00035816,1.4946e-08,7.4362e-283,7.4362e-283,7.4362e-283,0.00035816,1.4946e-08,-1.0892e-06
8.7385e-19,0.005,0.00026881,1.6048e-08,-1.5892e-286,-1.5892e-286,-1.5892e-286,0.00026881,1.6048e-08,-8.1769e-07
8.7385e-19,0.005,0.0003145,2.8781e-08,1.8504e-290,1.8504e-290,1.8504e-290,0.0003145,2.8781e-08,-9.5697e-07
8.7385e-19,0.005,0.00033718,4.0678e-08,-2.1519e-294,-2.1519e-294,-2.1519e-294,0.00033718,4.0678e-08,-1.0263e-06
8.7385e-19,0.005,0.00034843,-1.0318e-08,2.5018e-298,2.5018e-298,2.5018e-298,0.00034843,-1.0318e-08,-1.0589e-06
8.7385e-19,0.005,0.00035401,4.6887e-10,-2.9084e-302,-2.9084e-302,-2.9084e-302,0.00035401,4.6887e-10,-1.0762e-06
8.7385e-19,0.005,0.00035678,1.1386e-08,3.381e-306,3.381e-306,3.381e-306,0.00035678,1.1386e-08,-1.085e-06
8.7385e-19,0.005,0.00035816,2.2368e-08,-3.9305e-310,-3.9305e-310,-3.9305e-310,0.00035816,2.2368e-08,-1.0895e-06
8.7385e-19,0.005,0.00026881,-7.7644e-09,8.3997e-314,8.3997e-314,8.3997e-314,0.00026881,-7.7644e-09,-8.1696e-07
8.7385e-19,0.005,0.0003145,4.9685e-09,-9.7765e-318,-9.7765e-318,-9.7765e-318,0.0003145,4.9685e-09,-9.5624e-07
8.7385e-19,0.005,0.00033718,1.6865e-08,3.5672e-321,3.5672e-321,3.5672e-321,0.00033718,1.6865e-08,-1.0255e-06
8.7385e-19,0.005,0.00034843,2.8339e-08,0,0,0,0.00034843,2.8339e-08,-1.0601e-06
8.7385e-19,0.005,0.00035401,3.9126e-08,0,0,0,0.00035401,3.9126e-08,-1.0774e-06
8.7385e-19,0.005,0.00035678,-1.2428e-08,0,0,0,0.00035678,-1.2428e-08,-1.0842e-06
8.7385e-19,0.005,0.00035816,-1.4471e-09,0,0,0,0.00035816,-1.4471e-09,-1.0887e-06
8.7385e-19,0.005,0.00026881,-3.451e-10,0,0,0,0.00026881,-3.451e-10,-8.1719e-07
8.7385e-19,0.005,0.0003145,1.2388e-08,0,0,0,0.0003145,1.2388e-08,-9.5647e-07
8.7385e-19,0.005,0.00033718,2.4285e-08,0,0,0,0.00033718,2.4285e-08,-1.0258e-06
8.7385e-19,0.005,0.00034843,3.576e-08,0,0,0,0.00034843,3.576e-08,-1.0603e-06
8.7385e-19,0.005,0.00035401,-1.5924e-08,0,0,0,0.00035401,-1.5924e-08,-1.0757e-06
8.7385e-19,0.005,0.00035678,-5.0072e-09,0,0,0,0.00035678,-5.0072e-09,-1.0845e-06
8.7385e-19,0.005,0.00035816,5.9748e-09,0,0,0,0.00035816,5.9748e-09,-1.089e-06
8.7385e-19,0.005,0.00026881,7.0779e-09,0,0,0,0.00026881,7.0779e-09,-8.1741e-07
8.7385e-19,0.005,0.0003145,1.9811e-08,0,0,0,0.0003145,1.9811e-08,-9.5669e-07
8.7385e-19,0.005,0.00033718,3.1708e-08,0,0,0,0.00033718,3.1708e-08,-1.026e-06
8.7385e-19,0.005,0.00034843,-1.9288e-08,0,0,0,0.00034843,-1.9288e-08,-1.0586e-06
8.7385e-19,0.005,0.00035401,-8.5015e-09,0,0,0,0.00035401,-8.5015e-09,-1.0759e-06
8.7385e-19,0.005,0.00035678,2.4149e-09,0,0,0,0.00035678,2.4149e-09,-1.0847e-06
8.7385e-19,0.005,0.00035816,1.3397e-08,0,0,0,0.00035816,1.3397e-08,-1.0892e-06
8.7385e-19,0.005,0.00026881,1.45e-08,0,0,0,0.00026881,1.45e-08,-8.1764e-07
8.7385e-19,0.005,0.0003145,2.7233e-08,0,0,0,0.0003145,2.7233e-08,-9.5692e-07
8.7385e-19,0.005,0.00033718,3.913e-08,0,0,0,0.00033718,3.913e-08,-1.0262e-06
8.7385e-19,0.005,0.00034843,-1.1867e-08,0,0,0,0.00034843,-1.1867e-08,-1.0589e-06
8.7385e-19,0.005,0.00035401,-1.0794e-09,0,0,0,0.00035401,-1.0794e-09,-1.0762e-06
8.7385e-19,0.005,0.00035678,9.8382e-09,0,0,0,0.00035678,9.8382e-09,-1.0849e-06
8.7385e-19,0.005,0.00035816,2.0819e-08,0,0,0,0.00035816,2.0819e-08,-1.0894e-06
8.7385e-19,0.005,0.00026881,-9.3142e-09,0,0,0,0.00026881,-9.3142e-09,-8.1691e-07
8.7385e-19,0.005,0.0003145,3.4187e-09,0,0,0,0.0003145,3.4187e-09,-9.562e-07
8.7385e-19,0.005,0.00033718,1.5316e-08,0,0,0,0.00033718,1.5316e-08,-1.0255e-06
8.7385e-19,0.005,0.00034843,2.6791e-08,0,0,0,0.00034843,2.6791e-08,-1.06e-06
8.7385e-19,0.005,0.00035401,3.7577e-08,0,0,0,0.00035401,3.7577e-08,-1.0773e-06
8.7385e-19,0.005,0.00035678,-1.3978e-08,0,0,0,0.00035678,-1.3978e-08,-1.0842e-06
8.7385e-19,0.005,0.00035816,-2.9964e-09,0,0,0,0.00035816,-2.9964e-09,-1.0887e-06
8.7385e-19,0.005,0.00026881,-1.8937e-09,0,0,0,0.00026881,-1.8937e-09,-8.1714e-07
8.7385e-19,0.005,0.0003145,1.0839e-08,0,0,0,0.0003145,1.0839e-08,-9.5642e-07
8.7385e-19,0.005,0.00033718,2.2736e-08,0,0,0,0.00033718,2.2736e-08,-1.0257e-06
8.7385e-19,0.005,0.00034843,3.4211e-08,0,0,0,0.00034843,3.4211e-08,-1.0603e-06
8.7385e-19,0.005,0.00035401,-1.7473e-08,0,0,0,0.00035401,-1.7473e-08,-1.0757e-06
8.7385e-19,0.005,0.00035678,-6.5555e-09,0,0,0,0.00035678,-6.5555e-09,-1.0844e-06
8.7385e-19,0.005,0.00035816,4.4257e-09,0,0,0,0.00035816,4.4257e-09,-1.0889e-06
8.7385e-19,0.005,0.00026881,5.528e-09,0,0,0,0.00026881,5.528e-09,-8.1737e-07
8.7385e-19,0.005,0.0003145,1.8261e-08,0,0,0,0.0003145,1.8261e-08,-9.5665e-07
8.7385e-19,0.005,0.00033718,3.0158e-08,0,0,0,0.00033718,3.0158e-08,-1.0259e-06
8.7385e-19,0.005,0.00034843,4.1632e-08,0,0,0,0.00034843,4.1632e-08,-1.0605e-06
8.7385e-19,0.005,0.00035401,-1.0052e-08,0,0,0,0.00035401,-1.0052e-08,-1.0759e-06
8.7385e-19,0.005,0.00035678,8.6515e-10,0,0,0,0.00035678,8.6515e-10,-1.0846e-06
8.7385e-19,0.005,0.00035816,1.1846e-08,0,0,0,0.00035816,1.1846e-08,-1.0892e-06
8.7385e-19,0.005,0.00026881,1.2949e-08,0,0,0,0.00026881,1.2949e-08,-8.1759e-07
8.7385e-19,0.005,0.0003145,2.5682e-08,0,0,0,0.0003145,2.5682e-08,-9.5687e-07
8.7385e-19,0.005,0.00033718,3.7579e-08,0,0,0,0.00033718,3.7579e-08,-1.0262e-06
8.7385e-19,0.005,0.00034843,-1.3417e-08,0,0,0,0.00034843,-1.3417e-08,-1.0588e-06
8.7385e-19,0.005,0.00035401,-2.6302e-09,0,0,0,0.00035401,-2.6302e-09,-1.0761e-06
8.7385e-19,0.005,0.00035678,8.2866e-09,0,0,0,0.00035678,8.2866e-09,-1.0849e-06
8.7385e-19,0.005,0.00035816,1.9269e-08,0,0,0,0.00035816,1.9269e-08,-1.0894e-06
8.7385e-19,0.005,0.00026881,-1.0864e-08,0,0,0,0.00026881,-1.0864e-08,-8.1687e-07
8.7385e-19,0.005,0.0003145,1.869e-09,0,0,0,0.0003145,1.869e-09,-9.5615e-07
8.7385e-19,0.005,0.00033718,1.3766e-08,0,0,0,0.00033718,1.3766e-08,-1.0254e-06
8.7385e-19,0.005,0.00034843,2.524e-08,0,0,0,0.00034843,2.524e-08,-1.06e-06
8.7385e-19,0.005,0.00035401,3.6027e-08,0,0,0,0.00035401,3.6027e-08,-1.0773e-06
8.7385e-19,0.005,0.00035678,-1.5527e-08,0,0,0,0.00035678,-1.5527e-08,-1.0841e-06
8.7385e-19,0.005,0.00035816,-4.5462e-09,0,0,0,0.00035816,-4.5462e-09,-1.0887e-06
8.7385e-19,0.005,0.00026881,-3.4428e-09,0,0,0,0.00026881,-3.4428e-09,-8.1709e-07
8.7385e-19,0.005,0.0003145,9.2901e-09,0,0,0,0.0003145,9.2901e-09,-9.5637e-07
8.7385e-19,0.005,0.00033718,2.1187e-08,0,0,0,0.00033718,2.1187e-08,-1.0257e-06
8.7385e-19,0.005,0.00034843,3.2662e-08,0,0,0,0.00034843,3.2662e-08,-1.0602e-06
8.7385e-19,0.005,0.00035401,-1.9022e-08,0,0,0,0.00035401,-1.9022e-08,-1.0756e-06
8.7385e-19,0.005,0.00035678,-8.1053e-09,0,0,0,0.00035678,-8.1053e-09,-1.0844e-06
8.7385e-19,0.005,0.00035816,2.8766e-09,0,0,0,0.00035816,2.8766e-09,-1.0889e-06
8.7385e-19,0.005,0.00026881,3.9796e-09,0,0,0,0.00026881,3.9796e-09,-8.1732e-07
8.7385e-19,0.005,0.0003145,1.6713e-08,0,0,0,0.0003145,1.6713e-08,-9.566e-07
8.7385e-19,0.005,0.00033718,2.861e-08,0,0,0,0.00033718,2.861e-08,-1.0259e-06
8.7385e-19,0.005,0.00034843,4.0085e-08,0,0,0,0.00034843,4.0085e-08,-1.0604e-06
8.7385e-19,0.005,0.00035401,-1.16e-08,0,0,0,0.00035401,-1.16e-08,-1.0758e-06
8.7385e-19,0.005,0.00035678,-6.8366e-10,0,0,0,0.00035678,-6.8366e-10,-1.0846e-06
8.7385e-19,0.005,0.00035816,1.0298e-08,0,0,0,0.00035816,1.0298e-08,-1.0891e-06
8.7385e-19,0.005,0.00026881,1.1401e-08,0,0,0,0.00026881,1.1401e-08,-8.1754e-07
8.7385e-19,0.005,0.0003145,2.4134e-08,0,0,0,0.0003145,2.4134e-08,-9.5683e-07
8.7385e-19,0.005,0.00033718,3.6031e-08,0,0,0,0.00033718,3.6031e-08,-1.0261e-06
8.7385e-19,0.005,0.00034843,-1.4966e-08,0,0,0,0.00034843,-1.4966e-08,-1.0588e-06
8.7385e-19,0.005,0.00035401,-4.1785e-09,0,0,0,0.00035401,-4.1785e-09,-1.0761e-06
8.7385e-19,0.005,0.00035678,6.739e-09,0,0,0,0.00035678,6.739e-09,-1.0848e-06
8.7385e-19,0.005,0.00035816,1.772e-08,0,0,0,0.00035816,1.772e-08,-1.0893e-06
8.7385e-19,0.005,0.00026881,-1.2413e-08,0,0,0,0.00026881,-1.2413e-08,-8.1682e-07
8.7385e-19,0.005,0.0003145,3.1992e-10,0,0,0,0.0003145,3.1992e-10,-9.561e-07
8.7385e-19,0.005,0.00033718,1.2217e-08,0,0,0,0.00033718,1.2217e-08,-1.0254e-06
8.7385e-19,0.005,0.00034843,2.3692e-08,0,0,0,0.00034843,2.3692e-08,-1.0599e-06
8.7385e-19,0.005,0.00035401,3.4478e-08,0,0,0,0.00035401,3.4478e-08,-1.0772e-06
8.7385e-19,0.005,0.00035678,-1.7077e-08,0,0,0,0.00035678,-1.7077e-08,-1.0841e-06
8.7385e-19,0.005,0.00035816,-6.0955e-09,0,0,0,0.00035816,-6.0955e-09,-1.0886e-06
8.7385e-19,0.005,0.00026881,-4.9929e-09,0,0,0,0.00026881,-4.9929e-09,-8.1705e-07
8.7385e-19,0.005,0.0003145,7.7401e-09,0,0,0,0.0003145,7.7401e-09,-9.5633e-07
8.7385e-19,0.005,0.00033718,1.9637e-08,0,0,0,0.00033718,1.9637e-08,-1.0256e-06
8.7385e-19,0.005,0.00034843,3.1111e-08,0,0,0,0.00034843,3.1111e-08,-1.0602e-06
8.7385e-19,0.005,0.00035401,4.1898e-08,0,0,0,0.00035401,4.1898e-08,-1.0775e-06
8.7385e-19,0.005,0.00035678,-9.6557e-09,0,0,0,0.00035678,-9.6557e-09,-1.0843e-06
8.7385e-19,0.005,0.00035816,1.3254e-09,0,0,0,0.00035816,1.3254e-09,-1.0888e-06
8.7385e-19,0.005,0.00026881,2.4276e-09,0,0,0,0.00026881,2.4276e-09,-8.1727e-07
8.7385e-19,0.005,0.0003145,1.516e-08,0,0,0,0.0003145,1.516e-08,-9.5655e-07
8.7385e-19,0.005,0.00033718,2.7057e-08,0,0,0,0.00033718,2.7057e-08,-1.0258e-06
8.7385e-19,0.005,0.00034843,3.8531e-08,0,0,0,0.00034843,3.8531e-08,-1.0604e-06
8.7385e-19,0.005,0.00035401,-1.3153e-08,0,0,0,0.00035401,-1.3153e-08,-1.0758e-06
8.7385e-19,0.005,0.00035678,-2.2359e-09,0,0,0,0.00035678,-2.2359e-09,-1.0845e-06
8.7385e-19,0.005,0.00035816,8.7448e-09,0,0,0,0.00035816,8.7448e-09,-1.0891e-06
8.7385e-19,0.005,0.00026881,9.8482e-09,0,0,0,0.00026881,9.8482e-09,-8.175e-07
8.7385e-19,0.005,0.0003145,2.2581e-08,0,0,0,0.0003145,2.2581e-08,-9.5678e-07
8.7385e-19,0.005,0.00033718,3.4478e-08,0,0,0,0.00033718,3.4478e-08,-1.0261e-06
8.7385e-19,0.005,0.00034843,-1.6518e-08,0,0,0,0.00034843,-1.6518e-08,-1.0587e-06
8.7385e-19,0.005,0.00035401,-5.7313e-09,0,0,0,0.00035401,-5.7313e-09,-1.076e-06
8.7385e-19,0.005,0.00035678,5.1854e-09,0,0,0,0.00035678,5.1854e-09,-1.0848e-06
8.7385e-19,0.005,0.00035816,1.6167e-08,0,0,0,0.00035816,1.6167e-08,-1.0893e-06
8.7385e-19,0.005,0.00026881,-1.3966e-08,0,0,0,0.00026881,-1.3966e-08,-8.1677e-07
8.7385e-19,0.005,0.0003145,-1.2331e-09,0,0,0,0.0003145,-1.2331e-09,-9.5605e-07
8.7385e-19,0.005,0.00033718,1.0664e-08,0,0,0,0.00033718,1.0664e-08,-1.0253e-06
8.7385e-19,0.005,0.00034843,2.2138e-08,0,0,0,0.00034843,2.2138e-08,-1.0599e-06
8.7385e-19,0.005,0.00035401,3.2925e-08,0,0,0,0.00035401,3.2925e-08,-1.0772e-06
8.7385e-19,0.005,0.00035678,-1.8629e-08,0,0,0,0.00035678,-1.8629e-08,-1.084e-06
8.7385e-19,0.005,0.00035816,-7.6483e-09,0,0,0,0.00035816,-7.6483e-09,-1.0886e-06
8.7385e-19,0.005,0.00026881,-6.545e-09,0,0,0,0.00026881,-6.545e-09,-8.17e-07
8.7385e-19,0.005,0.0003145,6.1879e-09,0,0,0,0.0003145,6.1879e-09,-9.5628e-07
8.7385e-19,0.005,0.00033718,1.8085e-08,0,0,0,0.00033718,1.8085e-08,-1.0256e-06
8.7385e-19,0.005,0.00034843,2.956e-08,0,0,0,0.00034843,2.956e-08,-1.0601e-06
8.7385e-19,0.005,0.00035401,4.0347e-08,0,0,0,0.00035401,4.0347e-08,-1.0774e-06
8.7385e-19,0.005,0.00035678,-1.1207e-08,0,0,0,0.00035678,-1.1207e-08,-1.0843e-06
8.7385e-19,0.005,0.00035816,-2.2518e-10,0,0,0,0.00035816,-2.2518e-10,-1.0888e-06
8.7385e-19,0.005,0.00026881,8.7777e-10,0,0,0,0.00026881,8.7777e-10,-8.1722e-07
8.7385e-19,0.005,0.0003145,1.3611e-08,0,0,0,0.0003145,1.3611e-08,-9.5651e-07
8.7385e-19,0.005,0.00033718,2.5508e-08,0,0,0,0.00033718,2.5508e-08,-1.0258e-06
8.7385e-19,0.005,0.00034843,3.6983e-08,0,0,0,0.00034843,3.6983e-08,-1.0604e-06
8.7385e-19,0.005,0.00035401,-1.47e-08,0,0,0,0.00035401,-1.47e-08,-1.0757e-06
8.7385e-19,0.005,0.00035678,-3.7837e-09,0,0,0,0.00035678,-3.7837e-09,-1.0845e-06
8.7385e-19,0.005,0.00035816,7.1977e-09,0,0,0,0.00035816,7.1977e-09,-1.089e-06
8.7385e-19,0.005,0.00026881,8.3003e-09,0,0,0,0.00026881,8.3003e-09,-8.1745e-07
8.7385e-19,0.005,0.0003145,2.1033e-08,0,0,0,0.0003145,2.1033e-08,-9.5673e-07
8.7385e-19,0.005,0.00033718,3.293e-08,0,0,0,0.00033718,3.293e-08,-1.026e-06
8.7385e-19,0.005,0.00034843,-1.8067e-08,0,0,0,0.00034843,-1.8067e-08,-1.0587e-06
8.7385e-19,0.005,0.00035401,-7.2796e-09,0,0,0,0.00035401,-7.2796e-09,-1.076e-06
8.7385e-19,0.005,0.00035678,3.6378e-09,0,0,0,0.00035678,3.6378e-09,-1.0847e-06
8.7385e-19,0.005,0.00035816,1.4619e-08,0,0,0,0.00035816,1.4619e-08,-1.0892e-06
8.7385e-19,0.005,0.00026881,1.5721e-08,0,0,0,0.00026881,1.5721e-08,-8.1768e-07
8.7385e-19,0.005,0.0003145,2.8454e-08,0,0,0,0.0003145,2.8454e-08,-9.5696e-07
8.7385e-19,0.005,0.00033718,4.0351e-08,0,0,0,0.00033718,4.0351e-08,-1.0262e-06
8.7385e-19,0.005,0.00034843,-1.0646e-08,0,0,0,0.00034843,-1.0646e-08,-1.0589e-06
8.7385e-19,0.005,0.00035401,1.4102e-10,0,0,0,0.00035401,1.4102e-10,-1.0762e-06
8.7385e-19,0.005,0.00035678,1.1058e-08,0,0,0,0.00035678,1.1058e-08,-1.085e-06
8.7385e-19,0.005,0.00035816,2.204e-08,0,0,0,0.00035816,2.204e-08,-1.0895e-06
8.7385e-19,0.005,0.00026881,-8.0923e-09,0,0,0,0.00026881,-8.0923e-09,-8.1695e-07
8.7385e-19,0.005,0.0003145,4.6406e-09,0,0,0,0.0003145,4.6406e-09,-9.5623e-07
8.7385e-19,0.005,0.00033718,1.6537e-08,0,0,0,0.00033718,1.6537e-08,-1.0255e-06
8.7385e-19,0.005,0.00034843,2.8011e-08,0,0,0,0.00034843,2.8011e-08,-1.0601e-06
8.7385e-19,0.005,0.00035401,3.8798e-08,0,0,0,0.00035401,3.8798e-08,-1.0774e-06
8.7385e-19,0.005,0.00035678,-1.2756e-08,0,0,0,0.00035678,-1.2756e-08,-1.0842e-06
8.7385e-19,0.005,0.00035816,-1.775e-09,0,0,0,0.00035816,-1.775e-09,-1.0887e-06
8.7385e-19,0.005,0.00026881,-6.7285e-10,0,0,0,0.00026881,-6.7285e-10,-8.1718e-07
8.7385e-19,0.005,0.0003145,1.206e-08,0,0,0,0.0003145,1.206e-08,-9.5646e-07
8.7385e-19,0.005,0.00033718,2.3957e-08,0,0,0,0.00033718,2.3957e-08,-1.0257e-06
8.7385e-19,0.005,0.00034843,3.5431e-08,0,0,0,0.00034843,3.5431e-08,-1.0603e-06
8.7385e-19,0.005,0.00035401,-1.6253e-08,0,0,0,0.00035401,-1.6253e-08,-1.0757e-06
8.7385e-19,0.005,0.00035678,-5.336e-09,0,0,0,0.00035678,-5.336e-09,-1.0845e-06
8.7385e-19,0.005,0.00035816,5.6461e-09,0,0,0,0.00035816,5.6461e-09,-1.089e-06
8.7385e-19,0.005,0.00026881,6.7494e-09,0,0,0,0.00026881,6.7494e-09,-8.174e-07
8.7385e-19,0.005,0.0003145,1.9482e-08,0,0,0,0.0003145,1.9482e-08,-9.5668e-07
8.7385e-19,0.005,0.00033718,3.1379e-08,0,0,0,0.00033718,3.1379e-08,-1.026e-06
8.7385e-19,0.005,0.00034843,-1.9617e-08,0,0,0,0.00034843,-1.9617e-08,-1.0586e-06
8.7385e-19,0.005,0.00035401,-8.8304e-09,0,0,0,0.00035401,-8.8304e-09,-1.0759e-06
8.7385e-19,0.005,0.00035678,2.0862e-09,0,0,0,0.00035678,2.0862e-09,-1.0847e-06
8.7385e-19,0.005,0.00035816,1.3068e-08,0,0,0,0.00035816,1.3068e-08,-1.0892e-06
8.7385e-19,0.005,0.00026881,1.4171e-08,0,0,0,0.00026881,1.4171e-08,-8.1763e-07
8.7385e-19,0.005,0.0003145,2.6904e-08,0,0,0,0.0003145,2.6904e-08,-9.5691e-07
8.7385e-19,0.005,0.00033718,3.8801e-08,0,0,0,0.00033718,3.8801e-08,-1.0262e-06
8.7385e-19,0.005,0.00034843,-1.2195e-08,0,0,0,0.00034843,-1.2195e-08,-1.0589e-06
8.7385e-19,0.005,0.00035401,-1.4073e-09,0,0,0,0.00035401,-1.4073e-09,-1.0762e-06
8.7385e-19,0.005,0.00035678,9.5104e-09,0,0,0,0.00035678,9.5104e-09,-1.0849e-06
8.7385e-19,0.005,0.00035816,2.0492e-08,0,0,0,0.00035816,2.0492e-08,-1.0894e-06
8.7385e-19,0.005,0.00026881,-9.6411e-09,0,0,0,0.00026881,-9.6411e-09,-8.169e-07
8.7385e-19,0.005,0.0003145,3.0918e-09,0,0,0,0.0003145,3.0918e-09,-9.5619e-07
8.7385e-19,0.005,0.00033718,1.4989e-08,0,0,0,0.00033718,1.4989e-08,-1.0255e-06
8.7385e-19,0.005,0.00034843,2.6464e-08,0,0,0,0.00034843,2.6464e-08,-1.06e-06
8.7385e-19,0.005,0.00035401,3.7251e-08,0,0,0,0.00035401,3.7251e-08,-1.0773e-06
8.7385e-19,0.005,0.00035678,-1.4304e-08,0,0,0,0.00035678,-1.4304e-08,-1.0842e-06
8.7385e-19,0.005,0.00035816,-3.3223e-09,0,0,0,0.00035816,-3.3223e-09,-1.0887e-06
8.7385e-19,0.005,0.00026881,-2.2194e-09,0,0,0,0.00026881,-2.2194e-09,-8.1713e-07
8.7385e-19,0.005,0.0003145,1.0514e-08,0,0,0,0.0003145,1.0514e-08,-9.5641e-07
8.7385e-19,0.005,0.00033718,2.2411e-08,0,0,0,0.00033718,2.2411e-08,-1.0257e-06
8.7385e-19,0.005,0.00034843,3.3886e-08,0,0,0,0.00034843,3.3886e-08,-1.0603e-06
8.7385e-19,0.005,0.00035401,-1.7797e-08,0,0,0,0.00035401,-1.7797e-08,-1.0757e-06
8.7385e-19,0.005,0.00035678,-6.8793e-09,0,0,0,0.00035678,-6.8793e-09,-1.0844e-06
8.7385e-19,0.005,0.00035816,4.102e-09,0,0,0,0.00035816,4.102e-09,-1.0889e-06
8.7385e-19,0.005,0.00026881,5.2045e-09,0,0,0,0.00026881,5.2045e-09,-8.1736e-07
8.7385e-19,0.005,0.0003145,1.7937e-08,0,0,0,0.0003145,1.7937e-08,-9.5664e-07
8.7385e-19,0.005,0.00033718,2.9834e-08,0,0,0,0.00033718,2.9834e-08,-1.0259e-06
8.7385e-19,0.005,0.00034843,4.1308e-08,0,0,0,0.00034843,4.1308e-08,-1.0605e-06
8.7385e-19,0.005,0.00035401,-1.0376e-08,0,0,0,0.00035401,-1.0376e-08,-1.0759e-06
8.7385e-19,0.005,0.00035678,5.413e-10,0,0,0,0.00035678,5.413e-10,-1.0846e-06
8.7385e-19,0.005,0.00035816,1.1522e-08,0,0,0,0.00035816,1.1522e-08,-1.0891e-06
8.7385e-19,0.005,0.00026881,1.2624e-08,0,0,0,0.00026881,1.2624e-08,-8.1758e-07
8.7385e-19,0.005,0.0003145,2.5357e-08,0,0,0,0.0003145,2.5357e-08,-9.5686e-07
8.7385e-19,0.005,0.00033718,3.7254e-08,0,0,0,0.00033718,3.7254e-08,-1.0261e-06
8.7385e-19,0.005,0.00034843,-1.3743e-08,0,0,0,0.00034843,-1.3743e-08,-1.0588e-06
8.7385e-19,0.005,0.00035401,-2.9561e-09,0,0,0,0.00035401,-2.9561e-09,-1.0761e-06
8.7385e-19,0.005,0.00035678,7.9608e-09,0,0,0,0.00035678,7.9608e-09,-1.0849e-06
8.7385e-19,0.005,0.00035816,1.8943e-08,0,0,0,0.00035816,1.8943e-08,-1.0894e-06
8.7385e-19,0.005,0.00026881,-1.1189e-08,0,0,0,0.00026881,-1.1189e-08,-8.1686e-07
8.7385e-19,0.005,0.0003145,1.544e-09,0,0,0,0.0003145,1.544e-09,-9.5614e-07
8.7385e-19,0.005,0.00033718,1.3441e-08,0,0,0,0.00033718,1.3441e-08,-1.0254e-06
8.7385e-19,0.005,0.00034843,2.4915e-08,0,0,0,0.00034843,2.4915e-08,-1.06e-06
8.7385e-19,0.005,0.00035401,3.5702e-08,0,0,0,0.00035401,3.5702e-08,-1.0773e-06
8.7385e-19,0.005,0.00035678,-1.5852e-08,0,0,0,0.00035678,-1.5852e-08,-1.0841e-06
8.7385e-19,0.005,0.00035816,-4.8711e-09,0,0,0,0.00035816,-4.8711e-09,-1.0886e-06
8.7385e-19,0.005,0.00026881,-3.769e-09,0,0,0,0.00026881,-3.769e-09,-8.1708e-07
8.7385e-19,0.005,0.0003145,8.9639e-09,0,0,0,0.0003145,8.9639e-09,-9.5636e-07
8.7385e-19,0.005,0.00033718,2.0861e-08,0,0,0,0.00033718,2.0861e-08,-1.0257e-06
8.7385e-19,0.005,0.00034843,3.2336e-08,0,0,0,0.00034843,3.2336e-08,-1.0602e-06
8.7385e-19,0.005,0.00035401,-1.9348e-08,0,0,0,0.00035401,-1.9348e-08,-1.0756e-06
8.7385e-19,0.005,0.00035678,-8.4311e-09,0,0,0,0.00035678,-8.4311e-09,-1.0844e-06
8.7385e-19,0.005,0.00035816,2.551e-09,0,0,0,0.00035816,2.551e-09,-1.0889e-06
8.7385e-19,0.005,0.00026881,3.6542e-09,0,0,0,0.00026881,3.6542e-09,-8.1731e-07
8.7385e-19,0.005,0.0003145,1.6387e-08,0,0,0,0.0003145,1.6387e-08,-9.5659e-07
8.7385e-19,0.005,0.00033718,2.8284e-08,0,0,0,0.00033718,2.8284e-08,-1.0259e-06
8.7385e-19,0.005,0.00034843,3.9759e-08,0,0,0,0.00034843,3.9759e-08,-1.0604e-06
8.7385e-19,0.005,0.00035401,-1.1926e-08,0,0,0,0.00035401,-1.1926e-08,-1.0758e-06
8.7385e-19,0.005,0.00035678,-1.0095e-09,0,0,0,0.00035678,-1.0095e-09,-1.0846e-06
8.7385e-19,0.005,0.00035816,9.9722e-09,0,0,0,0.00035816,9.9722e-09,-1.0891e-06
8.7385e-19,0.005,0.00026881,1.1075e-08,0,0,0,0.00026881,1.1075e-08,-8.1753e-07
8.7385e-19,0.005,0.0003145,2.3808e-08,0,0,0,0.0003145,2.3808e-08,-9.5682e-07
8.7385e-19,0.005,0.00033718,3.5705e-08,0,0,0,0.00033718,3.5705e-08,-1.0261e-06
8.7385e-19,0.005,0.00034843,-1.5291e-08,0,0,0,0.00034843,-1.5291e-08,-1.0588e-06
8.7385e-19,0.005,0.00035401,-4.5033e-09,0,0,0,0.00035401,-4.5033e-09,-1.0761e-06
8.7385e-19,0.005,0.00035678,6.4143e-09,0,0,0,0.00035678,6.4143e-09,-1.0848e-06
8.7385e-19,0.005,0.00035816,1.7396e-08,0,0,0,0.00035816,1.7396e-08,-1.0893e-06
8.7385e-19,0.005,0.00026881,-1.2737e-08,0,0,0,0.00026881,-1.2737e-08,-8.1681e-07
8.7385e-19,0.005,0.0003145,-4.0865e-12,0,0,0,0.0003145,-4.0865e-12,-9.5609e-07
8.7385e-19,0.005,0.00033718,1.1893e-08,0,0,0,0.00033718,1.1893e-08,-1.0254e-06
8.7385e-19,0.005,0.00034843,2.3368e-08,0,0,0,0.00034843,2.3368e-08,-1.0599e-06
8.7385e-19,0.005,0.00035401,3.4155e-08,0,0,0,0.00035401,3.4155e-08,-1.0772e-06
8.7385e-19,0.005,0.00035678,-1.74e-08,0,0,0,0.00035678,-1.74e-08,-1.0841e-06
8.7385e-19,0.005,0.00035816,-6.4184e-09,0,0,0,0.00035816,-6.4184e-09,-1.0886e-06
8.7385e-19,0.005,0.00026881,-5.3156e-09,0,0,0,0.00026881,-5.3156e-09,-8.1704e-07
8.7385e-19,0.005,0.0003145,7.4174e-09,0,0,0,0.0003145,7.4174e-09,-9.5632e-07
8.7385e-19,0.005,0.00033718,1.9314e-08,0,0,0,0.00033718,1.9314e-08,-1.0256e-06
8.7385e-19,0.005,0.00034843,3.0789e-08,0,0,0,0.00034843,3.0789e-08,-1.0602e-06
8.7385e-19,0.005,0.00035401,4.1577e-08,0,0,0,0.00035401,4.1577e-08,-1.0775e-06
8.7385e-19,0.005,0.00035678,-9.9765e-09,0,0,0,0.00035678,-9.9765e-09,-1.0843e-06
8.7385e-19,0.005,0.00035816,1.0047e-09,0,0,0,0.00035816,1.0047e-09,-1.0888e-06
8.7385e-19,0.005,0.00026881,2.1071e-09,0,0,0,0.00026881,2.1071e-09,-8.1726e-07
8.7385e-19,0.005,0.0003145,1.484e-08,0,0,0,0.0003145,1.484e-08,-9.5654e-07
8.7385e-19,0.005,0.00033718,2.6737e-08,0,0,0,0.00033718,2.6737e-08,-1.0258e-06
8.7385e-19,0.005,0.00034843,3.8211e-08,0,0,0,0.00034843,3.8211e-08,-1.0604e-06
8.7385e-19,0.005,0.00035401,-1.3473e-08,0,0,0,0.00035401,-1.3473e-08,-1.0758e-06
8.7385e-19,0.005,0.00035678,-2.5558e-09,0,0,0,0.00035678,-2.5558e-09,-1.0845e-06
8.7385e-19,0.005,0.00035816,8.4251e-09,0,0,0,0.00035816,8.4251e-09,-1.089e-06
8.7385e-19,0.005,0.00026881,9.5271e-09,0,0,0,0.00026881,9.5271e-09,-8.1749e-07
8.7385e-19,0.005,0.0003145,2.226e-08,0,0,0,0.0003145,2.226e-08,-9.5677e-07
8.7385e-19,0.005,0.00033718,3.4157e-08,0,0,0,0.00033718,3.4157e-08,-1.0261e-06
8.7385e-19,0.005,0.00034843,-1.6839e-08,0,0,0,0.00034843,-1.6839e-08,-1.0587e-06
8.7385e-19,0.005,0.00035401,-6.0522e-09,0,0,0,0.00035401,-6.0522e-09,-1.076e-06
8.7385e-19,0.005,0.00035678,4.8646e-09,0,0,0,0.00035678,4.8646e-09,-1.0848e-06
8.7385e-19,0.005,0.00035816,1.5847e-08,0,0,0,0.00035816,1.5847e-08,-1.0893e-06
8.7385e-19,0.005,0.00026881,-1.4285e-08,0,0,0,0.00026881,-1.4285e-08,-8.1676e-07
8.7385e-19,0.005,0.0003145,-1.5521e-09,0,0,0,0.0003145,-1.5521e-09,-9.5604e-07
8.7385e-19,0.005,0.00033718,1.0345e-08,0,0,0,0.00033718,1.0345e-08,-1.0253e-06
8.7385e-19,0.005,0.00034843,2.1819e-08,0,0,0,0.00034843,2.1819e-08,-1.0599e-06
8.7385e-19,0.005,0.00035401,3.2606e-08,0,0,0,0.00035401,3.2606e-08,-1.0772e-06
8.7385e-19,0.005,0.00035678,-1.8948e-08,0,0,0,0.00035678,-1.8948e-08,-1.084e-06
8.7385e-19,0.005,0.00035816,-7.9672e-09,0,0,0,0.00035816,-7.9672e-09,-1.0886e-06
8.7385e-19,0.005,0.00026881,-6.8637e-09,0,0,0,0.00026881,-6.8637e-09,-8.1699e-07
8.7385e-19,0.005,0.0003145,5.8692e-09,0,0,0,0.0003145,5.8692e-09,-9.5627e-07
8.7385e-19,0.005,0.00033718,1.7766e-08,0,0,0,0.00033718,1.7766e-08,-1.0256e-06
8.7385e-19,0.005,0.00034843,2.9241e-08,0,0,0,0.00034843,2.9241e-08,-1.0601e-06
8.7385e-19,0.005,0.00035401,4.0028e-08,0,0,0,0.00035401,4.0028e-08,-1.0774e-06
8.7385e-19,0.005,0.00035678,-1.1526e-08,0,0,0,0.00035678,-1.1526e-08,-1.0843e-06
8.7385e-19,0.005,0.00035816,-5.4404e-10,0,0,0,0.00035816,-5.4404e-10,-1.0888e-06
8.7385e-19,0.005,0.00026881,5.5906e-10,0,0,0,0.00026881,5.5906e-10,-8.1721e-07
8.7385e-19,0.005,0.0003145,1.3292e-08,0,0,0,0.0003145,1.3292e-08,-9.565e-07
8.7385e-19,0.005,0.00033718,2.5189e-08,0,0,0,0.00033718,2.5189e-08,-1.0258e-06
8.7385e-19,0.005,0.00034843,3.6664e-08,0,0,0,0.00034843,3.6664e-08,-1.0603e-06
8.7385e-19,0.005,0.00035401,-1.5021e-08,0,0,0,0.00035401,-1.5021e-08,-1.0757e-06
8.7385e-19,0.005,0.00035678,-4.1046e-09,0,0,0,0.00035678,-4.1046e-09,-1.0845e-06
8.7385e-19,0.005,0.00035816,6.877e-09,0,0,0,0.00035816,6.877e-09,-1.089e-06
8.7385e-19,0.005,0.00026881,7.9797e-09,0,0,0,0.00026881,7.9797e-09,-8.1744e-07
8.7385e-19,0.005,0.0003145,2.0713e-08,0,0,0,0.0003145,2.0713e-08,-9.5672e-07
8.7385e-19,0.005,0.00033718,3.261e-08,0,0,0,0.00033718,3.261e-08,-1.026e-06
8.7385e-19,0.005,0.00034843,-1.8387e-08,0,0,0,0.00034843,-1.8387e-08,-1.0587e-06
8.7385e-19,0.005,0.00035401,-7.5994e-09,0,0,0,0.00035401,-7.5994e-09,-1.076e-06
8.7385e-19,0.005,0.00035678,3.3181e-09,0,0,0,0.00035678,3.3181e-09,-1.0847e-06
8.7385e-19,0.005,0.00035816,1.4299e-08,0,0,0,0.00035816,1.4299e-08,-1.0892e-06
8.7385e-19,0.005,0.00026881,1.5401e-08,0,0,0,0.00026881,1.5401e-08,-8.1767e-07
8.7385e-19,0.005,0.0003145,2.8134e-08,0,0,0,0.0003145,2.8134e-08,-9.5695e-07
8.7385e-19,0.005,0.00033718,4.0031e-08,0,0,0,0.00033718,4.0031e-08,-1.0262e-06
8.7385e-19,0.005,0.00034843,-1.0966e-08,0,0,0,0.00034843,-1.0966e-08,-1.0589e-06
8.7385e-19,0.005,0.00035401,-1.7883e-10,0,0,0,0.00035401,-1.7883e-10,-1.0762e-06
8.7385e-19,0.005,0.00035678,1.0738e-08,0,0,0,0.00035678,1.0738e-08,-1.0849e-06
8.7385e-19,0.005,0.00035816,2.1719e-08,0,0,0,0.00035816,2.1719e-08,-1.0895e-06
8.7385e-19,0.005,0.00026881,-8.4131e-09,0,0,0,0.00026881,-8.4131e-09,-8.1694e-07
8.7385e-19,0.005,0.0003145,4.3198e-09,0,0,0,0.0003145,4.3198e-09,-9.5622e-07
8.7385e-19,0.005,0.00033718,1.6217e-08,0,0,0,0.00033718,1.6217e-08,-1.0255e-06
8.7385e-19,0.005,0.00034843,2.7692e-08,0,0,0,0.00034843,2.7692e-08,-1.0601e-06
8.7385e-19,0.005,0.00035401,3.848e-08,0,0,0,0.00035401,3.848e-08,-1.0774e-06
8.7385e-19,0.005,0.00035678,-1.3074e-08,0,0,0,0.00035678,-1.3074e-08,-1.0842e-06
8.7385e-19,0.005,0.00035816,-2.0928e-09,0,0,0,0.00035816,-2.0928e-09,-1.0887e-06
8.7385e-19,0.005,0.00026881,-9.905e-10,0,0,0,0.00026881,-9.905e-10,-8.1717e-07
8.7385e-19,0.005,0.0003145,1.1742e-08,0,0,0,0.0003145,1.1742e-08,-9.5645e-07
8.7385e-19,0.005,0.00033718,2.3639e-08,0,0,0,0.00033718,2.3639e-08,-1.0257e-06
8.7385e-19,0.005,0.00034843,3.5113e-08,0,0,0,0.00034843,3.5113e-08,-1.0603e-06
8.7385e-19,0.005,0.00035401,-1.6571e-08,0,0,0,0.00035401,-1.6571e-08,-1.0757e-06
8.7385e-19,0.005,0.00035678,-5.6539e-09,0,0,0,0.00035678,-5.6539e-09,-1.0844e-06
8.7385e-19,0.005,0.00035816,5.3269e-09,0,0,0,0.00035816,5.3269e-09,-1.089e-06
8.7385e-19,0.005,0.00026881,6.4303e-09,0,0,0,0.00026881,6.4303e-09,-8.1739e-07
8.7385e-19,0.005,0.0003145,1.9163e-08,0,0,0,0.0003145,1.9163e-08,-9.5667e-07
8.7385e-19,0.005,0.00033718,3.106e-08,0,0,0,0.00033718,3.106e-08,-1.026e-06
8.7385e-19,0.005,0.00034843,4.2535e-08,0,0,0,0.00034843,4.2535e-08,-1.0605e-06
8.7385e-19,0.005,0.00035401,-9.1494e-09,0,0,0,0.00035401,-9.1494e-09,-1.0759e-06
8.7385e-19,0.005,0.00035678,1.7673e-09,0,0,0,0.00035678,1.7673e-09,-1.0847e-06
8.7385e-19,0.005,0.00035816,1.2749e-08,0,0,0,0.00035816,1.2749e-08,-1.0892e-06
8.7385e-19,0.005,0.00026881,1.3852e-08,0,0,0,0.00026881,1.3852e-08,-8.1762e-07
8.7385e-19,0.005,0.0003145,2.6585e-08,0,0,0,0.0003145,2.6585e-08,-9.569e-07
8.7385e-19,0.005,0.00033718,3.8482e-08,0,0,0,0.00033718,3.8482e-08,-1.0262e-06
8.7385e-19,0.005,0.00034843,-1.2514e-08,0,0,0,0.00034843,-1.2514e-08,-1.0588e-06
8.7385e-19,0.005,0.00035401,-1.7276e-09,0,0,0,0.00035401,-1.7276e-09,-1.0761e-06
8.7385e-19,0.005,0.00035678,9.1887e-09,0,0,0,0.00035678,9.1887e-09,-1.0849e-06
8.7385e-19,0.005,0.00035816,2.017e-08,0,0,0,0.00035816,2.017e-08,-1.0894e-06
8.7385e-19,0.005,0.00026881,-9.9629e-09,0,0,0,0.00026881,-9.9629e-09,-8.1689e-07
8.7385e-19,0.005,0.0003145,2.7699e-09,0,0,0,0.0003145,2.7699e-09,-9.5618e-07
8.7385e-19,0.005,0.00033718,1.4667e-08,0,0,0,0.00033718,1.4667e-08,-1.0255e-06
8.7385e-19,0.005,0.00034843,2.6142e-08,0,0,0,0.00034843,2.6142e-08,-1.06e-06
8.7385e-19,0.005,0.00035401,3.6929e-08,0,0,0,0.00035401,3.6929e-08,-1.0773e-06
8.7385e-19,0.005,0.00035678,-1.4625e-08,0,0,0,0.00035678,-1.4625e-08,-1.0842e-06
8.7385e-19,0.005,0.00035816,-3.6431e-09,0,0,0,0.00035816,-3.6431e-09,-1.0887e-06
8.7385e-19,0.005,0.00026881,-2.5401e-09,0,0,0,0.00026881,-2.5401e-09,-8.1712e-07
8.7385e-19,0.005,0.0003145,1.0193e-08,0,0,0,0.0003145,1.0193e-08,-9.564e-07
8.7385e-19,0.005,0.00033718,2.209e-08,0,0,0,0.00033718,2.209e-08,-1.0257e-06
8.7385e-19,0.005,0.00034843,3.3565e-08,0,0,0,0.00034843,3.3565e-08,-1.0602e-06
8.7385e-19,0.005,0.00035401,-1.812e-08,0,0,0,0.00035401,-1.812e-08,-1.0756e-06
8.7385e-19,0.005,0.00035678,-7.2037e-09,0,0,0,0.00035678,-7.2037e-09,-1.0844e-06
8.7385e-19,0.005,0.00035816,3.7778e-09,0,0,0,0.00035816,3.7778e-09,-1.0889e-06
8.7385e-19,0.005,0.00026881,4.8804e-09,0,0,0,0.00026881,4.8804e-09,-8.1735e-07
8.7385e-19,0.005,0.0003145,1.7613e-08,0,0,0,0.0003145,1.7613e-08,-9.5663e-07
8.7385e-19,0.005,0.00033718,2.951e-08,0,0,0,0.00033718,2.951e-08,-1.0259e-06
8.7385e-19,0.005,0.00034843,4.0984e-08,0,0,0,0.00034843,4.0984e-08,-1.0605e-06
8.7385e-19,0.005,0.00035401,-1.07e-08,0,0,0,0.00035401,-1.07e-08,-1.0759e-06
8.7385e-19,0.005,0.00035678,2.1744e-10,0,0,0,0.00035678,2.1744e-10,-1.0846e-06
8.7385e-19,0.005,0.00035816,1.1199e-08,0,0,0,0.00035816,1.1199e-08,-1.0891e-06
8.7385e-19,0.005,0.00026881,1.2301e-08,0,0,0,0.00026881,1.2301e-08,-8.1757e-07
8.7385e-19,0.005,0.0003145,2.5034e-08,0,0,0,0.0003145,2.5034e-08,-9.5685e-07
8.7385e-19,0.005,0.00033718,3.6931e-08,0,0,0,0.00033718,3.6931e-08,-1.0261e-06
8.7385e-19,0.005,0.00034843,-1.4066e-08,0,0,0,0.00034843,-1.4066e-08,-1.0588e-06
8.7385e-19,0.005,0.00035401,-3.2789e-09,0,0,0,0.00035401,-3.2789e-09,-1.0761e-06
8.7385e-19,0.005,0.00035678,7.6382e-09,0,0,0,0.00035678,7.6382e-09,-1.0848e-06
8.7385e-19,0.005,0.00035816,1.8619e-08,0,0,0,0.00035816,1.8619e-08,-1.0894e-06
8.7385e-19,0.005,0.00026881,-1.1513e-08,0,0,0,0.00026881,-1.1513e-08,-8.1685e-07
8.7385e-19,0.005,0.0003145,1.22e-09,0,0,0,0.0003145,1.22e-09,-9.5613e-07
8.7385e-19,0.005,0.00033718,1.3117e-08,0,0,0,0.00033718,1.3117e-08,-1.0254e-06
8.7385e-19,0.005,0.00034843,2.4591e-08,0,0,0,0.00034843,2.4591e-08,-1.06e-06
8.7385e-19,0.005,0.00035401,3.5378e-08,0,0,0,0.00035401,3.5378e-08,-1.0773e-06
8.7385e-19,0.005,0.00035678,-1.6176e-08,0,0,0,0.00035678,-1.6176e-08,-1.0841e-06
8.7385e-19,0.005,0.00035816,-5.1949e-09,0,0,0,0.00035816,-5.1949e-09,-1.0886e-06
8.7385e-19,0.005,0.00026881,-4.0927e-09,0,0,0,0.00026881,-4.0927e-09,-8.1707e-07
8.7385e-19,0.005,0.0003145,8.6402e-09,0,0,0,0.0003145,8.6402e-09,-9.5635e-07
8.7385e-19,0.005,0.00033718,2.0537e-08,0,0,0,0.00033718,2.0537e-08,-1.0256e-06
8.7385e-19,0.005,0.00034843,3.2011e-08,0,0,0,0.00034843,3.2011e-08,-1.0602e-06
8.7385e-19,0.005,0.00035401,-1.9673e-08,0,0,0,0.00035401,-1.9673e-08,-1.0756e-06
8.7385e-19,0.005,0.00035678,-8.756e-09,0,0,0,0.00035678,-8.756e-09,-1.0843e-06
8.7385e-19,0.005,0.00035816,2.2247e-09,0,0,0,0.00035816,2.2247e-09,-1.0889e-06
8.7385e-19,0.005,0.00026881,3.328e-09,0,0,0,0.00026881,3.328e-09,-8.173e-07
8.7385e-19,0.005,0.0003145,1.6061e-08,0,0,0,0.0003145,1.6061e-08,-9.5658e-07
8.7385e-19,0.005,0.00033718,2.7958e-08,0,0,0,0.00033718,2.7958e-08,-1.0259e-06
8.7385e-19,0.005,0.00034843,3.9433e-08,0,0,0,0.00034843,3.9433e-08,-1.0604e-06
8.7385e-19,0.005,0.00035401,-1.2251e-08,0,0,0,0.00035401,-1.2251e-08,-1.0758e-06
8.7385e-19,0.005,0.00035678,-1.3344e-09,0,0,0,0.00035678,-1.3344e-09,-1.0846e-06
8.7385e-19,0.005,0.00035816,9.6474e-09,0,0,0,0.00035816,9.6474e-09,-1.0891e-06
8.7385e-19,0.005,0.00026881,1.075e-08,0,0,0,0.00026881,1.075e-08,-8.1752e-07
8.7385e-19,0.005,0.0003145,2.3483e-08,0,0,0,0.0003145,2.3483e-08,-9.5681e-07
8.7385e-19,0.005,0.00033718,3.538e-08,0,0,0,0.00033718,3.538e-08,-1.0261e-06
8.7385e-19,0.005,0.00034843,-1.5616e-08,0,0,0,0.00034843,-1.5616e-08,-1.0588e-06
8.7385e-19,0.005,0.00035401,-4.8282e-09,0,0,0,0.00035401,-4.8282e-09,-1.076e-06
8.7385e-19,0.005,0.00035678,6.0881e-09,0,0,0,0.00035678,6.0881e-09,-1.0848e-06
8.7385e-19,0.005,0.00035816,1.707e-08,0,0,0,0.00035816,1.707e-08,-1.0893e-06
8.7385e-19,0.005,0.00026881,-1.3063e-08,0,0,0,0.00026881,-1.3063e-08,-8.168e-07
8.7385e-19,0.005,0.0003145,-3.3009e-10,0,0,0,0.0003145,-3.3009e-10,-9.5608e-07
8.7385e-19,0.005,0.00033718,1.1567e-08,0,0,0,0.00033718,1.1567e-08,-1.0254e-06
8.7385e-19,0.005,0.00034843,2.3042e-08,0,0,0,0.00034843,2.3042e-08,-1.0599e-06
8.7385e-19,0.005,0.00035401,3.3829e-08,0,0,0,0.00035401,3.3829e-08,-1.0772e-06
8.7385e-19,0.005,0.00035678,-1.7726e-08,0,0,0,0.00035678,-1.7726e-08,-1.0841e-06
8.7385e-19,0.005,0.00035816,-6.7442e-09,0,0,0,0.00035816,-6.7442e-09,-1.0886e-06
8.7385e-19,0.005,0.00026881,-5.6413e-09,0,0,0,0.00026881,-5.6413e-09,-8.1703e-07
8.7385e-19,0.005,0.0003145,7.0917e-09,0,0,0,0.0003145,7.0917e-09,-9.5631e-07
8.7385e-19,0.005,0.00033718,1.8989e-08,0,0,0,0.00033718,1.8989e-08,-1.0256e-06
8.7385e-19,0.005,0.00034843,3.0464e-08,0,0,0,0.00034843,3.0464e-08,-1.0602e-06
8.7385e-19,0.005,0.00035401,4.1252e-08,0,0,0,0.00035401,4.1252e-08,-1.0775e-06
8.7385e-19,0.005,0.00035678,-1.0301e-08,0,0,0,0.00035678,-1.0301e-08,-1.0843e-06
8.7385e-19,0.005,0.00035816,6.804e-10,0,0,0,0.00035816,6.804e-10,-1.0888e-06
8.7385e-19,0.005,0.00026881,1.7829e-09,0,0,0,0.00026881,1.7829e-09,-8.1725e-07
8.7385e-19,0.005,0.0003145,1.4516e-08,0,0,0,0.0003145,1.4516e-08,-9.5653e-07
8.7385e-19,0.005,0.00033718,2.6413e-08,0,0,0,0.00033718,2.6413e-08,-1.0258e-06
8.7385e-19,0.005,0.00034843,3.7887e-08,0,0,0,0.00034843,3.7887e-08,-1.0604e-06
8.7385e-19,0.005,0.00035401,-1.3797e-08,0,0,0,0.00035401,-1.3797e-08,-1.0758e-06
8.7385e-19,0.005,0.00035678,-2.8796e-09,0,0,0,0.00035678,-2.8796e-09,-1.0845e-06
8.7385e-19,0.005,0.00035816,8.1014e-09,0,0,0,0.00035816,8.1014e-09,-1.089e-06
8.7385e-19,0.005,0.00026881,9.2035e-09,0,0,0,0.00026881,9.2035e-09,-8.1748e-07
8.7385e-19,0.005,0.0003145,2.1936e-08,0,0,0,0.0003145,2.1936e-08,-9.5676e-07
8.7385e-19,0.005,0.00033718,3.3833e-08,0,0,0,0.00033718,3.3833e-08,-1.026e-06
8.7385e-19,0.005,0.00034843,-1.7164e-08,0,0,0,0.00034843,-1.7164e-08,-1.0587e-06
8.7385e-19,0.005,0.00035401,-6.377e-09,0,0,0,0.00035401,-6.377e-09,-1.076e-06
8.7385e-19,0.005,0.00035678,4.54e-09,0,0,0,0.00035678,4.54e-09,-1.0848e-06
8.7385e-19,0.005,0.00035816,1.5522e-08,0,0,0,0.00035816,1.5522e-08,-1.0893e-06
8.7385e-19,0.005,0.00026881,1.6625e-08,0,0,0,0.00026881,1.6625e-08,-8.177e-07
8.7385e-19,0.005,0.0003145,2.9358e-08,0,0,0,0.0003145,2.9358e-08,-9.5698e-07
8.7385e-19,0.005,0.00033718,4.1255e-08,0,0,0,0.00033718,4.1255e-08,-1.0263e-06
8.7385e-19,0.005,0.00034843,-9.741e-09,0,0,0,0.00034843,-9.741e-09,-1.0589e-06
8.7385e-19,0.005,0.00035401,1.0456e-09,0,0,0,0.00035401,1.0456e-09,-1.0762e-06
8.7385e-19,0.005,0.00035678,1.1962e-08,0,0,0,0.00035678,1.1962e-08,-1.085e-06
8.7385e-19,0.005,0.00035816,2.2944e-08,0,0,0,0.00035816,2.2944e-08,-1.0895e-06
8.7385e-19,0.005,0.00026881,-7.1887e-09,0,0,0,0.00026881,-7.1887e-09,-8.1698e-07
8.7385e-19,0.005,0.0003145,5.5442e-09,0,0,0,0.0003145,5.5442e-09,-9.5626e-07
8.7385e-19,0.005,0.00033718,1.7441e-08,0,0,0,0.00033718,1.7441e-08,-1.0255e-06
8.7385e-19,0.005,0.00034843,2.8915e-08,0,0,0,0.00034843,2.8915e-08,-1.0601e-06
8.7385e-19,0.005,0.00035401,3.9702e-08,0,0,0,0.00035401,3.9702e-08,-1.0774e-06
8.7385e-19,0.005,0.00035678,-1.1852e-08,0,0,0,0.00035678,-1.1852e-08,-1.0843e-06
8.7385e-19,0.005,0.00035816,-8.6989e-10,0,0,0,0.00035816,-8.6989e-10,-1.0888e-06
8.7385e-19,0.005,0.00026881,2.3336e-10,0,0,0,0.00026881,2.3336e-10,-8.172e-07
8.7385e-19,0.005,0.0003145,1.2966e-08,0,0,0,0.0003145,1.2966e-08,-9.5649e-07
8.7385e-19,0.005,0.00033718,2.4863e-08,0,0,0,0.00033718,2.4863e-08,-1.0258e-06
8.7385e-19,0.005,0.00034843,3.6338e-08,0,0,0,0.00034843,3.6338e-08,-1.0603e-06
8.7385e-19,0.005,0.00035401,-1.5347e-08,0,0,0,0.00035401,-1.5347e-08,-1.0757e-06
8.7385e-19,0.005,0.00035678,-4.4304e-09,0,0,0,0.00035678,-4.4304e-09,-1.0845e-06
8.7385e-19,0.005,0.00035816,6.5513e-09,0,0,0,0.00035816,6.5513e-09,-1.089e-06
8.7385e-19,0.005,0.00026881,7.6542e-09,0,0,0,0.00026881,7.6542e-09,-8.1743e-07
8.7385e-19,0.005,0.0003145,2.0387e-08,0,0,0,0.0003145,2.0387e-08,-9.5671e-07
8.7385e-19,0.005,0.00033718,3.2284e-08,0,0,0,0.00033718,3.2284e-08,-1.026e-06
8.7385e-19,0.005,0.00034843,-1.8712e-08,0,0,0,0.00034843,-1.8712e-08,-1.0587e-06
8.7385e-19,0.005,0.00035401,-7.9243e-09,0,0,0,0.00035401,-7.9243e-09,-1.076e-06
8.7385e-19,0.005,0.00035678,2.9934e-09,0,0,0,0.00035678,2.9934e-09,-1.0847e-06
8.7385e-19,0.005,0.00035816,1.3975e-08,0,0,0,0.00035816,1.3975e-08,-1.0892e-06
8.7385e-19,0.005,0.00026881,1.5077e-08,0,0,0,0.00026881,1.5077e-08,-8.1766e-07
8.7385e-19,0.005,0.0003145,2.781e-08,0,0,0,0.0003145,2.781e-08,-9.5694e-07
8.7385e-19,0.005,0.00033718,3.9707e-08,0,0,0,0.00033718,3.9707e-08,-1.0262e-06
8.7385e-19,0.005,0.00034843,-1.129e-08,0,0,0,0.00034843,-1.129e-08,-1.0589e-06
8.7385e-19,0.005,0.00035401,-5.0268e-10,0,0,0,0.00035401,-5.0268e-10,-1.0762e-06
8.7385e-19,0.005,0.00035678,1.0415e-08,0,0,0,0.00035678,1.0415e-08,-1.0849e-06
8.7385e-19,0.005,0.00035816,2.1396e-08,0,0,0,0.00035816,2.1396e-08,-1.0894e-06
8.7385e-19,0.005,0.00026881,-8.7375e-09,0,0,0,0.00026881,-8.7375e-09,-8.1693e-07
8.7385e-19,0.005,0.0003145,3.9954e-09,0,0,0,0.0003145,3.9954e-09,-9.5621e-07
8.7385e-19,0.005,0.00033718,1.5892e-08,0,0,0,0.00033718,1.5892e-08,-1.0255e-06
8.7385e-19,0.005,0.00034843,2.7367e-08,0,0,0,0.00034843,2.7367e-08,-1.0601e-06
8.7385e-19,0.005,0.00035401,3.8155e-08,0,0,0,0.00035401,3.8155e-08,-1.0774e-06
8.7385e-19,0.005,0.00035678,-1.3398e-08,0,0,0,0.00035678,-1.3398e-08,-1.0842e-06
8.7385e-19,0.005,0.00035816,-2.4167e-09,0,0,0,0.00035816,-2.4167e-09,-1.0887e-06
8.7385e-19,0.005,0.00026881,-1.3143e-09,0,0,0,0.00026881,-1.3143e-09,-8.1716e-07
8.7385e-19,0.005,0.0003145,1.1419e-08,0,0,0,0.0003145,1.1419e-08,-9.5644e-07
8.7385e-19,0.005,0.00033718,2.3316e-08,0,0,0,0.00033718,2.3316e-08,-1.0257e-06
8.7385e-19,0.005,0.00034843,3.479e-08,0,0,0,0.00034843,3.479e-08,-1.0603e-06
8.7385e-19,0.005,0.00035401,-1.6894e-08,0,0,0,0.00035401,-1.6894e-08,-1.0757e-06
8.7385e-19,0.005,0.00035678,-5.9767e-09,0,0,0,0.00035678,-5.9767e-09,-1.0844e-06
8.7385e-19,0.005,0.00035816,5.0042e-09,0,0,0,0.00035816,5.0042e-09,-1.0889e-06
8.7385e-19,0.005,0.00026881,6.1063e-09,0,0,0,0.00026881,6.1063e-09,-8.1738e-07
8.7385e-19,0.005,0.0003145,1.8839e-08,0,0,0,0.0003145,1.8839e-08,-9.5666e-07
8.7385e-19,0.005,0.00033718,3.0736e-08,0,0,0,0.00033718,3.0736e-08,-1.026e-06
8.7385e-19,0.005,0.00034843,4.2211e-08,0,0,0,0.00034843,4.2211e-08,-1.0605e-06
8.7385e-19,0.005,0.00035401,-9.4732e-09,0,0,0,0.00035401,-9.4732e-09,-1.0759e-06
8.7385e-19,0.005,0.00035678,1.4437e-09,0,0,0,0.00035678,1.4437e-09,-1.0847e-06
8.7385e-19,0.005,0.00035816,1.2426e-08,0,0,0,0.00035816,1.2426e-08,-1.0892e-06
8.7385e-19,0.005,0.00026881,1.3529e-08,0,0,0,0.00026881,1.3529e-08,-8.1761e-07
8.7385e-19,0.005,0.0003145,2.6262e-08,0,0,0,0.0003145,2.6262e-08,-9.5689e-07
8.7385e-19,0.005,0.00033718,3.8159e-08,0,0,0,0.00033718,3.8159e-08,-1.0262e-06
8.7385e-19,0.005,0.00034843,-1.2837e-08,0,0,0,0.00034843,-1.2837e-08,-1.0588e-06
8.7385e-19,0.005,0.00035401,-2.0505e-09,0,0,0,0.00035401,-2.0505e-09,-1.0761e-06
8.7385e-19,0.005,0.00035678,8.866e-09,0,0,0,0.00035678,8.866e-09,-1.0849e-06
8.7385e-19,0.005,0.00035816,1.9848e-08,0,0,0,0.00035816,1.9848e-08,-1.0894e-06
8.7385e-19,0.005,0.00026881,-1.0285e-08,0,0,0,0.00026881,-1.0285e-08,-8.1688e-07
8.7385e-19,0.005,0.0003145,2.4478e-09,0,0,0,0.0003145,2.4478e-09,-9.5617e-07
8.7385e-19,0.005,0.00033718,1.4345e-08,0,0,0,0.00033718,1.4345e-08,-1.0255e-06
8.7385e-19,0.005,0.00034843,2.582e-08,0,0,0,0.00034843,2.582e-08,-1.06e-06
8.7385e-19,0.005,0.00035401,3.6607e-08,0,0,0,0.00035401,3.6607e-08,-1.0773e-06
8.7385e-19,0.005,0.00035678,-1.4947e-08,0,0,0,0.00035678,-1.4947e-08,-1.0842e-06
8.7385e-19,0.005,0.00035816,-3.965e-09,0,0,0,0.00035816,-3.965e-09,-1.0887e-06
8.7385e-19,0.005,0.00026881,-2.8618e-09,0,0,0,0.00026881,-2.8618e-09,-8.1711e-07
8.7385e-19,0.005,0.0003145,9.8711e-09,0,0,0,0.0003145,9.8711e-09,-9.5639e-07
8.7385e-19,0.005,0.00033718,2.1768e-08,0,0,0,0.00033718,2.1768e-08,-1.0257e-06
8.7385e-19,0.005,0.00034843,3.3243e-08,0,0,0,0.00034843,3.3243e-08,-1.0602e-06
8.7385e-19,0.005,0.00035401,-1.8442e-08,0,0,0,0.00035401,-1.8442e-08,-1.0756e-06
8.7385e-19,0.005,0.00035678,-7.5255e-09,0,0,0,0.00035678,-7.5255e-09,-1.0844e-06
8.7385e-19,0.005,0.00035816,3.4561e-09,0,0,0,0.00035816,3.4561e-09,-1.0889e-06
8.7385e-19,0.005,0.00026881,4.5589e-09,0,0,0,0.00026881,4.5589e-09,-8.1734e-07
8.7385e-19,0.005,0.0003145,1.7292e-08,0,0,0,0.0003145,1.7292e-08,-9.5662e-07
8.7385e-19,0.005,0.00033718,2.9189e-08,0,0,0,0.00033718,2.9189e-08,-1.0259e-06
8.7385e-19,0.005,0.00034843,4.0664e-08,0,0,0,0.00034843,4.0664e-08,-1.0605e-06
8.7385e-19,0.005,0.00035401,-1.1019e-08,0,0,0,0.00035401,-1.1019e-08,-1.0759e-06
8.7385e-19,0.005,0.00035678,-1.0141e-10,0,0,0,0.00035678,-1.0141e-10,-1.0846e-06
8.7385e-19,0.005,0.00035816,1.088e-08,0,0,0,0.00035816,1.088e-08,-1.0891e-06
8.7385e-19,0.005,0.00026881,1.1982e-08,0,0,0,0.00026881,1.1982e-08,-8.1756e-07
8.7385e-19,0.005,0.0003145,2.4715e-08,0,0,0,0.0003145,2.4715e-08,-9.5684e-07
8.7385e-19,0.005,0.00033718,3.6612e-08,0,0,0,0.00033718,3.6612e-08,-1.0261e-06
8.7385e-19,0.005,0.00034843,-1.4385e-08,0,0,0,0.00034843,-1.4385e-08,-1.0588e-06
8.7385e-19,0.005,0.00035401,-3.5978e-09,0,0,0,0.00035401,-3.5978e-09,-1.0761e-06
8.7385e-19,0.005,0.00035678,7.3194e-09,0,0,0,0.00035678,7.3194e-09,-1.0848e-06
8.7385e-19,0.005,0.00035816,1.83e-08,0,0,0,0.00035816,1.83e-08,-1.0893e-06
8.7385e-19,0.005,0.00026881,-1.1834e-08,0,0,0,0.00026881,-1.1834e-08,-8.1684e-07
8.7385e-19,0.005,0.0003145,8.9895e-10,0,0,0,0.0003145,8.9895e-10,-9.5612e-07
8.7385e-19,0.005,0.00033718,1.2796e-08,0,0,0,0.00033718,1.2796e-08,-1.0254e-06
8.7385e-19,0.005,0.00034843,2.4271e-08,0,0,0,0.00034843,2.4271e-08,-1.06e-06
8.7385e-19,0.005,0.00035401,3.5059e-08,0,0,0,0.00035401,3.5059e-08,-1.0773e-06
8.7385e-19,0.005,0.00035678,-1.6495e-08,0,0,0,0.00035678,-1.6495e-08,-1.0841e-06
8.7385e-19,0.005,0.00035816,-5.5138e-09,0,0,0,0.00035816,-5.5138e-09,-1.0886e-06
8.7385e-19,0.005,0.00026881,-4.4114e-09,0,0,0,0.00026881,-4.4114e-09,-8.1706e-07
8.7385e-19,0.005,0.0003145,8.3215e-09,0,0,0,0.0003145,8.3215e-09,-9.5635e-07
8.7385e-19,0.005,0.00033718,2.0218e-08,0,0,0,0.00033718,2.0218e-08,-1.0256e-06
8.7385e-19,0.005,0.00034843,3.1692e-08,0,0,0,0.00034843,3.1692e-08,-1.0602e-06
8.7385e-19,0.005,0.00035401,-1.9992e-08,0,0,0,0.00035401,-1.9992e-08,-1.0756e-06
8.7385e-19,0.005,0.00035678,-9.0748e-09,0,0,0,0.00035678,-9.0748e-09,-1.0843e-06
8.7385e-19,0.005,0.00035816,1.906e-09,0,0,0,0.00035816,1.906e-09,-1.0889e-06
8.7385e-19,0.005,0.00026881,3.0095e-09,0,0,0,0.00026881,3.0095e-09,-8.1729e-07
8.7385e-19,0.005,0.0003145,1.5742e-08,0,0,0,0.0003145,1.5742e-08,-9.5657e-07
8.7385e-19,0.005,0.00033718,2.7639e-08,0,0,0,0.00033718,2.7639e-08,-1.0259e-06
8.7385e-19,0.005,0.00034843,3.9114e-08,0,0,0,0.00034843,3.9114e-08,-1.0604e-06
8.7385e-19,0.005,0.00035401,-1.257e-08,0,0,0,0.00035401,-1.257e-08,-1.0758e-06
8.7385e-19,0.005,0.00035678,-1.6532e-09,0,0,0,0.00035678,-1.6532e-09,-1.0846e-06
8.7385e-19,0.005,0.00035816,9.3288e-09,0,0,0,0.00035816,9.3288e-09,-1.0891e-06
8.7385e-19,0.005,0.00026881,1.0432e-08,0,0,0,0.00026881,1.0432e-08,-8.1751e-07
8.7385e-19,0.005,0.0003145,2.3165e-08,0,0,0,0.0003145,2.3165e-08,-9.568e-07
8.7385e-19,0.005,0.00033718,3.5062e-08,0,0,0,0.00033718,3.5062e-08,-1.0261e-06
8.7385e-19,0.005,0.00034843,-1.5934e-08,0,0,0,0.00034843,-1.5934e-08,-1.0587e-06
8.7385e-19,0.005,0.00035401,-5.1476e-09,0,0,0,0.00035401,-5.1476e-09,-1.076e-06
8.7385e-19,0.005,0.00035678,5.7688e-09,0,0,0,0.00035678,5.7688e-09,-1.0848e-06
8.7385e-19,0.005,0.00035816,1.675e-08,0,0,0,0.00035816,1.675e-08,-1.0893e-06
8.7385e-19,0.005,0.00026881,-1.3383e-08,0,0,0,0.00026881,-1.3383e-08,-8.1679e-07
8.7385e-19,0.005,0.0003145,-6.5009e-10,0,0,0,0.0003145,-6.5009e-10,-9.5607e-07
8.7385e-19,0.005,0.00033718,1.1247e-08,0,0,0,0.00033718,1.1247e-08,-1.0254e-06
8.7385e-19,0.005,0.00034843,2.2722e-08,0,0,0,0.00034843,2.2722e-08,-1.0599e-06
8.7385e-19,0.005,0.00035401,3.3509e-08,0,0,0,0.00035401,3.3509e-08,-1.0772e-06
8.7385e-19,0.005,0.00035678,-1.8045e-08,0,0,0,0.00035678,-1.8045e-08,-1.0841e-06
8.7385e-19,0.005,0.00035816,-7.0631e-09,0,0,0,0.00035816,-7.0631e-09,-1.0886e-06
8.7385e-19,0.005,0.00026881,-5.96e-09,0,0,0,0.00026881,-5.96e-09,-8.1702e-07
8.7385e-19,0.005,0.0003145,6.773e-09,0,0,0,0.0003145,6.773e-09,-9.563e-07
8.7385e-19,0.005,0.00033718,1.867e-08,0,0,0,0.00033718,1.867e-08,-1.0256e-06
8.7385e-19,0.005,0.00034843,3.0145e-08,0,0,0,0.00034843,3.0145e-08,-1.0601e-06
8.7385e-19,0.005,0.00035401,4.0931e-08,0,0,0,0.00035401,4.0931e-08,-1.0774e-06
8.7385e-19,0.005,0.00035678,-1.0624e-08,0,0,0,0.00035678,-1.0624e-08,-1.0843e-06
8.7385e-19,0.005,0.00035816,3.5755e-10,0,0,0,0.00035816,3.5755e-10,-1.0888e-06
8.7385e-19,0.005,0.00026881,1.4602e-09,0,0,0,0.00026881,1.4602e-09,-8.1724e-07
8.7385e-19,0.005,0.0003145,1.4193e-08,0,0,0,0.0003145,1.4193e-08,-9.5652e-07
8.7385e-19,0.005,0.00033718,2.609e-08,0,0,0,0.00033718,2.609e-08,-1.0258e-06
8.7385e-19,0.005,0.00034843,3.7565e-08,0,0,0,0.00034843,3.7565e-08,-1.0604e-06
8.7385e-19,0.005,0.00035401,-1.4119e-08,0,0,0,0.00035401,-1.4119e-08,-1.0758e-06
8.7385e-19,0.005,0.00035678,-3.2015e-09,0,0,0,0.00035678,-3.2015e-09,-1.0845e-06
8.7385e-19,0.005,0.00035816,7.7797e-09,0,0,0,0.00035816,7.7797e-09,-1.089e-06
8.7385e-19,0.005,0.00026881,8.882e-09,0,0,0,0.00026881,8.882e-09,-8.1747e-07
8.7385e-19,0.005,0.0003145,2.1615e-08,0,0,0,0.0003145,2.1615e-08,-9.5675e-07
8.7385e-19,0.005,0.00033718,3.3512e-08,0,0,0,0.00033718,3.3512e-08,-1.026e-06
8.7385e-19,0.005,0.00034843,-1.7485e-08,0,0,0,0.00034843,-1.7485e-08,-1.0587e-06
8.7385e-19,0.005,0.00035401,-6.6979e-09,0,0,0,0.00035401,-6.6979e-09,-1.076e-06
8.7385e-19,0.005,0.00035678,4.2192e-09,0,0,0,0.00035678,4.2192e-09,-1.0847e-06
8.7385e-19,0.005,0.00035816,1.52e-08,0,0,0,0.00035816,1.52e-08,-1.0893e-06
8.7385e-19,0.005,0.00026881,1.6303e-08,0,0,0,0.00026881,1.6303e-08,-8.1769e-07
8.7385e-19,0.005,0.0003145,2.9036e-08,0,0,0,0.0003145,2.9036e-08,-9.5697e-07
8.7385e-19,0.005,0.00033718,4.0933e-08,0,0,0,0.00033718,4.0933e-08,-1.0263e-06
8.7385e-19,0.005,0.00034843,-1.0063e-08,0,0,0,0.00034843,-1.0063e-08,-1.0589e-06
8.7385e-19,0.005,0.00035401,7.2376e-10,0,0,0,0.00035401,7.2376e-10,-1.0762e-06
8.7385e-19,0.005,0.00035678,1.164e-08,0,0,0,0.00035678,1.164e-08,-1.085e-06
8.7385e-19,0.005,0.00035816,2.2622e-08,0,0,0,0.00035816,2.2622e-08,-1.0895e-06
8.7385e-19,0.005,0.00026881,-7.5105e-09,0,0,0,0.00026881,-7.5105e-09,-8.1697e-07
8.7385e-19,0.005,0.0003145,5.2224e-09,0,0,0,0.0003145,5.2224e-09,-9.5625e-07
8.7385e-19,0.005,0.00033718,1.7119e-08,0,0,0,0.00033718,1.7119e-08,-1.0255e-06
8.7385e-19,0.005,0.00034843,2.8593e-08,0,0,0,0.00034843,2.8593e-08,-1.0601e-06
8.7385e-19,0.005,0.00035401,3.938e-08,0,0,0,0.00035401,3.938e-08,-1.0774e-06
8.7385e-19,0.005,0.00035678,-1.2174e-08,0,0,0,0.00035678,-1.2174e-08,-1.0842e-06
8.7385e-19,0.005,0.00035816,-1.1933e-09,0,0,0,0.00035816,-1.1933e-09,-1.0888e-06
8.7385e-19,0.005,0.00026881,-8.99e-11,0,0,0,0.00026881,-8.99e-11,-8.1719e-07
8.7385e-19,0.005,0.0003145,1.2643e-08,0,0,0,0.0003145,1.2643e-08,-9.5648e-07
8.7385e-19,0.005,0.00033718,2.454e-08,0,0,0,0.00033718,2.454e-08,-1.0258e-06
8.7385e-19,0.005,0.00034843,3.6015e-08,0,0,0,0.00034843,3.6015e-08,-1.0603e-06
8.7385e-19,0.005,0.00035401,-1.5669e-08,0,0,0,0.00035401,-1.5669e-08,-1.0757e-06
8.7385e-19,0.005,0.00035678,-4.7523e-09,0,0,0,0.00035678,-4.7523e-09,-1.0845e-06
8.7385e-19,0.005,0.00035816,6.2296e-09,0,0,0,0.00035816,6.2296e-09,-1.089e-06
8.7385e-19,0.005,0.00026881,7.3326e-09,0,0,0,0.00026881,7.3326e-09,-8.1742e-07
8.7385e-19,0.005,0.0003145,2.0066e-08,0,0,0,0.0003145,2.0066e-08,-9.567e-07
8.7385e-19,0.005,0.00033718,3.1963e-08,0,0,0,0.00033718,3.1963e-08,-1.026e-06
8.7385e-19,0.005,0.00034843,-1.9033e-08,0,0,0,0.00034843,-1.9033e-08,-1.0586e-06
8.7385e-19,0.005,0.00035401,-8.2467e-09,0,0,0,0.00035401,-8.2467e-09,-1.0759e-06
8.7385e-19,0.005,0.00035678,2.6696e-09,0,0,0,0.00035678,2.6696e-09,-1.0847e-06
8.7385e-19,0.005,0.00035816,1.3651e-08,0,0,0,0.00035816,1.3651e-08,-1.0892e-06
8.7385e-19,0.005,0.00026881,1.4754e-08,0,0,0,0.00026881,1.4754e-08,-8.1765e-07
8.7385e-19,0.005,0.0003145,2.7487e-08,0,0,0,0.0003145,2.7487e-08,-9.5693e-07
8.7385e-19,0.005,0.00033718,3.9384e-08,0,0,0,0.00033718,3.9384e-08,-1.0262e-06
8.7385e-19,0.005,0.00034843,-1.1613e-08,0,0,0,0.00034843,-1.1613e-08,-1.0589e-06
8.7385e-19,0.005,0.00035401,-8.2553e-10,0,0,0,0.00035401,-8.2553e-10,-1.0762e-06
8.7385e-19,0.005,0.00035678,1.0092e-08,0,0,0,0.00035678,1.0092e-08,-1.0849e-06
8.7385e-19,0.005,0.00035816,2.1073e-08,0,0,0,0.00035816,2.1073e-08,-1.0894e-06
8.7385e-19,0.005,0.00026881,-9.0603e-09,0,0,0,0.00026881,-9.0603e-09,-8.1692e-07
8.7385e-19,0.005,0.0003145,3.6726e-09,0,0,0,0.0003145,3.6726e-09,-9.562e-07
8.7385e-19,0.005,0.00033718,1.5569e-08,0,0,0,0.00033718,1.5569e-08,-1.0255e-06
8.7385e-19,0.005,0.00034843,2.7044e-08,0,0,0,0.00034843,2.7044e-08,-1.06e-06
8.7385e-19,0.005,0.00035401,3.783e-08,0,0,0,0.00035401,3.783e-08,-1.0773e-06
8.7385e-19,0.005,0.00035678,-1.3725e-08,0,0,0,0.00035678,-1.3725e-08,-1.0842e-06
8.7385e-19,0.005,0.00035816,-2.7435e-09,0,0,0,0.00035816,-2.7435e-09,-1.0887e-06
8.7385e-19,0.005,0.00026881,-1.6409e-09,0,0,0,0.00026881,-1.6409e-09,-8.1715e-07
8.7385e-19,0.005,0.0003145,1.1092e-08,0,0,0,0.0003145,1.1092e-08,-9.5643e-07
8.7385e-19,0.005,0.00033718,2.2989e-08,0,0,0,0.00033718,2.2989e-08,-1.0257e-06
8.7385e-19,0.005,0.00034843,3.4463e-08,0,0,0,0.00034843,3.4463e-08,-1.0603e-06
8.7385e-19,0.005,0.00035401,-1.7221e-08,0,0,0,0.00035401,-1.7221e-08,-1.0757e-06
8.7385e-19,0.005,0.00035678,-6.3036e-09,0,0,0,0.00035678,-6.3036e-09,-1.0844e-06
8.7385e-19,0.005,0.00035816,4.6775e-09,0,0,0,0.00035816,4.6775e-09,-1.0889e-06
8.7385e-19,0.005,0.00026881,5.7797e-09,0,0,0,0.00026881,5.7797e-09,-8.1737e-07
8.7385e-19,0.005,0.0003145,1.8513e-08,0,0,0,0.0003145,1.8513e-08,-9.5665e-07
8.7385e-19,0.005,0.00033718,3.041e-08,0,0,0,0.00033718,3.041e-08,-1.0259e-06
8.7385e-19,0.005,0.00034843,4.1884e-08,0,0,0,0.00034843,4.1884e-08,-1.0605e-06
8.7385e-19,0.005,0.00035401,-9.8001e-09,0,0,0,0.00035401,-9.8001e-09,-1.0759e-06
8.7385e-19,0.005,0.00035678,1.1169e-09,0,0,0,0.00035678,1.1169e-09,-1.0846e-06
8.7385e-19,0.005,0.00035816,1.2098e-08,0,0,0,0.00035816,1.2098e-08,-1.0892e-06
8.7385e-19,0.005,0.00026881,1.3201e-08,0,0,0,0.00026881,1.3201e-08,-8.176e-07
8.7385e-19,0.005,0.0003145,2.5934e-08,0,0,0,0.0003145,2.5934e-08,-9.5688e-07
