141.28
0.24753
0.12727
0.039233
0.048746
0.051229
0.048503
0.029684
0.031926
0.032324
0.036917
0.041402
0.043528
0.087732
0.068919
0.057102
0.051583
0.04896
0.047732
0.094181
0.074019
0.056638
0.031998
0.038307
0.03653
0.022321
0.023847
0.023909
0.029657
0.03253
0.033907
0.020709
0.012691
0.0088461
0.0070447
0.006323
0.0059843
0.011402
0.0088422
0.0071346
0.0064475
0.0061151
0.0059542
0.011518
0.0089866
0.0072454
0.0065476
0.0062052
0.0060369
0.005954
0.011577
0.0090582
0.0073034
0.0066015
0.0062545
0.0060826
0.0059974
0.0059552
0.011609
0.0051793
0.0057988
0.0061148
0.0062733
0.0063524
0.0063917
0.011817
0.0051518
0.0057786
0.0060983
0.0062587
0.0063387
0.0063785
0.011809
0.0051513
0.0057784
0.0060982
0.0062586
0.0063385
0.0063783
0.011809
0.0051513
0.0057784
0.0060982
0.0062586
0.0063385
0.0063783
0.011809
0.0051513
0.0057784
0.0060982
0.0062586
0.0063385
0.0063783
0.011809
0.0051513
0.0057784
0.0060982
0.0062586
0.0063385
0.0063783
0.011809
0.0051513
0.0057784
0.0060982
0.0062586
0.0063385
0.0063783
0.011809
0.0051513
0.0057784
0.0060982
0.0062586
0.0063385
0.0063783
0.011809
0.0051513
0.0057784
0.0060982
0.0062586
0.0063385
0.0063783
0.011809
0.0051513
0.0057784
0.0060982
0.0062586
0.0063385
0.0063783
0.011809
0.0051513
0.0057784
0.0060982
0.0062586
0.0063385
0.0063783
0.011809
0.0051513
0.0057784
0.0060982
0.0062586
0.0063385
0.0063783
0.011809
0.0051513
0.0057784
0.0060982
0.0062586
0.0063385
0.0063783
0.011809
0.0051513
0.0057784
0.0060982
0.0062586
0.0063385
0.0063783
0.011809
0.0051513
0.0057784
0.0060982
0.0062586
0.0063385
0.0063783
0.011809
0.0051513
0.0057784
0.0060982
0.0062586
0.0063385
0.0063783
0.011809
0.0051513
0.0057784
0.0060982
0.0062586
0.0063385
0.0063783
0.011809
0.0051513
0.0057784
0.0060982
0.0062586
0.0063385
0.0063783
0.011809
0.0051513
0.0057784
0.0060982
0.0062586
0.0063385
0.0063783
0.011809
0.0051513
0.0057784
0.0060982
0.0062586
0.0063385
0.0063783
0.011809
0.0051513
0.0057784
0.0060982
0.0062586
0.0063385
0.0063783
0.011809
0.0051513
0.0057784
0.0060982
0.0062586
0.0063385
0.0063783
0.011809
0.0051513
0.0057784
0.0060982
0.0062586
0.0063385
0.0063783
0.011809
0.0051513
0.0057784
0.0060982
0.0062586
0.0063385
0.0063783
0.011809
0.0051513
0.0057784
0.0060982
0.0062586
0.0063385
0.0063783
0.011809
0.0051513
0.0057784
0.0060982
0.0062586
0.0063385
0.0063783
0.011809
0.0051513
0.0057784
0.0060982
0.0062586
0.0063385
0.0063783
0.011809
0.0051513
0.0057784
0.0060982
0.0062586
0.0063385
0.0063783
0.011809
0.0051513
0.0057784
0.0060982
0.0062586
0.0063385
0.0063783
0.011809
0.0051513
0.0057784
0.0060982
0.0062586
0.0063385
0.0063783
0.011809
0.0051513
0.0057784
0.0060982
0.0062586
0.0063385
0.0063783
0.011809
0.0051513
0.0057784
0.0060982
0.0062586
0.0063385
0.0063783
0.011809
0.0051513
0.0057784
0.0060982
0.0062586
0.0063385
0.0063783
0.011809
0.0051513
0.0057784
0.0060982
0.0062586
0.0063385
0.0063783
0.011809
0.0051513
0.0057784
0.0060982
0.0062586
0.0063385
0.0063783
0.011809
0.0051513
0.0057784
0.0060982
0.0062586
0.0063385
0.0063783
0.011809
0.0051513
0.0057784
0.0060982
0.0062586
0.0063385
0.0063783
0.011809
0.0051513
0.0057784
0.0060982
0.0062586
0.0063385
0.0063783
0.011809
0.0051513
0.0057784
0.0060982
0.0062586
0.0063385
0.0063783
0.011809
0.0051513
0.0057784
0.0060982
0.0062586
0.0063385
0.0063783
0.011809
0.0051513
0.0057784
0.0060982
0.0062586
0.0063385
0.0063783
0.011809
0.0051513
0.0057784
0.0060982
0.0062586
0.0063385
0.0063783
0.011809
0.0051513
0.0057784
0.0060982
0.0062586
0.0063385
0.0063783
0.011809
0.0051513
0.0057784
0.0060982
0.0062586
0.0063385
0.0063783
0.011809
0.0051513
0.0057784
0.0060982
0.0062586
0.0063385
0.0063783
0.011809
0.0051513
0.0057784
0.0060982
0.0062586
0.0063385
0.0063783
0.011809
0.0051513
0.0057784
0.0060982
0.0062586
0.0063385
0.0063783
0.011809
0.0051513
0.0057784
0.0060982
0.0062586
0.0063385
0.0063783
0.011809
0.0051513
0.0057784
0.0060982
0.0062586
0.0063385
0.0063783
0.011809
0.0051513
0.0057784
0.0060982
0.0062586
0.0063385
0.0063783
0.011809
0.0051513
0.0057784
0.0060982
0.0062586
0.0063385
0.0063783
0.011809
0.0051513
0.0057784
0.0060982
0.0062586
0.0063385
0.0063783
0.011809
0.0051513
0.0057784
0.0060982
0.0062586
0.0063385
0.0063783
0.011809
0.0051513
0.0057784
0.0060982
0.0062586
0.0063385
0.0063783
0.011809
0.0051513
0.0057784
0.0060982
0.0062586
0.0063385
0.0063783
0.011809
0.0051513
0.0057784
0.0060982
0.0062586
0.0063385
0.0063783
0.011809
0.0051513
0.0057784
0.0060982
0.0062586
0.0063385
0.0063783
0.011809
0.0051513
0.0057784
0.0060982
0.0062586
0.0063385
0.0063783
0.011809
0.0051513
0.0057784
0.0060982
0.0062586
0.0063385
0.0063783
0.011809
0.0051513
0.0057784
0.0060982
0.0062586
0.0063385
0.0063783
0.011809
0.0051513
0.0057784
0.0060982
0.0062586
0.0063385
0.0063783
0.011809
0.0051513
0.0057784
0.0060982
0.0062586
0.0063385
0.0063783
0.011809
0.0051513
0.0057784
0.0060982
0.0062586
0.0063385
0.0063783
0.011809
0.0051513
0.0057784
0.0060982
0.0062586
0.0063385
0.0063783
0.011809
0.0051513
0.0057784
0.0060982
0.0062586
0.0063385
0.0063783
0.011809
0.0051513
0.0057784
0.0060982
0.0062586
0.0063385
0.0063783
0.011809
0.0051513
0.0057784
0.0060982
0.0062586
0.0063385
0.0063783
0.011809
0.0051513
0.0057784
0.0060982
0.0062586
0.0063385
0.0063783
0.011809
0.0051513
0.0057784
0.0060982
0.0062586
0.0063385
0.0063783
0.011809
0.0051513
0.0057784
0.0060982
0.0062586
0.0063385
0.0063783
0.011809
0.0051513
0.0057784
0.0060982
0.0062586
0.0063385
0.0063783
0.011809
0.0051513
0.0057784
0.0060982
0.0062586
0.0063385
0.0063783
0.011809
0.0051513
0.0057784
0.0060982
0.0062586
0.0063385
0.0063783
0.011809
0.0051513
0.0057784
0.0060982
0.0062586
0.0063385
0.0063783
0.011809
0.0051513
0.0057784
0.0060982
0.0062586
0.0063385
0.0063783
0.011809
0.0051513
0.0057784
0.0060982
0.0062586
0.0063385
0.0063783
0.011809
0.0051513
0.0057784
0.0060982
0.0062586
0.0063385
0.0063783
0.011809
0.0051513
0.0057784
0.0060982
0.0062586
0.0063385
0.0063783
0.011809
0.0051513
0.0057784
0.0060982
0.0062586
0.0063385
0.0063783
0.011809
0.0051513
0.0057784
0.0060982
0.0062586
0.0063385
0.0063783
0.011809
0.0051513
0.0057784
0.0060982
0.0062586
0.0063385
0.0063783
0.011809
0.0051513
0.0057784
0.0060982
0.0062586
0.0063385
0.0063783
0.011809
0.0051513
0.0057784
0.0060982
0.0062586
0.0063385
0.0063783
0.011809
0.0051513
0.0057784
0.0060982
0.0062586
0.0063385
0.0063783
0.011809
0.0051513
0.0057784
0.0060982
0.0062586
0.0063385
0.0063783
0.011809
0.0051513
0.0057784
0.0060982
0.0062586
0.0063385
0.0063783
0.011809
0.0051513
0.0057784
0.0060982
0.0062586
0.0063385
0.0063783
0.011809
0.0051513
0.0057784
0.0060982
0.0062586
0.0063385
0.0063783
0.011809
0.0051513
0.0057784
0.0060982
0.0062586
0.0063385
0.0063783
0.011809
0.0051513
0.0057784
0.0060982
0.0062586
0.0063385
0.0063783
0.011809
0.0051513
0.0057784
