1.0027
0.014796
-0.0011281
-0.012315
0.00060063
-0.0017951
-0.0041448
0.00016657
0.0021953
0.0010579
-1.8787e-05
-0.00054245
-0.0099946
-0.003355
0.0011456
0.0012923
0.00068528
2.2663e-05
-0.00032896
-0.00012709
2.0522e-05
7.9078e-05
2.5983e-05
0.00026139
8.1825e-05
-3.5538e-05
-3.3196e-05
-1.6665e-05
-4.7804e-06
6.1002e-07
9.5464e-07
3.8452e-06
1.2381e-06
-1.2653e-06
3.2796e-07
2.2262e-07
2.6715e-07
2.6159e-07
8.3981e-08
-1.1841e-07
-2.7371e-07
-3.7906e-07
-1.8487e-07
-1.3762e-07
1.3466e-07
2.9316e-08
1.2381e-07
1.6833e-07
1.6275e-07
1.0126e-08
-1.4228e-07
2.1674e-09
-5.3221e-08
-1.0861e-07
-1.1425e-07
-9.1623e-08
-4.7091e-08
-2.5595e-09
4.1972e-08
8.6503e-08
1.3103e-07
1.2545e-07
9.7745e-08
-1.546e-07
-1.0152e-08
-6.554e-08
-1.2092e-07
-1.2656e-07
-1.0393e-07
-9.4385e-09
8.5053e-08
1.7954e-07
2.2408e-07
2.1848e-07
0.0027814
0.0034739
0.0037311
0.00092764
0.00046362
-0.0009889
-0.00088982
-0.00075351
-0.00014435
0.00054647
0.00045591
0.000297
4.7442e-05
1.8103e-05
-0.00011409
-0.00014301
-8.5297e-05
-6.5588e-06
-3.9249e-06
-1.7056e-06
-3.3513e-07
1.2081e-07
4.3176e-07
2.185e-07
-1.4495e-07
