139.55
3.648
1.291
0.62252
0.19893
0.079485
0.21626
0.108
0.053876
0.026985
0.013501
0.0067285
0.1251
0.16959
0.086792
0.033407
0.016637
0.0083257
0.0041739
0.0037544
0.001863
0.00092632
0.00084917
0.0067947
0.0088262
0.0044468
0.0016492
0.00084096
0.0005775
0.00031542
0.00013496
8.4749e-05
9.06e-05
6.0347e-05
1.5241e-05
1.9445e-05
2.3226e-05
4.5437e-05
3.3497e-05
1.2262e-05
1.1887e-05
1.8491e-05
3.2111e-05
2.3949e-05
1.155e-05
3.051e-06
1.0954e-05
1.4844e-05
2.8968e-05
2.265e-05
1.1786e-05
4.3268e-06
6.7167e-06
1.0873e-05
2.3062e-05
8.0166e-06
4.1309e-06
3.6391e-07
3.6789e-06
7.5723e-06
1.1472e-05
2.2217e-05
1.7664e-05
1.1083e-05
3.4094e-06
6.8567e-06
1.1362e-05
2.3979e-05
9.2435e-06
1.7444e-06
7.4392e-06
1.5571e-05
1.9436e-05
3.7922e-05
0.27829
0.43422
0.57318
0.3848
0.23796
0.088666
0.038771
0.04292
0.027674
0.014226
0.011142
0.023461
0.014845
0.0084359
0.003497
0.0033483
0.0067124
0.0040425
0.0022014
0.0011904
0.00062535
0.00031102
0.000151
6.6285e-05
3.2607e-05
