139.53
1.4613
0.21913
1.2869
0.11227
0.3909
0.35901
0.014417
0.19004
0.091621
0.00171
0.97615
0.91007
0.31002
0.11904
0.11209
0.059248
0.0019819
0.028292
0.011086
0.0017218
0.0070012
0.026977
0.023698
0.0075695
0.003538
0.002864
0.0014794
0.00048838
0.00019645
8.7333e-05
0.00031014
0.0001821
0.00014348
3.4045e-05
2.567e-05
1.9511e-05
2.5993e-05
1.7494e-05
2.7312e-05
2.0603e-05
2.8343e-05
1.7366e-05
1.2862e-05
1.9531e-05
1.896e-05
2.5678e-05
1.9523e-05
1.7359e-05
1.0041e-05
1.7403e-05
1.1156e-05
1.1168e-05
2.0608e-05
8.7091e-06
8.9807e-06
8.982e-06
8.9797e-06
8.9813e-06
8.9909e-06
1.9525e-05
8.7442e-06
1.0302e-05
1.739e-05
1.1138e-05
1.114e-05
2.0593e-05
8.7017e-06
1.9518e-05
1.8957e-05
1.896e-05
2.5694e-05
1.9604e-05
0.2783
0.42301
0.50029
0.47212
0.40029
0.22613
0.091905
0.086689
0.091308
0.069381
0.012838
0.049995
0.05038
0.030789
0.015863
0.003654
0.01187
0.014931
0.0084688
0.0042991
0.0022979
0.0012006
0.00060677
0.00027676
0.0001485
8.491e-05
5.7932e-05
