8.7434e-15
1.4078e-21
-1.4744e-22
2.6587e-23
-1.058e-21
6.8196e-22
1.4524e-21
-1.4245e-24
-3.7072e-23
1.0694e-23
-4.6157e-23
3.8405e-24
-2.1168e-22
5.3983e-23
-2.6293e-22
2.9474e-21
1.5519e-21
-2.201e-21
6.6388e-21
-1.6109e-21
-1.0556e-21
-2.0665e-21
2.0586e-21
-3.9286e-21
-2.7584e-21
3.4499e-21
-8.9904e-21
-1.8072e-22
3.0213e-21
4.8355e-21
-3.4812e-21
-1.2638e-20
-3.7999e-21
4.2849e-21
-4.0585e-21
-2.64e-22
-1.969e-20
-3.8255e-21
8.301e-21
-6.6016e-21
-5.1936e-21
-4.6116e-22
7.4267e-22
7.4555e-22
7.9264e-21
-3.3079e-21
-4.0898e-21
9.6133e-22
1.2092e-20
7.8078e-22
5.7507e-21
-2.7062e-21
5.1218e-21
-1.7298e-20
-3.248e-21
1.8311e-21
1.9296e-21
3.3515e-21
-3.7513e-21
3.2158e-21
-3.4735e-21
-1.6556e-21
-6.8614e-22
-4.3061e-21
1.1975e-21
-1.1236e-21
2.7234e-21
4.148e-21
8.531e-21
2.7881e-21
9.4191e-21
-2.9266e-21
2.8858e-23
-7.7301e-21
2.9854e-21
5.7889e-21
-1.4141e-20
-1.115e-21
-2.942e-22
-4.0265e-22
-2.3304e-21
1.3383e-21
