139.38
3.4941
1.7471
0.85449
0.42715
0.21356
0.10615
0.097957
0.048961
0.024457
0.023935
0.011962
0.0055622
0.0053504
0.0026805
0.0012458
0.00069608
0.00032247
0.0001317
0.00015228
7.3441e-05
5.5633e-05
0.00010333
8.6376e-05
0.00014398
0.00012292
5.5865e-05
0.00013303
0.00012738
3.4597e-05
8.1662e-05
0.00014793
5.226e-05
0.00011126
0.00016649
0.0001099
0.00012925
0.00013091
7.5939e-05
8.3059e-05
0.00014782
8.0298e-05
3.6205e-05
4.5304e-05
9.3066e-05
0.00014536
9.9753e-05
5.7414e-05
0.00012004
0.00010056
3.3184e-05
6.1106e-05
0.00012679
4.8695e-05
9.2103e-05
0.00017962
0.0001039
0.0001381
0.00016181
6.7588e-05
7.4014e-05
0.00015486
6.8248e-05
6.0805e-05
0.00011086
9.1855e-05
7.2368e-05
0.00013489
0.00016098
0.00012241
0.00016574
0.00012867
8.7306e-05
0.00012145
0.00012547
9.3728e-05
0.00011195
4.542e-05
0.0001059
0.00017232
7.0757e-05
8.0236e-05
