544.38
4.9191
0.81832
3.0735
1.3318
0.1024
0.74254
0.2658
0.053036
0.092704
0.028169
0.0092554
0.020795
0.006549
0.0017895
0.0045019
0.0022372
0.00063522
0.00047183
0.00059696
0.00027483
0.00027473
0.00027463
0.00027429
0.00050528
0.00036848
0.0003687
0.0005969
0.0002733
0.00027296
0.00027286
0.00050485
0.00036761
0.00045952
0.00057111
0.00030637
0.00036163
0.00047422
0.00032489
0.00032488
0.0005716
0.00021172
0.00021169
0.00021167
0.00021165
0.00047407
0.00042628
0.00036804
0.00059649
0.00027275
0.00027241
0.00027231
0.00050473
0.00036746
0.00036739
0.00059543
0.00035044
0.00039936
0.0005042
0.00036671
0.00036664
0.00059493
0.00027041
0.00027032
0.00027015
0.00050257
0.00036577
0.00036515
0.00059518
0.00034807
0.00039807
0.00050188
0.00036482
0.00036417
0.00059459
0.00026776
0.00026752
0.00026717
0.00026708
0.00050179
0.0003634
