35.117
0.86064
0.80731
0.87967
1.0019
1.0914
1.1313
1.1331
1.115
1.0917
1.0718
1.0586
1.0518
1.0497
0.91367
0.8899
0.78293
1.0346
0.893
0.75985
1.3159
2.0708
2.1888
1.9383
1.602
1.3071
1.1116
1.0106
0.97883
0.9687
0.82691
0.90793
0.80972
0.72174
1.2258
1.4595
2.0045
1.6918
1.7683
1.6441
1.1695
0.86954
1.3269
1.2837
1.0938
1.2968
1.0806
1.2763
1.22
1.2403
1.1499
1.066
1.0887
0.8908
0.74573
1.261
1.308
1.3526
1.3022
0.99748
1.2213
1.1616
1.1674
1.1428
1.1095
1.0804
1.0607
1.0503
1.0469
0.9043
0.87088
0.91041
0.95649
1.0004
0.87985
1.1089
1.121
1.1515
1.1383
1.1061
0.89988
0.83694
4.5945
3.3927
2.7141
2.5246
1.65
0.74474
0.84599
0.85147
2.3885
2.0937
1.201
2.0771
1.9134
1.7326
1.1922
1.465
1.2441
1.139
0.90342
1.253
1.2109
1.226
1.2004
1.0043
0.88926
0.76251
1.0238
0.88765
0.77783
0.73409
1.5569
1.4202
1.5189
1.4807
1.1248
1.3689
1.2394
1.2169
1.1649
1.1131
1.069
1.0464
1.0349
1.0333
0.91806
0.75357
1.5948
1.4328
1.1627
1.3603
1.3085
1.2149
1.1123
1.0338
0.87055
1.142
1.1167
0.95193
0.72892
0.75612
1.6079
1.6118
1.3086
1.4728
1.3975
1.3089
1.2002
1.1164
1.0626
1.0293
0.85182
0.82216
1.1619
1.2334
1.0687
1.2688
1.1986
1.0081
1.2213
0.98709
1.1727
1.2689
1.2836
1.0253
1.2472
0.9728
0.76323
1.4071
1.4053
1.3611
1.0686
1.2929
1.2172
1.0366
1.2484
1.1718
1.2092
1.1764
1.1298
1.0895
1.0622
1.048
1.0433
0.86743
0.92649
0.9029
0.8377
1.0851
1.125
0.9604
1.1827
1.0315
1.1587
1.1493
1.1901
1.1591
1.1119
1.0442
1.0393
1.0282
1.0247
0.99866
0.85794
1.0961
1.0883
1.1024
0.92924
1.1881
1.1461
0.96612
1.1849
1.0213
1.2081
1.2183
1.1852
1.1205
0.90293
2.0385
1.3473
0.93808
1.7506
1.6046
1.5484
1.396
1.0023
1.2459
1.1407
1.1442
0.94065
0.71497
0.76953
1.5834
1.6067
1.596
1.4647
1.0162
0.73042
1.5335
1.1645
0.88765
0.71584
0.75825
0.76886
0.74907
2.4366
2.5361
2.2821
