140.58
7.6322
6.3681
6.2026
6.8623
7.859
8.6261
9.0008
9.057
8.9357
8.7572
8.597
8.4854
8.4254
16.461
14.667
13.952
12.585
14.902
13.607
12.326
11.035
16.213
16.923
15.431
12.989
10.674
9.0187
8.1691
7.7927
15.284
13.131
13.435
12.496
11.969
11.945
9.4717
15.453
11.897
13.553
12.904
9.155
6.9411
9.6006
9.9472
7.9857
9.3277
7.7341
9.3586
9.8464
9.6912
9.1421
8.8376
8.5032
7.0699
6.0961
8.6769
10.182
10.686
10.416
7.9077
8.6464
9.2085
9.3189
9.1601
8.9074
8.6739
8.5083
8.4169
16.228
14.381
14.003
14.486
15.244
15.716
13.522
16.155
17.753
18.349
18.216
17.738
9.3851
4.3573
13.726
9.7597
10.908
9.9128
7.2046
3.4214
3.418
3.382
8.3828
6.1018
4.5865
7.0589
7.4187
6.9227
4.9937
4.8463
4.767
4.502
3.7294
4.3642
4.7611
4.8777
9.2679
7.8955
7.0483
6.3981
7.2244
6.9188
6.3136
6.0235
11.377
9.1486
11.701
11.786
9.1338
9.3859
9.852
9.7344
9.3589
8.8907
8.5693
8.363
8.2774
16.23
14.468
7.3089
9.8651
11.126
8.7087
10.069
10.163
9.6281
8.9145
8.6162
7.1032
8.3947
8.9453
7.4463
6.4032
6.0772
10.742
12.337
9.5741
11.018
11.057
10.462
9.6817
9.0055
8.4905
8.0821
6.8652
6.3516
8.6567
9.5204
7.7705
9.1896
9.4175
7.7431
8.4017
7.153
8.8541
10.036
9.9905
8.0741
8.3193
7.2625
6.3461
9.6798
10.802
10.634
8.4842
8.7696
9.4639
7.6828
8.9538
9.4904
9.6559
9.4317
9.0792
8.755
8.5268
8.4018
16.174
13.57
13.565
14.73
13.172
16.164
17.809
14.689
17.467
15.05
17.621
18.654
19.019
18.57
17.604
17.002
16.657
16.474
16.154
16.245
13.623
16.247
17.205
17.861
14.88
16.725
18.193
14.808
17.394
14.639
18.01
19.077
18.777
17.907
9.8742
11.235
9.7381
7.9268
11.197
12.537
12.295
11.056
8.1415
8.4568
9.0365
8.9317
7.4481
6.3801
6.0479
10.689
12.291
12.571
11.667
9.0671
6.8155
9.2152
8.1561
6.9971
6.3762
6.1127
5.9622
5.9397
19.228
18.778
