141.28
0.38713
0.22984
0.1252
0.088038
0.15266
0.16693
0.33991
0.25033
0.20275
0.18644
0.17674
0.13106
0.10808
0.10078
0.080855
0.071077
0.061991
0.045852
0.0367
0.021955
0.0077229
0.0058299
0.0064823
0.0070469
0.0070918
0.0071012
0.007131
0.014259
0.010073
0.0080015
0.0052534
0.0037671
0.0033497
0.0032259
0.0063697
0.0044955
0.0025921
0.0014947
0.0011851
0.0010933
0.0010658
0.002119
0.001493
0.0011837
0.0010933
0.0010668
0.0010593
0.0010545
0.0021109
0.00086141
0.00094888
0.0010158
0.0010385
0.0010499
0.0021045
0.00085846
0.00094761
0.0010151
0.0010377
0.0010491
0.0021038
0.00085838
0.00094754
0.00046125
0.00013108
0.00010037
9.5326e-05
9.3936e-05
9.4227e-05
9.4207e-05
9.4294e-05
6.4802e-05
6.3989e-05
6.321e-05
6.2841e-05
6.2674e-05
6.268e-05
6.3622e-05
6.3474e-05
6.2875e-05
4.3195e-05
4.3555e-05
4.2954e-05
3.0613e-05
3.0865e-05
3.1449e-05
3.0868e-05
3.0894e-05
2.3463e-05
2.388e-05
2.0959e-05
1.929e-05
1.7153e-05
1.7771e-05
1.9059e-05
1.7109e-05
1.7219e-05
1.6888e-05
1.83e-05
1.6043e-05
1.5566e-05
1.6638e-05
1.8192e-05
1.5354e-05
1.5506e-05
1.6528e-05
1.548e-05
1.5251e-05
1.5613e-05
1.6653e-05
1.5607e-05
1.5323e-05
1.5862e-05
1.7183e-05
1.53e-05
1.5143e-05
1.6125e-05
1.7641e-05
1.5236e-05
1.5291e-05
1.6225e-05
1.812e-05
1.5205e-05
1.5476e-05
1.6613e-05
1.5467e-05
1.5245e-05
1.5728e-05
1.7041e-05
1.53e-05
1.5091e-05
1.6027e-05
1.7521e-05
1.5221e-05
1.5238e-05
1.6155e-05
1.8037e-05
1.5192e-05
1.5438e-05
1.6557e-05
1.5443e-05
1.688e-05
1.569e-05
1.6999e-05
1.5722e-05
1.7131e-05
1.5367e-05
1.5258e-05
1.6059e-05
