140.75
1.2492
0.34501
0.71277
0.52379
0.61022
0.67362
0.61379
0.55322
0.31343
0.16449
0.13203
0.12945
0.12828
0.12762
0.20265
0.17193
0.15301
0.14541
0.14163
0.1397
0.13864
0.13689
0.13648
0.091587
0.075842
0.056334
0.065412
0.06963
0.073393
0.075457
0.077171
0.078461
0.090477
0.096622
0.10011
0.10232
0.10698
0.10969
0.11124
0.11221
0.11279
0.11308
0.1169
0.11898
0.12006
0.12079
0.24239
0.20666
0.1824
0.16997
0.16344
0.1577
0.15951
0.16011
0.15997
0.16152
0.16194
0.16222
0.16205
0.16233
0.16222
0.1619
0.16154
0.16115
0.16077
0.16086
0.16077
0.1605
0.1595
0.15886
0.15817
0.15775
0.31512
0.14194
0.14449
0.15049
0.15299
0.15444
0.15517
0.31106
0.14019
0.14307
0.14944
0.15215
0.15383
0.15481
0.15538
0.31137
0.14025
0.14285
0.14874
0.15176
0.15496
0.15647
0.15703
0.31362
0.14158
0.14411
0.14972
0.15201
0.15324
0.15413
0.15478
0.31016
0.1411
0.14447
0.15018
0.15323
0.15475
0.15554
0.15583
0.15622
0.31242
0.14061
0.14281
0.1499
0.15303
0.15467
0.15541
0.15577
0.15598
0.31173
0.14074
0.14339
0.14913
0.15227
0.15337
0.15379
0.15388
0.15439
0.30939
0.13938
0.1417
0.14773
0.15081
0.15281
0.15532
