281.56
1.4032
0.51328
0.45107
0.38764
0.33372
0.2926
0.26266
0.24164
0.22746
0.21815
0.16253
0.13954
0.1259
0.074952
0.038886
0.009609
0.055637
0.06588
0.072148
0.07639
0.078786
0.063055
0.051057
0.045647
0.043224
0.028742
0.0031841
0.031351
0.036071
0.040267
0.042724
0.034765
0.028244
0.025313
0.024095
0.016044
0.0084264
0.0036714
0.0036352
0.0022782
0.0012867
0.0010738
0.0025428
0.003528
0.0012223
0.0037278
0.00089092
0.00044548
0.00023015
0.00012103
6.8708e-05
4.2937e-05
0.00014811
0.0001751
3.8907e-05
3.9147e-05
0.0038111
2.178e-05
0.0024086
3.8908e-05
6.4649e-05
0.0004164
0.002699
0.00014958
0.00015073
0.00015043
0.00015072
0.00020651
6.3189e-05
0.0022678
0.0055211
7.2347e-05
0.00013483
0.004794
5.7885e-05
9.1346e-05
4.1067e-05
4.1068e-05
4.107e-05
0.0041066
0.003824
0.00050025
0.014554
3.4155e-05
6.7724e-05
0.0023281
0.0030021
0.01163
0.0045659
0.00011156
0.016173
0.024438
8.2452e-05
5.5022e-05
3.7815e-05
0.038292
0.00020078
0.00028553
0.00027418
0.04183
0.00033373
0.00055403
0.00054842
0.00054807
0.039015
0.00061322
0.047552
0.0016995
0.017333
0.0091776
0.0042066
0.00013356
0.0071765
5.2337e-05
8.492e-05
0.020598
0.00030997
0.00055935
0.00054837
0.00053592
0.00051163
0.01814
0.009082
0.002869
0.0010934
0.0027865
0.0013937
0.00026903
0.00026698
0.035864
0.00028797
0.00052815
0.00052688
0.00052407
0.00052427
0.031687
0.00016926
0.080455
0.037149
0.0011807
0.044774
0.00014228
0.022687
0.10733
0.00040187
0.00024091
0.013604
0.00012265
0.00014097
0.00013088
9.0977e-05
0.019517
0.0082153
0.00026359
0.00027241
0.01891
0.00027668
0.00053001
0.0067402
0.00014052
0.062571
6.825e-05
0.00011581
0.0001274
0.014133
5.3711e-05
0.061887
0.017522
6.863e-05
1.7095e-05
1.6917e-05
0.0073301
0.00054968
0.00054897
0.0056348
1.7902e-05
1.6292e-05
1.6174e-05
1.6174e-05
0.026576
0.00058962
0.00055
0.00078875
4.0357e-05
0.0096143
6.4806e-05
8.1408e-05
0.0047959
0.00039935
9.963e-06
0.019488
0.00028413
0.11858
0.0082069
3.9944e-05
8.1596e-05
4.1001e-05
2.7856e-05
1.5029e-05
5.0749e-06
5.1704e-06
5.1704e-06
5.2679e-06
0.011689
0.00013967
0.00027731
0.00027589
0.0025351
0.00027836
0.00027729
0.0079198
4.4601e-05
0.14875
0.001417
0.00028203
0.00039912
3.2254e-05
0.012581
6.4635e-06
0.079379
0.011448
0.00015363
0.00028024
0.00027757
0.00027729
0.039157
0.001273
0.00013807
0.0095396
0.011145
0.0061891
0.01344
0.00063732
3.4533e-05
6.9014e-05
6.9329e-05
0.0062957
0.0045977
3.7006e-06
0.0085196
0.0010071
0.0023865
0.0035652
0.003118
0.0010349
0.00010645
1.724e-05
4.9371e-05
