0.041464
0.041493
0.04149
0.041488
0.041485
0.041482
0.04148
0.04148
0.04148
0.041481
0.041481
0.041481
0.041481
0.041481
0.041481
0.041481
0.041481
0.041481
0.041481
0.041481
0.041481
0.041481
0.041481
0.041481
0.041481
0.041481
0.041481
0.041481
0.041481
0.041481
0.041481
0.041481
0.041481
0.041481
0.041481
0.041481
0.041481
0.041481
0.041481
0.041481
0.041481
0.041481
0.041481
0.041481
0.041481
0.041481
0.04148
0.04148
0.04148
0.04148
0.04148
0.04148
0.04148
0.04148
0.04148
0.04148
0.04148
0.04148
0.04148
0.04148
0.04148
0.04148
0.04148
0.04148
0.04148
0.04148
0.04148
0.041481
0.041481
0.041481
0.041481
0.041481
0.041481
0.041481
0.041481
0.041481
0.041481
0.041481
0.041481
0.041481
0.041481
0.041481
0.041481
0.041481
0.041481
0.041481
0.041481
0.041481
0.041481
0.041481
0.041481
0.041481
0.041481
0.041481
0.041481
0.041481
0.04148
0.04148
0.04148
0.04148
0.04148
