1.1,1.1,0.2,-0.0073696,3.8734,-0.00038755,13.64,-0.0099933,-0.0099933,-0.0073696,-0.0073696,-0.0073696,-0.0073696
1.1,1.1,0.2,0.0057463,1.1303,0.0059814,13.649,2.753,0.0031226,-0.0056416,1.8353,0.0020735,-0.0056416
1.1,1.1,0.2,0.0052506,1.1239,0.0061144,13.648,3.5083,0.0039701,13.644,0.92084,0.00078888,-0.0028233
0.99999,1.098,-0.63849,0.15975,1.9624,-0.14827,13.647,0.89202,0.058517,13.644,0.082352,0.15529,-0.0016571
1.1,0.99071,0.2,0.1596,1.1015,-0.1416,13.646,1.0549,-0.10541,13.643,0.94396,0.15514,-0.002136
1.0047,1.0329,0.11644,0.21585,1.1848,-0.20041,13.645,0.97135,-0.049161,13.641,0.86041,0.21139,-0.0039319
1.0391,0.99853,-0.063994,0.17542,1.3655,-0.15788,13.645,0.79092,-0.089595,13.643,0.67998,0.17096,-0.0021421
1.0259,1.0118,-0.063993,0.17522,1.3654,-0.15849,13.645,0.46437,-0.17758,13.642,0.67999,0.17076,-0.002136
1.0277,1.01,0.099262,0.2191,1.2022,-0.20227,13.645,0.62762,-0.1337,13.64,0.84324,0.21464,-0.0030512
0.97324,1.0109,0.017653,0.19716,1.2838,-0.18039,13.645,-0.43709,-0.17764,13.641,0.76163,0.1927,-0.0021361
0.9963,0.95559,0.2,0.20898,0.79255,-0.18885,13.645,-0.013835,-0.18599,13.639,1.2532,0.20452,-0.00399
1.0017,0.95015,0.1431,0.21364,0.84948,-0.19318,13.645,-0.070733,-0.18133,13.639,1.1963,0.20918,-0.0044378
0.98518,0.96667,0.04864,0.20835,0.94384,-0.1889,13.645,-0.16519,-0.18662,13.639,1.1018,0.20389,-0.0039899
0.96313,0.96669,0.048659,0.20834,0.94382,-0.18889,13.645,-0.093639,-0.19444,13.638,1.1018,0.20388,-0.0039899
0.97263,0.94468,0.012926,0.21257,0.97969,-0.19178,13.645,-0.16735,-0.19441,13.637,1.066,0.20811,-0.0040099
0.97425,0.94306,0.049829,0.21274,0.9428,-0.19184,13.645,-0.13997,-0.19538,13.637,1.1029,0.20828,-0.0040635
0.96004,0.94935,0.045073,0.21217,0.94752,-0.19165,13.645,-0.1803,-0.19517,13.636,1.0982,0.20771,-0.0040159
0.96742,0.93742,0.069346,0.21145,0.92332,-0.19021,13.645,-0.16942,-0.19574,13.635,1.1225,0.20699,-0.0040453
0.96402,0.94082,0.058265,0.21173,0.93438,-0.1907,13.645,-0.17579,-0.19545,13.634,1.1114,0.20727,-0.00402
0.95897,0.9431,0.052573,0.21171,0.94005,-0.19082,13.645,-0.17342,-0.19546,13.633,1.1057,0.20725,-0.004002
0.95993,0.94036,0.049718,0.21174,0.94292,-0.19068,13.645,-0.17236,-0.19544,13.632,1.1029,0.20728,-0.0039961
0.95916,0.93995,0.049748,0.21175,0.9429,-0.19066,13.645,-0.17237,-0.19544,13.631,1.1029,0.20729,-0.0039992
0.95944,0.93967,0.050779,0.21175,0.94187,-0.19064,13.645,-0.17134,-0.19544,13.631,1.1039,0.20729,-0.0040022
0.95886,0.94025,0.050775,0.21175,0.94187,-0.19067,13.645,-0.18172,-0.19671,13.63,1.1039,0.20729,-0.004002
0.95888,0.94023,0.055952,0.21237,0.9367,-0.19129,13.645,-0.17655,-0.19609,13.63,1.1091,0.20791,-0.0040192
0.95887,0.94024,0.053356,0.21206,0.93929,-0.19098,13.645,-0.1881,-0.19581,13.629,1.1065,0.2076,-0.0040019
0.95889,0.94022,0.057832,0.21174,0.93481,-0.19066,13.645,-0.18362,-0.19613,13.629,1.1109,0.20728,-0.0040039
0.95756,0.94023,0.055619,0.2119,0.93702,-0.19082,13.645,-0.18735,-0.19634,13.629,1.1087,0.20744,-0.0040021
0.95877,0.93826,0.056742,0.21221,0.93591,-0.19101,13.645,-0.18723,-0.19595,13.629,1.1099,0.20775,-0.0040107
0.95781,0.93881,0.056452,0.21198,0.9362,-0.19082,13.645,-0.18775,-0.19617,13.629,1.1096,0.20752,-0.0040025
0.95783,0.93879,0.056342,0.21199,0.93631,-0.19083,13.645,-0.18786,-0.19616,13.629,1.1095,0.20753,-0.0040023
0.95764,0.93898,0.056277,0.21199,0.93637,-0.19084,13.645,-0.18792,-0.19616,13.629,1.1094,0.20753,-0.0040021
0.95763,0.93899,0.056291,0.21199,0.93635,-0.19084,13.645,-0.18797,-0.19616,13.629,1.1094,0.20753,-0.0040021
0.95735,0.93898,0.05634,0.21199,0.9363,-0.19084,13.645,-0.18792,-0.19616,13.629,1.1094,0.20753,-0.0040023
0.95746,0.9387,0.056327,0.212,0.93632,-0.19083,13.645,-0.18793,-0.19615,13.629,1.1094,0.20754,-0.0040023
0.95749,0.93867,0.056311,0.21199,0.93633,-0.19083,13.645,-0.18794,-0.19616,13.629,1.1094,0.20753,-0.004002
0.95731,0.93876,0.056299,0.21199,0.93634,-0.19084,13.645,-0.18799,-0.19616,13.629,1.1094,0.20753,-0.004002
0.95736,0.93866,0.056317,0.21199,0.93632,-0.19084,13.645,-0.18797,-0.19616,13.629,1.1094,0.20753,-0.0040021
0.95735,0.93867,0.056319,0.21199,0.93632,-0.19084,13.645,-0.18902,-0.19588,13.628,1.1094,0.20753,-0.0040021
0.95733,0.93869,0.056841,0.21183,0.9358,-0.19068,13.645,-0.1885,-0.19604,13.628,1.11,0.20737,-0.0040005
0.95731,0.93869,0.056542,0.21192,0.9361,-0.19077,13.645,-0.18904,-0.19587,13.628,1.1097,0.20746,-0.0040022
0.95732,0.93867,0.056682,0.21187,0.93596,-0.19072,13.645,-0.1889,-0.19592,13.628,1.1099,0.20741,-0.0040016
0.95733,0.93866,0.056591,0.21189,0.93606,-0.19074,13.645,-0.19017,-0.19578,13.627,1.1098,0.20743,-0.004002
0.95731,0.93867,0.057202,0.21182,0.93545,-0.19068,13.645,-0.18985,-0.19581,13.627,1.1104,0.20736,-0.0040019
0.95731,0.93867,0.057056,0.21183,0.93559,-0.19069,13.645,-0.19007,-0.19579,13.627,1.1103,0.20737,-0.0040019
0.95731,0.93867,0.05699,0.21184,0.93565,-0.1907,13.645,-0.19014,-0.19578,13.627,1.1102,0.20738,-0.004002
0.95732,0.93867,0.057011,0.21184,0.93563,-0.1907,13.645,-0.19013,-0.19578,13.627,1.1102,0.20738,-0.004002
0.95732,0.93867,0.05701,0.21184,0.93563,-0.1907,13.645,-0.19014,-0.19578,13.627,1.1102,0.20738,-0.0040019
0.95731,0.93868,0.057005,0.21184,0.93564,-0.1907,13.645,-0.19015,-0.19578,13.627,1.1102,0.20738,-0.0040019
0.95732,0.93867,0.057006,0.21184,0.93564,-0.1907,13.645,-0.19015,-0.19578,13.627,1.1102,0.20738,-0.0040019
0.95731,0.93868,0.057006,0.21184,0.93564,-0.1907,13.645,-0.19015,-0.19578,13.627,1.1102,0.20738,-0.0040019
0.95732,0.93867,0.057005,0.21184,0.93564,-0.1907,13.645,-0.19015,-0.19578,13.627,1.1102,0.20738,-0.0040019
0.95733,0.93867,0.057005,0.21184,0.93564,-0.1907,13.645,-0.1908,-0.19571,13.626,1.1102,0.20738,-0.0040019
0.95731,0.93869,0.057328,0.21178,0.93532,-0.19065,13.645,-0.19064,-0.19574,13.626,1.1106,0.20732,-0.0040016
0.95732,0.93868,0.057211,0.2118,0.93544,-0.19067,13.645,-0.19076,-0.19572,13.626,1.1105,0.20734,-0.0040019
0.95732,0.93868,0.057183,0.2118,0.93547,-0.19067,13.645,-0.1908,-0.19571,13.626,1.1105,0.20734,-0.004002
0.95732,0.93868,0.057179,0.2118,0.93547,-0.19067,13.645,-0.1908,-0.19571,13.626,1.1105,0.20734,-0.0040021
0.95737,0.93868,0.057176,0.2118,0.93547,-0.19067,13.645,-0.1908,-0.19571,13.626,1.1105,0.20734,-0.0040021
0.95736,0.93872,0.057175,0.21181,0.93547,-0.19068,13.645,-0.1908,-0.1957,13.626,1.1105,0.20735,-0.0040022
0.95734,0.93874,0.057176,0.2118,0.93547,-0.19067,13.645,-0.1908,-0.19571,13.626,1.1105,0.20734,-0.0040019
0.95736,0.93872,0.057178,0.2118,0.93547,-0.19067,13.645,-0.1908,-0.19571,13.626,1.1105,0.20734,-0.004002
0.95744,0.93872,0.057181,0.2118,0.93547,-0.19067,13.645,-0.1908,-0.19571,13.626,1.1105,0.20734,-0.0040021
0.95736,0.9388,0.057183,0.2118,0.93547,-0.19068,13.645,-0.1908,-0.19571,13.626,1.1105,0.20734,-0.0040021
0.9574,0.93876,0.057184,0.2118,0.93547,-0.19068,13.645,-0.1908,-0.19571,13.626,1.1105,0.20734,-0.0040021
0.9574,0.93876,0.057184,0.2118,0.93547,-0.19068,13.645,-0.1908,-0.19571,13.626,1.1105,0.20734,-0.0040021
0.95773,0.93876,0.057183,0.2118,0.93547,-0.19068,13.645,-0.1908,-0.19571,13.626,1.1105,0.20734,-0.0040021
0.95741,0.93908,0.057181,0.2118,0.93547,-0.1907,13.645,-0.1908,-0.19571,13.626,1.1105,0.20734,-0.004002
0.95779,0.93892,0.057181,0.2118,0.93547,-0.19069,13.645,-0.1908,-0.19571,13.626,1.1105,0.20734,-0.004002
0.95756,0.93915,0.05718,0.21179,0.93547,-0.19069,13.645,-0.1908,-0.19572,13.626,1.1105,0.20733,-0.0040018
0.95768,0.93903,0.05718,0.2118,0.93547,-0.19069,13.645,-0.1908,-0.19571,13.626,1.1105,0.20734,-0.004002
0.95858,0.93903,0.05718,0.2118,0.93547,-0.19069,13.645,-0.1908,-0.19571,13.626,1.1105,0.20734,-0.0040019
0.95831,0.93994,0.05718,0.21178,0.93547,-0.19073,13.645,-0.1908,-0.19572,13.626,1.1105,0.20732,-0.0040017
0.95813,0.94012,0.05718,0.21177,0.93547,-0.19073,13.645,-0.1908,-0.19573,13.626,1.1105,0.20731,-0.0040017
0.95845,0.9398,0.057181,0.21178,0.93547,-0.19072,13.645,-0.1908,-0.19572,13.626,1.1105,0.20732,-0.004002
0.95845,0.9398,0.057181,0.21178,0.93547,-0.19072,13.645,-0.1908,-0.19572,13.626,1.1105,0.20732,-0.0040021
0.96002,0.93981,0.057181,0.21179,0.93547,-0.19073,13.645,-0.1908,-0.19571,13.626,1.1105,0.20733,-0.0040022
0.95845,0.94138,0.057179,0.21176,0.93547,-0.19079,13.645,-0.1908,-0.19574,13.626,1.1105,0.2073,-0.0040016
0.96063,0.94059,0.057181,0.21177,0.93547,-0.19075,13.645,-0.19115,-0.1956,13.624,1.1105,0.20731,-0.004002
0.95854,0.94268,0.057436,0.2116,0.9352,-0.19071,13.645,-0.1909,-0.19577,13.624,1.1108,0.20714,-0.003999
0.9616,0.94129,0.057245,0.21171,0.9354,-0.19074,13.645,-0.19109,-0.19566,13.624,1.1106,0.20725,-0.0039989
0.96129,0.94295,0.057257,0.21169,0.93537,-0.19082,13.645,-0.19115,-0.19561,13.624,1.1106,0.20723,-0.0039986
0.96009,0.94415,0.05731,0.21161,0.93531,-0.19081,13.645,-0.19111,-0.19566,13.624,1.1106,0.20715,-0.0039973
0.96275,0.9428,0.0573,0.21167,0.93533,-0.19078,13.645,-0.19112,-0.1956,13.624,1.1106,0.20721,-0.0039989
0.96259,0.9441,0.057284,0.21164,0.93534,-0.19083,13.645,-0.19113,-0.19563,13.624,1.1106,0.20718,-0.0039985
0.96247,0.94516,0.05727,0.21164,0.93535,-0.19088,13.645,-0.19114,-0.19563,13.624,1.1106,0.20718,-0.0039985
0.96267,0.94496,0.057273,0.21163,0.93535,-0.19086,13.645,-0.19115,-0.19561,13.624,1.1106,0.20717,-0.0039987
0.96388,0.94449,0.057284,0.21164,0.93534,-0.19084,13.645,-0.19115,-0.1956,13.624,1.1106,0.20718,-0.003999
0.96367,0.94523,0.05729,0.21162,0.93533,-0.19086,13.645,-0.19115,-0.19562,13.624,1.1106,0.20716,-0.0039987
0.96326,0.94564,0.057295,0.21163,0.93532,-0.19089,13.645,-0.19114,-0.1956,13.624,1.1106,0.20717,-0.0039989
0.96416,0.94512,0.057288,0.21163,0.93533,-0.19086,13.645,-0.19115,-0.1956,13.624,1.1106,0.20717,-0.0039989
0.96378,0.9455,0.057286,0.21161,0.93533,-0.19087,13.645,-0.19115,-0.19562,13.624,1.1106,0.20715,-0.0039987
0.96396,0.94532,0.057285,0.21162,0.93533,-0.19087,13.645,-0.19115,-0.19561,13.624,1.1106,0.20716,-0.0039991
0.96476,0.94531,0.057284,0.21163,0.93533,-0.19088,13.645,-0.19115,-0.19559,13.624,1.1106,0.20717,-0.0039992
0.96461,0.94611,0.057282,0.2116,0.93533,-0.1909,13.645,-0.19115,-0.19562,13.624,1.1106,0.20714,-0.0039987
0.96454,0.94667,0.057281,0.2116,0.93533,-0.19093,13.645,-0.19115,-0.19561,13.624,1.1106,0.20714,-0.0039988
0.96506,0.94652,0.057282,0.2116,0.93533,-0.19092,13.645,-0.19115,-0.19561,13.624,1.1106,0.20714,-0.0039989
0.96499,0.94683,0.057283,0.2116,0.93533,-0.19094,13.645,-0.19115,-0.1956,13.624,1.1106,0.20714,-0.0039989
0.96532,0.9467,0.057285,0.21159,0.93533,-0.19092,13.645,-0.19115,-0.19561,13.624,1.1106,0.20713,-0.0039987
0.96531,0.94688,0.057288,0.21158,0.93533,-0.19092,13.645,-0.19115,-0.19562,13.624,1.1106,0.20712,-0.0039988
0.96547,0.94686,0.057289,0.2116,0.93533,-0.19094,13.645,-0.19115,-0.19559,13.624,1.1106,0.20714,-0.0039992
0.96552,0.9469,0.057289,0.21159,0.93533,-0.19093,13.645,-0.19115,-0.1956,13.624,1.1106,0.20713,-0.0039989
