139.24
3.3116
1.8405
0.11726
0.88178
0.37021
0.018788
0.00012798
0.16905
6.5107e-05
0.43229
0.19058
3.3096e-05
3.9608e-05
0.039195
0.021117
0.0047979
0.037271
0.0074231
0.0023486
0.0044755
0.0023519
0.00082939
6.5179e-05
0.0052207
3.2363e-05
0.0044857
2.3381e-05
0.0024204
0.0007108
0.00031383
3.333e-05
3.4365e-05
9.8266e-05
0.00021373
0.00013708
6.4965e-05
9.2656e-05
6.9991e-05
0.00055104
7.4089e-05
0.0001447
7.2061e-05
0.00060274
0.00016575
6.4046e-05
0.0001311
0.00012751
0.00012684
0.00012643
0.00012664
0.00012643
0.00012654
0.00035249
0.00013424
0.00012629
0.00012639
0.00012657
0.00013114
0.00013026
0.00012623
0.00012637
0.00013902
0.00012656
0.0001265
0.00012648
0.00026118
6.323e-05
0.0001764
6.3139e-05
6.3479e-05
0.00064989
0.00045693
3.1686e-05
3.2741e-05
3.4758e-05
0.0011161
1.5996e-05
0.0020119
3.7725e-05
0.0011777
0.0019208
3.6331e-05
0.00092001
0.0016109
0.00066261
3.2221e-05
0.00051869
0.00073532
3.2125e-05
0.00027571
3.3583e-05
3.358e-05
0.00056167
0.0009023
0.00034911
0.00053589
0.00021123
0.00038005
0.00028105
0.00026763
