563.23
2.016
0.95157
0.8173
0.64626
0.53631
0.46038
0.39703
0.35988
0.26183
0.21982
0.19257
0.17604
0.16588
0.15961
0.12079
0.10151
0.09087
0.084487
0.080695
0.078549
0.077337
0.059031
0.049696
0.044734
0.041801
0.040106
0.039133
0.038572
0.03825
0.029293
0.024678
0.02226
0.020832
0.020012
0.019542
0.019281
0.019131
0.019031
0.014599
0.012304
0.011107
0.010402
0.0099982
0.0097674
0.0096352
0.0095558
0.0095152
0.0094906
0.0072877
0.009848
0.0089678
0.0091902
0.0093064
0.0093745
0.0094112
0.0094318
0.0072577
0.0098182
0.0089502
0.0091838
0.0093068
0.0093737
0.0094106
0.0094336
0.0094427
0.0072651
0.0098343
0.0089535
0.0091843
0.0093066
0.0093733
0.0094106
0.009432
0.0094406
0.0072631
0.0098284
0.0089567
0.0091836
0.0093066
0.0093738
0.0094113
0.0094315
0.007257
0.0098241
0.0089558
0.0092172
0.0093321
0.0093702
0.0094026
0.009436
0.0094321
0.0094503
0.0072686
0.0099292
0.0089959
0.0091979
0.0092994
0.0093682
0.0094135
0.0094289
0.0094842
0.0094312
0.0094763
0.0094497
0.009469
0.0094598
0.0094623
0.0072724
0.0098334
0.0089599
0.0091877
0.0093109
0.0093761
0.0094121
0.0094318
0.0072585
0.0098154
0.0089599
0.0091771
0.0093059
0.0093728
0.0094104
0.0094316
0.0072572
0.0098182
0.008956
0.0091826
0.0093068
0.0093686
0.0094101
0.0094316
0.0072566
0.0098194
0.0089518
0.0091841
0.0093064
0.0093747
0.0094101
0.0094305
0.0072557
0.0098212
0.0089501
0.009184
0.0093072
0.0093737
0.0094102
0.0094319
0.0072567
0.0098252
0.0089559
0.0091827
0.0093053
0.0093732
0.0094083
0.0094313
0.0072563
0.0098274
0.0089561
0.0091832
0.0093057
0.0093727
0.0094107
0.0094326
0.0094388
0.0094503
0.0094571
0.0072664
0.0098405
0.0089596
0.0091889
0.0093014
0.009374
0.009412
0.0094342
0.0094494
0.009449
0.0072639
0.0098405
0.0089623
0.0091791
0.0093074
0.0093744
0.0094113
0.0094315
0.0072564
0.0098235
0.0089523
0.009185
0.0093055
0.0093704
0.00941
0.0094327
0.0072583
0.0098147
0.0089519
0.0091839
0.0093068
0.0093732
0.0094101
0.0094309
0.0072594
0.009821
0.0089495
0.0091834
0.0093088
0.0093694
0.0094107
0.0094319
0.0072576
0.0098183
0.0089598
0.0091779
0.0093037
0.0093738
0.0094116
0.0094302
0.0072586
0.0098158
0.0089586
0.0091805
0.009303
0.0093711
0.0094135
0.0094379
0.009443
0.007263
0.009825
0.0089556
0.0091795
0.0093072
0.0093743
0.0094121
0.0094284
0.0094433
0.0072655
0.0098241
0.0089619
0.0091795
0.0093045
0.0093726
0.0094099
0.0094323
0.0072598
0.0098119
0.0089554
0.0091796
0.0093049
0.0093742
