0.041296
0.041526
0.041514
0.041508
0.041502
0.041499
0.041496
0.041493
0.04149
0.041487
0.041485
0.041482
0.041479
0.041476
0.041473
0.04147
0.041467
0.041464
0.041461
0.041461
0.041458
0.041456
0.041456
0.041456
0.041456
0.041456
0.041456
0.041456
0.041456
0.041456
0.041456
0.041456
0.041456
0.041456
0.041456
0.041456
0.041456
0.041456
0.041456
0.041456
0.041456
0.041456
0.041456
0.041456
0.041456
0.041456
0.041456
0.041456
0.041456
0.041456
0.041456
0.041456
0.041456
0.041456
0.041456
0.041456
0.041456
0.041456
0.041456
0.041456
0.041456
0.041456
0.041456
0.041456
0.041456
0.041456
0.041456
0.041456
0.041456
0.041456
0.041456
0.041456
0.041456
0.041456
0.041456
0.041456
0.041456
0.041456
0.041456
0.041456
0.041456
0.041456
0.041456
0.041456
0.041456
0.041456
0.041456
0.041456
0.041456
0.041456
0.041456
0.041456
0.041456
0.041456
0.041456
0.041456
0.041456
0.041456
0.041456
0.041456
0.041456
