8.701
0.13839
0.061826
0.030752
0.10644
0.073758
0.14366
0.082234
0.056472
0.0054081
0.028546
0.079355
0.070383
0.044332
0.020457
0.038387
0.028921
0.018097
0.034607
0.024203
0.0023935
5.1711e-05
0.11594
0.093552
0.050321
0.014124
0.0035366
4.5421e-05
5.4446e-05
2.8919e-05
0.038163
0.0099042
0.015319
0.0014986
0.003817
0.0058381
0.0014481
1.7457e-05
0.0046106
0.0023267
0.00016489
3.8145e-05
0.0018738
0.00069111
0.0013458
0.0010577
0.00047474
0.00022533
0.00039802
0.00019964
0.00029467
2.1942e-05
2.1117e-05
0.00021866
0.0019054
0.0014428
0.00036526
2.5428e-05
1.5231e-05
0.0063214
0.0069806
0.00016017
0.011009
0.0027759
0.00069231
6.8513e-05
0.032379
0.014963
0.022269
0.0056207
0.000121
0.076769
0.064682
0.027527
0.0247
0.00047306
0.051524
0.030398
0.036522
0.00057444
0.03244
0.039332
0.0083336
0.00029223
0.00026875
0.0069861
0.00015188
0.00010272
0.0017351
0.016663
0.010192
0.0065032
0.0029911
0.0021017
9.3864e-05
0.0062774
0.0040896
0.0022819
8.7861e-05
2.8315e-05
8.8958e-05
