0.0027405
0.0027712
0.0027709
0.0027709
0.0027707
0.0027704
0.0027703
0.0027703
0.0027702
0.0027701
0.00277
0.00277
0.0027699
0.0027698
0.0027697
0.0027696
0.0027695
0.0027694
0.0027692
0.0027691
0.0027689
0.0027687
0.0027686
0.0027685
0.0027683
0.0027681
0.002768
0.0027679
0.0027678
0.0027677
0.0027676
0.0027676
0.0027675
0.0027674
0.0027674
0.0027673
0.0027673
0.0027672
0.0027672
0.0027672
0.0027671
0.0027671
0.0027671
0.0027671
0.0027671
0.0027671
0.0027671
0.0027671
0.0027671
0.0027671
0.0027671
0.0027671
0.0027671
0.0027671
0.0027671
0.0027671
0.0027671
0.0027671
0.0027671
0.0027671
0.0027671
0.0027671
0.0027671
0.0027671
0.0027671
0.0027671
0.0027671
0.0027671
0.0027671
0.0027671
0.0027671
0.0027671
0.0027671
0.0027671
0.0027671
0.0027671
0.0027671
0.0027671
0.0027671
0.0027671
0.0027671
0.0027671
0.0027671
0.0027671
0.0027671
0.0027671
0.0027671
0.0027671
0.0027671
0.0027671
0.0027671
0.0027671
0.0027671
0.0027671
0.0027671
0.0027671
0.0027671
0.0027671
0.0027671
0.0027671
0.0027671
0.0027671
0.0027671
0.0027671
0.0027671
0.0027671
0.0027671
0.0027671
0.0027671
0.0027671
0.0027671
0.0027671
0.0027671
0.0027671
0.0027671
0.0027671
0.0027671
0.0027671
0.0027671
0.0027671
0.0027671
0.0027671
0.0027671
0.0027671
0.002767
0.002767
0.0027669
0.0027668
0.0027667
0.0027666
0.0027664
0.0027661
0.0027658
0.0027654
0.0027651
0.0027643
0.0027635
0.0027626
0.0027618
0.0027602
0.0027585
0.0027569
0.0027553
0.0027536
0.002752
0.0027503
0.0027487
0.0027471
0.0027454
0.0027438
