70.348
0.38569
0.17706
0.15762
0.098907
0.011909
0.11677
0.11082
0.052436
0.0029762
0.0569
0.055416
0.027478
0.0042244
0.02786
0.027693
0.013803
0.0036896
0.0069485
0.0069372
0.0036263
1.7255e-05
0.0034664
0.00347
0.0019114
2.2768e-05
0.0020181
0.0017511
0.00087501
2.3407e-05
0.00087022
0.002006
0.00043972
0.0014428
0.000226
0.0027717
0.00013447
8.1473e-05
0.0046055
0.00010589
0.0054686
5.4607e-05
6.7107e-05
0.0034012
0.0020699
2.3882e-05
0.0020451
0.0010261
8.5259e-06
1.5812e-05
7.906e-06
0.00085556
4.9497e-05
4.9293e-05
4.927e-05
0.00045941
7.0817e-06
0.00023289
0.00011963
5.691e-05
5.0082e-05
0.000176
6.2846e-05
6.3422e-06
6.3581e-06
6.2912e-06
6.2912e-06
6.2912e-06
6.2912e-06
6.2912e-06
6.2802e-05
5.0303e-05
5.0234e-05
5.0232e-05
6.4771e-06
6.4257e-06
6.3919e-06
6.3759e-06
6.3919e-06
6.4257e-06
6.4595e-06
6.4934e-06
6.5272e-06
6.463e-06
6.463e-06
6.463e-06
6.2973e-05
5.0131e-05
5.0049e-05
5.0026e-05
4.9959e-05
4.9957e-05
4.9891e-05
4.9876e-05
6.3191e-05
4.9946e-05
4.9923e-05
4.9843e-05
0.00010632
4.9683e-05
4.9616e-05
4.9601e-05
4.9582e-05
4.9566e-05
4.9545e-05
4.9465e-05
4.9442e-05
7.2546e-06
7.205e-06
7.171e-06
7.1371e-06
6.3535e-05
2.8488e-05
3.5176e-06
3.5007e-06
3.4837e-06
3.4668e-06
3.4498e-06
3.4412e-06
5.3109e-05
2.4789e-05
5.3007e-05
2.0088e-05
2.0069e-05
2.0018e-05
2.0929e-05
2.0933e-05
2.0007e-05
1.5002e-05
1.4997e-05
1.7687e-05
1.3861e-05
1.3958e-05
1.3858e-05
1.3857e-05
1.6917e-05
1.6871e-05
1.6871e-05
1.6889e-05
1.6892e-05
1.6872e-05
1.6866e-05
1.6866e-05
1.6865e-05
1.6865e-05
1.6865e-05
1.6866e-05
1.6882e-05
1.6554e-05
1.6553e-05
