11.622
1.7619
1.6935
1.6297
1.5718
1.5209
1.4785
1.4516
1.4662
1.4887
1.5001
1.5009
1.5034
1.5114
1.5171
1.523
1.5295
1.5388
1.5444
1.5493
1.5536
1.5574
1.5607
1.5636
1.5661
1.5683
1.5702
1.5718
1.5733
1.5745
1.5755
1.5764
1.5772
1.5779
1.5785
1.579
1.5794
1.5798
1.5801
1.5804
1.5806
1.5808
1.581
1.5812
1.5813
1.5814
1.5815
1.5816
1.5816
1.5817
1.5817
1.5818
1.5818
1.5819
1.5819
1.5819
1.5819
1.582
1.582
1.582
1.582
1.582
1.582
1.582
1.582
1.582
1.582
1.582
1.5821
1.5821
1.5821
1.5821
1.5821
1.5821
1.5821
1.5821
1.5821
1.5821
1.5821
1.5821
1.5821
1.5821
1.5821
1.5821
1.5821
1.5821
1.5821
1.5821
1.5821
1.5821
1.5821
1.5821
1.5821
1.5821
1.5821
1.5821
1.5821
1.5821
1.5821
1.5821
1.5821
1.5821
1.5821
1.5821
1.5821
1.5821
1.5821
1.5821
1.5821
1.5821
1.5821
1.5821
1.5821
1.5821
1.5821
1.5821
1.5821
1.5821
1.5821
1.5821
1.5821
1.5821
1.5821
1.5821
1.5821
1.5821
1.5821
1.5821
1.5821
1.5821
1.5821
1.5821
1.5821
1.5821
1.5821
1.5821
1.5821
1.5821
1.5821
1.5821
1.5821
1.5821
1.5821
1.5821
1.5821
1.5821
1.5821
1.5821
1.5821
1.5821
1.5821
1.5821
1.5821
1.5821
1.5821
1.5821
1.5821
1.5821
1.5821
1.5821
1.5821
1.5821
1.5821
1.5821
1.5821
1.5821
1.5821
1.5821
1.5821
1.5821
1.5821
1.5821
1.5821
1.5821
1.5821
1.5821
1.5821
1.5821
1.5821
1.5821
1.5821
1.5821
1.5821
1.5821
1.5821
1.5821
1.5821
1.5821
1.5821
1.5821
1.5821
1.5821
1.5821
1.5821
1.5821
1.5821
1.5821
1.5821
1.5821
1.5821
1.5821
1.5821
1.5821
1.5821
1.5821
1.5821
1.5821
1.5821
1.5821
1.5821
1.5821
1.5821
1.5821
1.5821
1.5821
1.5821
1.5821
1.5821
1.5821
1.5821
1.5821
1.5821
1.5821
1.5821
1.5821
1.5821
1.5821
1.5821
1.5821
1.5821
1.5821
1.5821
1.5821
1.5821
1.5821
1.5821
1.5821
1.5821
1.5821
1.5821
1.5821
1.5821
1.5821
1.5821
1.5821
1.5821
1.5821
1.5821
1.5821
1.5821
1.5821
1.5821
1.5821
1.5823
1.5823
1.5824
1.5825
1.5825
1.5825
1.5825
1.5825
1.5825
1.5825
1.5825
1.5825
1.5825
1.5825
1.5825
1.5825
1.5825
1.5825
1.5825
1.5825
1.5825
1.5825
1.5825
1.5825
1.5825
1.5825
1.5825
1.5825
1.5825
1.5825
1.5825
1.5825
1.5825
1.5825
1.5825
1.5825
1.5825
1.5825
1.5825
1.5825
1.5825
1.5825
1.5825
1.5825
1.5825
1.5825
1.5825
1.5825
1.5825
1.5825
1.5825
1.5825
1.5825
1.5825
1.5825
1.5825
1.5825
1.5825
1.5825
1.5825
1.5825
1.5825
1.5825
1.5825
1.5825
1.5825
1.5825
1.5825
1.5825
1.5825
1.5825
1.5825
1.5825
1.5825
1.5825
1.5825
1.5825
1.5825
1.5825
1.5825
1.5825
1.5825
1.5825
1.5825
1.5825
1.5825
1.5825
1.5825
1.5825
1.5825
1.5825
1.5825
1.5825
1.5825
1.5825
1.5825
1.5825
1.5825
1.5825
1.5825
1.5825
1.5825
1.5825
1.5825
1.5825
1.5825
1.5825
1.5825
1.5825
1.5825
1.5825
1.5825
1.5825
1.5825
1.5825
1.5825
1.5825
1.5825
1.5825
1.5825
1.5825
1.5825
1.5825
1.5825
1.5825
1.5825
1.5825
1.5825
1.5825
1.5825
1.5825
1.5825
1.5825
1.5825
1.5825
1.5825
1.5825
1.5825
1.5825
1.5825
1.5825
1.5825
1.5825
1.5825
1.5825
1.5825
1.5825
1.5825
1.5825
1.5825
1.5825
1.5825
1.5825
1.5825
1.5825
1.5825
1.5825
1.5825
1.5825
1.5825
1.5825
1.5825
1.5825
1.5825
1.5825
1.5825
1.5825
1.5825
1.5825
1.5825
1.5825
1.5825
1.5825
1.5825
1.5825
1.5825
1.5825
1.5825
1.5825
1.5825
1.5825
1.5825
1.5825
1.5825
1.5825
1.5825
1.5825
1.5825
1.5825
1.5825
1.5825
1.5825
1.5825
1.5825
1.5825
1.5825
1.5825
1.5825
1.5825
1.5825
1.5825
1.5825
1.5825
1.5825
1.5825
1.5825
1.5825
1.5825
1.5825
1.5825
1.5825
1.5825
1.5825
1.5825
1.5825
1.5825
1.5825
1.5825
1.5825
1.5825
1.5825
1.5825
1.5825
1.5825
1.5825
1.5825
1.5825
1.5825
1.5825
1.5825
1.5825
1.5825
1.5825
1.5825
1.5825
1.5825
1.5825
1.5825
1.5825
1.5825
1.5825
1.5825
1.5825
1.5825
1.5825
1.5825
1.5825
1.5825
1.5825
1.5825
1.5825
1.5825
1.5825
1.5825
1.5825
1.5825
1.5825
1.5825
1.5825
1.5825
1.5825
1.5825
1.5825
1.5825
1.5825
1.5825
1.5825
1.5825
1.5825
1.5825
1.5825
1.5825
1.5825
1.5825
1.5825
1.5825
1.5825
1.5825
1.5825
1.5825
1.5825
1.5825
1.5825
1.5825
1.5825
1.5825
1.5825
1.5825
1.5825
1.5825
1.5825
1.5825
1.5825
1.5825
1.5825
1.5825
1.5825
1.5825
1.5825
1.5825
1.5825
1.5825
1.5825
1.5825
1.5825
1.5825
1.5825
1.5825
1.5825
1.5825
1.5825
1.5825
1.5825
1.5825
1.5825
1.5825
1.5825
1.5825
1.5825
1.5825
1.5825
1.5825
1.5825
1.5825
1.5825
1.5825
1.5825
1.5825
1.5825
1.5825
1.5825
1.5825
1.5825
1.5825
1.5825
1.5825
1.5825
1.5825
1.5825
1.5825
1.5825
1.5825
1.5825
1.5825
1.5825
1.5825
1.5825
1.5825
1.5825
1.5825
1.5825
1.5825
1.5825
1.5825
1.5825
1.5825
1.5825
1.5825
1.5825
1.5825
1.5825
1.5825
1.5825
1.5825
1.5825
1.5825
1.5825
1.5825
1.5825
1.5825
1.5825
1.5825
1.5825
1.5825
1.5825
1.5825
1.5825
1.5825
1.5825
1.5825
1.5825
1.5825
1.5825
1.5825
1.5825
1.5825
1.5825
1.5825
1.5825
1.5825
1.5825
1.5825
1.5825
1.5825
1.5825
1.5825
1.5825
1.5825
1.5825
1.5825
1.5825
1.5825
1.5825
1.5825
1.5825
1.5825
1.5825
1.5825
1.5825
1.5825
1.5825
1.5825
1.5825
1.5825
1.5825
1.5825
1.5825
1.5825
1.5825
1.5825
1.5825
1.5825
1.5825
1.5825
1.5825
1.5825
1.5825
1.5825
1.5825
1.5825
1.5825
1.5825
1.5825
1.5825
1.5825
1.5825
1.5825
1.5825
1.5825
1.5825
1.5825
1.5825
1.5825
1.5825
1.5825
1.5825
1.5825
1.5825
1.5825
1.5825
1.5825
1.5825
1.5825
1.5825
1.5825
1.5825
1.5825
1.5825
1.5825
1.5825
1.5825
1.5825
1.5825
1.5825
1.5825
1.5825
1.5825
1.5825
1.5825
1.5825
1.5825
1.5825
1.5825
1.5825
1.5825
1.5825
1.5825
1.5825
1.5825
1.5825
1.5825
1.5825
1.5825
1.5825
1.5825
1.5825
1.5825
1.5825
1.5825
1.5825
1.5825
1.5825
1.5825
1.5825
1.5825
1.5825
1.5825
1.5825
1.5825
1.5825
1.5825
1.5825
1.5825
1.5825
1.5825
1.5825
1.5825
1.5825
1.5825
1.5825
1.5825
1.5825
1.5825
1.5825
1.5825
1.5825
1.5825
1.5825
1.5825
1.5825
1.5825
1.5825
1.5825
1.5825
1.5825
1.5825
1.5825
1.5825
1.5825
1.5825
1.5825
1.5825
1.5825
1.5825
1.5825
1.5825
1.5825
1.5825
1.5825
1.5825
1.5825
1.5825
1.5825
1.5825
1.5825
1.5825
1.5825
1.5825
1.5825
1.5825
1.5825
1.5825
1.5825
1.5825
1.5825
1.5825
1.5825
1.5825
1.5825
1.5825
1.5825
1.5825
1.5825
1.5825
1.5825
1.5825
1.5825
1.5825
1.5825
1.5825
1.5825
1.5825
1.5825
1.5825
1.5825
1.5825
1.5825
1.5825
1.5825
1.5825
1.5825
1.5825
1.5825
1.5825
1.5825
1.5825
1.5825
1.5825
1.5825
1.5825
1.5825
1.5825
1.5825
1.5825
1.5825
1.5825
1.5825
1.5825
1.5825
1.5825
1.5825
1.5825
1.5825
1.5825
1.5825
1.5825
1.5825
1.5825
1.5825
1.5825
1.5825
1.5825
1.5825
1.5825
1.5825
1.5825
1.5825
1.5825
1.5825
1.5825
1.5825
1.5825
1.5825
1.5825
1.5825
1.5825
1.5825
1.5825
1.5825
1.5825
1.5825
1.5825
1.5825
1.5825
1.5825
1.5825
1.5825
1.5825
1.5825
1.5825
1.5825
1.5825
1.5825
1.5825
1.5825
1.5825
1.5825
1.5825
1.5825
1.5825
1.5825
1.5825
1.5825
1.5825
1.5825
1.5825
1.5825
1.5825
1.5825
1.5825
1.5825
1.5825
1.5825
1.5825
1.5825
1.5825
1.5825
1.5825
1.5825
1.5825
1.5825
1.5825
1.5825
1.5825
1.5825
1.5825
1.5825
1.5825
1.5825
1.5825
1.5825
1.5825
1.5825
1.5825
1.5825
1.5825
1.5825
1.5825
1.5825
1.5825
1.5825
1.5825
1.5825
1.5825
1.5825
1.5825
1.5825
1.5825
1.5825
1.5825
1.5825
1.5825
1.5825
1.5825
1.5825
1.5825
1.5825
1.5825
1.5825
1.5825
1.5825
1.5825
1.5825
1.5825
1.5825
1.5825
1.5825
1.5825
1.5825
1.5825
1.5825
1.5825
1.5825
1.5825
1.5825
1.5825
1.5825
1.5825
1.5825
1.5825
1.5825
1.5825
1.5825
1.5825
1.5825
1.5825
1.5825
1.5825
1.5825
1.5825
1.5825
1.5825
1.5825
1.5825
1.5825
1.5825
