1.1004,1.1021,1.8197,0.00058513,1.8197,0.00058513,10.123
1.0006,0.99933,-0.15111,-0.0025704,-0.15111,-0.0025704,0.26202
1.0006,0.9994,-0.12119,-0.0046808,-0.12119,-0.0046808,0.1936
1.0005,0.99948,-0.089937,-0.0061947,-0.089937,-0.0061947,0.12982
1.0004,0.99956,-0.057499,-0.0075284,-0.057499,-0.0075284,0.071847
1.0004,0.99965,-0.024127,-0.0088457,-0.024127,-0.0088457,0.020987
1.0003,0.99973,0.0096646,-0.010202,0.0096646,-0.010202,-0.021431
1.0089,1.0081,0.045583,-0.017733,0.045583,-0.017733,-0.048331
1.021,1.0203,0.08489,-0.020841,0.08489,-0.020841,-0.033742
1.0241,1.0235,0.11798,-0.020377,0.11798,-0.020377,-0.011258
1.0242,1.024,0.14524,-0.018413,0.14524,-0.018413,6.6278e-05
1.0253,1.0253,0.16827,-0.01664,0.16827,-0.01664,0.00087233
1.0295,1.0297,0.18788,-0.015665,0.18788,-0.015665,0.0034058
1.0381,1.0384,0.20488,-0.015359,0.20488,-0.015359,0.011379
1.0516,1.052,0.21971,-0.015519,0.21971,-0.015519,0.017134
1.07,1.0705,0.23273,-0.015922,0.23273,-0.015922,0.023051
1.093,1.0935,0.2443,-0.016405,0.2443,-0.016405,0.029512
1.0998,1.1002,0.25299,-0.016658,0.25299,-0.016658,0.038824
1.0997,1.1003,0.26019,-0.016728,0.26019,-0.016728,0.044412
1.0997,1.1003,0.26612,-0.016691,0.26612,-0.016691,0.049292
1.0997,1.1003,0.27113,-0.016617,0.27113,-0.016617,0.053593
1.0997,1.1003,0.27534,-0.016546,0.27534,-0.016546,0.057384
1.0997,1.1003,0.27892,-0.016494,0.27892,-0.016494,0.060699
1.0997,1.1003,0.282,-0.01646,0.282,-0.01646,0.063593
1.0997,1.1003,0.28458,-0.016441,0.28458,-0.016441,0.066121
1.0997,1.1003,0.28679,-0.01643,0.28679,-0.01643,0.068307
1.0997,1.1003,0.28871,-0.016423,0.28871,-0.016423,0.070198
1.0997,1.1003,0.29033,-0.016417,0.29033,-0.016417,0.071843
1.0996,1.1004,0.29168,-0.016413,0.29168,-0.016413,0.073265
1.0996,1.1004,0.29288,-0.016409,0.29288,-0.016409,0.07448
1.0996,1.1004,0.2939,-0.016406,0.2939,-0.016406,0.075537
1.0996,1.1004,0.29477,-0.016404,0.29477,-0.016404,0.076449
1.0996,1.1004,0.29551,-0.016404,0.29551,-0.016404,0.077237
1.0996,1.1004,0.29615,-0.016405,0.29615,-0.016405,0.077914
1.0996,1.1004,0.29669,-0.016407,0.29669,-0.016407,0.078496
1.0996,1.1004,0.29716,-0.01641,0.29716,-0.01641,0.078995
1.0996,1.1004,0.29756,-0.016413,0.29756,-0.016413,0.079428
1.0996,1.1004,0.29791,-0.016417,0.29791,-0.016417,0.0798
1.0996,1.1004,0.2982,-0.016422,0.2982,-0.016422,0.080121
1.0996,1.1004,0.29846,-0.016426,0.29846,-0.016426,0.080395
1.0996,1.1004,0.29868,-0.016431,0.29868,-0.016431,0.080633
1.0996,1.1004,0.29886,-0.016437,0.29886,-0.016437,0.080833
1.0996,1.1004,0.29904,-0.016443,0.29904,-0.016443,0.081002
1.0996,1.1004,0.29915,-0.016449,0.29915,-0.016449,0.081156
1.0996,1.1004,0.29929,-0.016455,0.29929,-0.016455,0.081277
1.0996,1.1004,0.29937,-0.016461,0.29937,-0.016461,0.081394
1.0996,1.1004,0.29948,-0.016467,0.29948,-0.016467,0.081485
1.0996,1.1004,0.29953,-0.016474,0.29953,-0.016474,0.081571
1.0996,1.1004,0.29959,-0.016481,0.29959,-0.016481,0.081638
1.0996,1.1004,0.29967,-0.016488,0.29967,-0.016488,0.081693
1.0996,1.1004,0.29972,-0.016495,0.29972,-0.016495,0.081749
1.0996,1.1004,0.29976,-0.016502,0.29976,-0.016502,0.081795
1.0996,1.1004,0.29979,-0.016509,0.29979,-0.016509,0.081834
1.0996,1.1004,0.29982,-0.016516,0.29982,-0.016516,0.081865
1.0996,1.1004,0.29985,-0.016523,0.29985,-0.016523,0.081895
1.0996,1.1004,0.29987,-0.01653,0.29987,-0.01653,0.081919
1.0996,1.1004,0.29989,-0.016537,0.29989,-0.016537,0.081942
1.0996,1.1004,0.2999,-0.016544,0.2999,-0.016544,0.081958
1.0996,1.1004,0.29991,-0.016551,0.29991,-0.016551,0.081973
1.0996,1.1004,0.29992,-0.016559,0.29992,-0.016559,0.081987
1.0996,1.1004,0.29996,-0.016566,0.29996,-0.016566,0.081996
1.0996,1.1004,0.29994,-0.016574,0.29994,-0.016574,0.082014
1.0996,1.1004,0.29995,-0.016581,0.29995,-0.016581,0.082019
1.0996,1.1004,0.29995,-0.016588,0.29995,-0.016588,0.082027
1.0996,1.1004,0.29996,-0.016595,0.29996,-0.016595,0.082034
1.0996,1.1004,0.29999,-0.016603,0.29999,-0.016603,0.082036
1.0996,1.1004,0.29997,-0.01661,0.29997,-0.01661,0.082046
1.0996,1.1004,0.29999,-0.016618,0.29999,-0.016618,0.082044
1.0996,1.1004,0.29997,-0.016625,0.29997,-0.016625,0.082053
1.0996,1.1004,0.3,-0.016632,0.3,-0.016632,0.082051
1.0996,1.1004,0.29998,-0.01664,0.29998,-0.01664,0.082061
1.0996,1.1004,0.29997,-0.016647,0.29997,-0.016647,0.082059
1.0996,1.1004,0.3,-0.016654,0.3,-0.016654,0.082058
1.0996,1.1004,0.3,-0.016662,0.3,-0.016662,0.082062
1.0996,1.1004,0.3,-0.016669,0.3,-0.016669,0.082063
1.0996,1.1004,0.3,-0.016676,0.3,-0.016676,0.082063
1.0996,1.1004,0.3,-0.016684,0.3,-0.016684,0.082063
1.0996,1.1004,0.3,-0.016692,0.3,-0.016692,0.082063
1.0996,1.1004,0.3,-0.0167,0.3,-0.0167,0.082063
1.0996,1.1004,0.3,-0.016707,0.3,-0.016707,0.082064
1.0996,1.1004,0.29999,-0.016714,0.29999,-0.016714,0.082064
1.0996,1.1004,0.29999,-0.016721,0.29999,-0.016721,0.082063
1.0996,1.1004,0.29999,-0.016728,0.29999,-0.016728,0.082063
1.0996,1.1004,0.29999,-0.016735,0.29999,-0.016735,0.082063
1.0996,1.1004,0.29999,-0.016743,0.29999,-0.016743,0.082064
1.0996,1.1004,0.29998,-0.016751,0.29998,-0.016751,0.082064
1.0996,1.1004,0.29998,-0.016758,0.29998,-0.016758,0.082063
1.0996,1.1004,0.29998,-0.016766,0.29998,-0.016766,0.082063
1.0996,1.1004,0.29998,-0.016773,0.29998,-0.016773,0.082063
1.0996,1.1004,0.29998,-0.016781,0.29998,-0.016781,0.082063
1.0996,1.1004,0.29998,-0.016788,0.29998,-0.016788,0.082064
1.0996,1.1004,0.29998,-0.016795,0.29998,-0.016795,0.082064
1.0996,1.1004,0.29998,-0.016802,0.29998,-0.016802,0.082064
1.0996,1.1004,0.29998,-0.01681,0.29998,-0.01681,0.082064
1.0996,1.1004,0.29997,-0.016817,0.29997,-0.016817,0.082065
1.0996,1.1004,0.3,-0.016825,0.3,-0.016825,0.082064
1.0996,1.1004,0.3,-0.016832,0.3,-0.016832,0.082068
1.0996,1.1004,0.3,-0.016839,0.3,-0.016839,0.082068
1.0996,1.1004,0.3,-0.016846,0.3,-0.016846,0.082068
1.0996,1.1004,0.3,-0.016854,0.3,-0.016854,0.082068
1.0996,1.1004,0.3,-0.016862,0.3,-0.016862,0.082069
1.0996,1.1004,0.3,-0.01687,0.3,-0.01687,0.082069
1.0996,1.1004,0.3,-0.016877,0.3,-0.016877,0.082069
1.0996,1.1004,0.3,-0.016884,0.3,-0.016884,0.082069
1.0996,1.1004,0.29999,-0.016892,0.29999,-0.016892,0.08207
1.0996,1.1004,0.29999,-0.016899,0.29999,-0.016899,0.082069
1.0996,1.1004,0.29999,-0.016907,0.29999,-0.016907,0.082069
1.0996,1.1004,0.29999,-0.016914,0.29999,-0.016914,0.082069
1.0996,1.1004,0.29998,-0.016921,0.29998,-0.016921,0.082069
1.0996,1.1004,0.29998,-0.016928,0.29998,-0.016928,0.082068
1.0996,1.1004,0.29998,-0.016936,0.29998,-0.016936,0.082068
1.0996,1.1004,0.29998,-0.016943,0.29998,-0.016943,0.082069
1.0996,1.1004,0.29998,-0.016951,0.29998,-0.016951,0.082069
1.0996,1.1004,0.29998,-0.016958,0.29998,-0.016958,0.082069
1.0996,1.1004,0.29998,-0.016965,0.29998,-0.016965,0.082069
1.0996,1.1004,0.29998,-0.016972,0.29998,-0.016972,0.08207
1.0996,1.1004,0.29998,-0.01698,0.29998,-0.01698,0.08207
1.0996,1.1004,0.29998,-0.016988,0.29998,-0.016988,0.08207
1.0996,1.1004,0.29997,-0.016996,0.29997,-0.016996,0.08207
1.0996,1.1004,0.3,-0.017003,0.3,-0.017003,0.082069
1.0996,1.1004,0.3,-0.01701,0.3,-0.01701,0.082073
1.0996,1.1004,0.3,-0.017017,0.3,-0.017017,0.082074
1.0996,1.1004,0.3,-0.017024,0.3,-0.017024,0.082074
1.0996,1.1004,0.3,-0.017032,0.3,-0.017032,0.082074
1.0996,1.1004,0.3,-0.01704,0.3,-0.01704,0.082075
1.0996,1.1004,0.3,-0.017047,0.3,-0.017047,0.082075
1.0996,1.1004,0.3,-0.017054,0.3,-0.017054,0.082075
1.0996,1.1004,0.29999,-0.017062,0.29999,-0.017062,0.082075
1.0996,1.1004,0.29999,-0.017069,0.29999,-0.017069,0.082074
1.0996,1.1004,0.29999,-0.017076,0.29999,-0.017076,0.082074
1.0996,1.1004,0.29999,-0.017084,0.29999,-0.017084,0.082075
1.0996,1.1004,0.29999,-0.017091,0.29999,-0.017091,0.082075
1.0996,1.1004,0.29999,-0.017098,0.29999,-0.017098,0.082075
1.0996,1.1004,0.29999,-0.017106,0.29999,-0.017106,0.082075
1.0996,1.1004,0.29999,-0.017113,0.29999,-0.017113,0.082076
1.0996,1.1004,0.29999,-0.01712,0.29999,-0.01712,0.082076
1.0996,1.1004,0.29999,-0.017128,0.29999,-0.017128,0.082076
1.0996,1.1004,0.29998,-0.017136,0.29998,-0.017136,0.082076
1.0996,1.1004,0.29998,-0.017144,0.29998,-0.017144,0.082075
1.0996,1.1004,0.29998,-0.017151,0.29998,-0.017151,0.082076
1.0996,1.1004,0.29998,-0.017158,0.29998,-0.017158,0.082076
1.0996,1.1004,0.29997,-0.017165,0.29997,-0.017165,0.082076
1.0996,1.1004,0.3,-0.017172,0.3,-0.017172,0.082075
1.0996,1.1004,0.3,-0.017179,0.3,-0.017179,0.082079
1.0996,1.1004,0.3,-0.017187,0.3,-0.017187,0.08208
1.0996,1.1004,0.3,-0.017195,0.3,-0.017195,0.08208
1.0996,1.1004,0.3,-0.017202,0.3,-0.017202,0.08208
1.0996,1.1004,0.3,-0.01721,0.3,-0.01721,0.08208
1.0996,1.1004,0.3,-0.017217,0.3,-0.017217,0.082081
1.0996,1.1004,0.3,-0.017224,0.3,-0.017224,0.082081
1.0997,1.1003,0.3,-0.017232,0.3,-0.017232,0.082081
1.0997,1.1003,0.29999,-0.017239,0.29999,-0.017239,0.082081
1.0997,1.1003,0.29999,-0.017246,0.29999,-0.017246,0.08208
1.0997,1.1003,0.29999,-0.017254,0.29999,-0.017254,0.082081
1.0997,1.1003,0.29999,-0.017261,0.29999,-0.017261,0.082081
1.0997,1.1003,0.29999,-0.017269,0.29999,-0.017269,0.082081
1.0997,1.1003,0.29999,-0.017276,0.29999,-0.017276,0.082081
1.0997,1.1003,0.29999,-0.017283,0.29999,-0.017283,0.082082
1.0997,1.1003,0.29999,-0.01729,0.29999,-0.01729,0.082082
1.0997,1.1003,0.29999,-0.017298,0.29999,-0.017298,0.082082
1.0997,1.1003,0.29998,-0.017306,0.29998,-0.017306,0.082082
1.0997,1.1003,0.29998,-0.017314,0.29998,-0.017314,0.082081
1.0997,1.1003,0.29998,-0.017321,0.29998,-0.017321,0.082082
1.0997,1.1003,0.29998,-0.017328,0.29998,-0.017328,0.082082
1.0997,1.1003,0.29998,-0.017336,0.29998,-0.017336,0.082082
1.0997,1.1003,0.29997,-0.017343,0.29997,-0.017343,0.082082
1.0997,1.1003,0.3,-0.017351,0.3,-0.017351,0.082081
1.0997,1.1003,0.3,-0.017358,0.3,-0.017358,0.082085
1.0997,1.1003,0.3,-0.017365,0.3,-0.017365,0.082086
1.0997,1.1003,0.3,-0.017372,0.3,-0.017372,0.082086
1.0997,1.1003,0.3,-0.01738,0.3,-0.01738,0.082086
1.0997,1.1003,0.3,-0.017387,0.3,-0.017387,0.082086
1.0997,1.1003,0.3,-0.017395,0.3,-0.017395,0.082087
1.0997,1.1003,0.3,-0.017402,0.3,-0.017402,0.082087
1.0997,1.1003,0.29999,-0.017409,0.29999,-0.017409,0.082087
1.0997,1.1003,0.29999,-0.017416,0.29999,-0.017416,0.082086
1.0997,1.1003,0.29999,-0.017424,0.29999,-0.017424,0.082086
1.0997,1.1003,0.29999,-0.017432,0.29999,-0.017432,0.082086
1.0997,1.1003,0.29999,-0.017439,0.29999,-0.017439,0.082087
1.0997,1.1003,0.29999,-0.017447,0.29999,-0.017447,0.082087
1.0997,1.1003,0.29999,-0.017454,0.29999,-0.017454,0.082087
1.0997,1.1003,0.29999,-0.017462,0.29999,-0.017462,0.082087
1.0997,1.1003,0.29999,-0.017469,0.29999,-0.017469,0.082088
1.0997,1.1003,0.29999,-0.017477,0.29999,-0.017477,0.082088
1.0997,1.1003,0.29998,-0.017485,0.29998,-0.017485,0.082088
1.0997,1.1003,0.29998,-0.017491,0.29998,-0.017491,0.082087
1.0997,1.1003,0.29998,-0.017498,0.29998,-0.017498,0.082087
1.0997,1.1003,0.29998,-0.017506,0.29998,-0.017506,0.082087
1.0997,1.1003,0.29997,-0.017514,0.29997,-0.017514,0.082088
1.0997,1.1003,0.3,-0.01752,0.3,-0.01752,0.082087
1.0997,1.1003,0.3,-0.017527,0.3,-0.017527,0.082091
1.0997,1.1003,0.3,-0.017535,0.3,-0.017535,0.082091
1.0997,1.1003,0.3,-0.017543,0.3,-0.017543,0.082091
1.0997,1.1003,0.3,-0.017551,0.3,-0.017551,0.082092
1.0997,1.1003,0.3,-0.017558,0.3,-0.017558,0.082092
1.0997,1.1003,0.3,-0.017565,0.3,-0.017565,0.082092
1.0997,1.1003,0.3,-0.017573,0.3,-0.017573,0.082092
1.0997,1.1003,0.3,-0.017579,0.3,-0.017579,0.082093
1.0997,1.1003,0.29999,-0.017586,0.29999,-0.017586,0.082093
1.0997,1.1003,0.29999,-0.017594,0.29999,-0.017594,0.082092
1.0997,1.1003,0.29999,-0.017602,0.29999,-0.017602,0.082092
1.0997,1.1003,0.29999,-0.01761,0.29999,-0.01761,0.082092
1.0997,1.1003,0.29999,-0.017617,0.29999,-0.017617,0.082093
1.0997,1.1003,0.29999,-0.017625,0.29999,-0.017625,0.082093
1.0997,1.1003,0.29999,-0.017633,0.29999,-0.017633,0.082093
1.0997,1.1003,0.29999,-0.017639,0.29999,-0.017639,0.082094
1.0997,1.1003,0.29999,-0.017646,0.29999,-0.017646,0.082094
1.0997,1.1003,0.29998,-0.017654,0.29998,-0.017654,0.082094
1.0997,1.1003,0.29998,-0.017662,0.29998,-0.017662,0.082093
1.0997,1.1003,0.29998,-0.017669,0.29998,-0.017669,0.082093
1.0997,1.1003,0.29998,-0.017676,0.29998,-0.017676,0.082094
1.0997,1.1003,0.29998,-0.017684,0.29998,-0.017684,0.082094
1.0997,1.1003,0.29998,-0.017692,0.29998,-0.017692,0.082094
1.0997,1.1003,0.29998,-0.017698,0.29998,-0.017698,0.082094
1.0997,1.1003,0.29998,-0.017705,0.29998,-0.017705,0.082095
1.0997,1.1003,0.29998,-0.017713,0.29998,-0.017713,0.082095
1.0997,1.1003,0.29997,-0.017721,0.29997,-0.017721,0.082095
1.0997,1.1003,0.29999,-0.017728,0.29999,-0.017728,0.082094
1.0997,1.1003,0.3,-0.017735,0.3,-0.017735,0.082097
1.0997,1.1003,0.3,-0.017743,0.3,-0.017743,0.082098
1.0997,1.1003,0.3,-0.017751,0.3,-0.017751,0.082099
1.0997,1.1003,0.29999,-0.017757,0.29999,-0.017757,0.082099
1.0997,1.1003,0.29999,-0.017764,0.29999,-0.017764,0.082098
1.0997,1.1003,0.29999,-0.017772,0.29999,-0.017772,0.082098
1.0997,1.1003,0.29999,-0.01778,0.29999,-0.01778,0.082098
1.0997,1.1003,0.29999,-0.017787,0.29999,-0.017787,0.082099
1.0997,1.1003,0.29999,-0.017794,0.29999,-0.017794,0.082099
1.0997,1.1003,0.29999,-0.017802,0.29999,-0.017802,0.082099
1.0997,1.1003,0.29999,-0.01781,0.29999,-0.01781,0.082099
1.0997,1.1003,0.29999,-0.017817,0.29999,-0.017817,0.0821
1.0997,1.1003,0.29999,-0.017824,0.29999,-0.017824,0.0821
1.0997,1.1003,0.29998,-0.017832,0.29998,-0.017832,0.0821
1.0997,1.1003,0.29998,-0.01784,0.29998,-0.01784,0.082099
1.0997,1.1003,0.29998,-0.017846,0.29998,-0.017846,0.082099
1.0997,1.1003,0.29998,-0.017853,0.29998,-0.017853,0.0821
1.0997,1.1003,0.29998,-0.017861,0.29998,-0.017861,0.0821
1.0997,1.1003,0.29998,-0.017869,0.29998,-0.017869,0.0821
1.0997,1.1003,0.29998,-0.017876,0.29998,-0.017876,0.0821
1.0997,1.1003,0.29998,-0.017883,0.29998,-0.017883,0.082101
1.0997,1.1003,0.29998,-0.017891,0.29998,-0.017891,0.082101
1.0997,1.1003,0.29997,-0.017899,0.29997,-0.017899,0.082101
1.0997,1.1003,0.29999,-0.017905,0.29999,-0.017905,0.0821
1.0997,1.1003,0.3,-0.017912,0.3,-0.017912,0.082103
1.0997,1.1003,0.3,-0.01792,0.3,-0.01792,0.082105
1.0997,1.1003,0.3,-0.017928,0.3,-0.017928,0.082105
1.0997,1.1003,0.29999,-0.017935,0.29999,-0.017935,0.082105
1.0997,1.1003,0.29999,-0.017943,0.29999,-0.017943,0.082104
1.0997,1.1003,0.29999,-0.01795,0.29999,-0.01795,0.082104
1.0997,1.1003,0.29999,-0.017958,0.29999,-0.017958,0.082105
1.0997,1.1003,0.29999,-0.017964,0.29999,-0.017964,0.082105
1.0997,1.1003,0.29999,-0.017971,0.29999,-0.017971,0.082108
1.0997,1.1003,0.29999,-0.017979,0.29999,-0.017979,0.082108
1.0996,1.1003,0.29998,-0.017985,0.29998,-0.017985,0.082146
1.0995,1.1001,0.29995,-0.017985,0.29995,-0.017985,0.082254
1.0994,1.1,0.29994,-0.017978,0.29994,-0.017978,0.082349
1.0993,1.1,0.29993,-0.017969,0.29993,-0.017969,0.082413
1.0993,1.0999,0.29993,-0.017962,0.29993,-0.017962,0.082457
1.0993,1.1,0.29994,-0.017959,0.29994,-0.017959,0.082453
1.0993,1.1,0.29995,-0.017959,0.29995,-0.017959,0.082456
1.0993,1.1,0.29996,-0.017961,0.29996,-0.017961,0.08246
1.0993,1.1,0.29997,-0.017962,0.29997,-0.017962,0.082464
1.0993,1.1,0.29999,-0.017964,0.29999,-0.017964,0.082466
1.0993,1.1,0.29998,-0.017964,0.29998,-0.017964,0.08247
1.0993,1.1,0.29998,-0.017964,0.29998,-0.017964,0.08247
1.0993,1.1,0.29998,-0.017964,0.29998,-0.017964,0.08247
1.0993,1.1,0.29998,-0.017964,0.29998,-0.017964,0.08247
1.0993,1.1,0.29998,-0.017965,0.29998,-0.017965,0.08247
1.0993,1.1,0.29998,-0.017963,0.29998,-0.017963,0.08247
1.0993,1.1,0.29998,-0.017962,0.29998,-0.017962,0.08247
1.0993,1.1,0.29998,-0.017961,0.29998,-0.017961,0.08247
1.0993,1.1,0.29998,-0.017961,0.29998,-0.017961,0.08247
1.0993,1.1,0.29998,-0.017961,0.29998,-0.017961,0.08247
1.0993,1.1,0.29998,-0.017961,0.29998,-0.017961,0.08247
1.0993,1.1,0.29998,-0.017961,0.29998,-0.017961,0.08247
1.0993,1.1,0.29998,-0.017961,0.29998,-0.017961,0.08247
1.0993,1.1,0.29998,-0.017961,0.29998,-0.017961,0.08247
1.0993,1.1,0.29998,-0.017961,0.29998,-0.017961,0.08247
1.0993,1.1,0.29998,-0.017961,0.29998,-0.017961,0.08247
1.0993,1.1,0.29998,-0.017961,0.29998,-0.017961,0.08247
1.0993,1.1,0.29998,-0.017961,0.29998,-0.017961,0.08247
1.0993,1.1,0.29998,-0.017961,0.29998,-0.017961,0.08247
1.0993,1.1,0.29998,-0.017961,0.29998,-0.017961,0.08247
1.0993,1.1,0.29998,-0.017961,0.29998,-0.017961,0.08247
1.0993,1.1,0.29998,-0.017961,0.29998,-0.017961,0.08247
1.0993,1.1,0.29998,-0.017961,0.29998,-0.017961,0.08247
1.0993,1.1,0.29998,-0.017961,0.29998,-0.017961,0.08247
1.0993,1.1,0.29998,-0.017961,0.29998,-0.017961,0.08247
1.0993,1.1,0.29998,-0.017961,0.29998,-0.017961,0.08247
1.0993,1.1,0.29998,-0.017961,0.29998,-0.017961,0.08247
1.0993,1.1,0.29998,-0.017961,0.29998,-0.017961,0.08247
1.0993,1.1,0.29998,-0.017961,0.29998,-0.017961,0.08247
1.0993,1.1,0.29998,-0.017961,0.29998,-0.017961,0.08247
1.0993,1.1,0.29998,-0.017961,0.29998,-0.017961,0.08247
1.0993,1.1,0.29998,-0.017961,0.29998,-0.017961,0.08247
1.0993,1.1,0.29998,-0.017961,0.29998,-0.017961,0.08247
1.0993,1.1,0.29998,-0.017961,0.29998,-0.017961,0.08247
1.0993,1.1,0.29998,-0.017961,0.29998,-0.017961,0.08247
1.0993,1.1,0.29998,-0.017961,0.29998,-0.017961,0.08247
1.0993,1.1,0.29998,-0.017961,0.29998,-0.017961,0.08247
1.0993,1.1,0.29998,-0.017961,0.29998,-0.017961,0.08247
1.0993,1.1,0.29998,-0.017961,0.29998,-0.017961,0.08247
1.0993,1.1,0.29998,-0.017961,0.29998,-0.017961,0.08247
1.0993,1.1,0.29998,-0.017961,0.29998,-0.017961,0.08247
1.0993,1.1,0.29998,-0.017961,0.29998,-0.017961,0.08247
1.0993,1.1,0.29998,-0.017961,0.29998,-0.017961,0.08247
1.0993,1.1,0.29998,-0.017961,0.29998,-0.017961,0.08247
1.0993,1.1,0.29998,-0.017961,0.29998,-0.017961,0.08247
1.0993,1.1,0.29998,-0.017961,0.29998,-0.017961,0.08247
1.0993,1.1,0.29998,-0.017961,0.29998,-0.017961,0.08247
1.0993,1.1,0.29998,-0.017961,0.29998,-0.017961,0.08247
1.0993,1.1,0.29998,-0.017961,0.29998,-0.017961,0.08247
1.0993,1.1,0.29998,-0.017961,0.29998,-0.017961,0.08247
1.0993,1.1,0.29998,-0.017961,0.29998,-0.017961,0.08247
1.0993,1.1,0.29998,-0.017961,0.29998,-0.017961,0.08247
1.0993,1.1,0.29998,-0.017961,0.29998,-0.017961,0.08247
1.0993,1.1,0.29998,-0.017961,0.29998,-0.017961,0.08247
1.0993,1.1,0.29998,-0.017961,0.29998,-0.017961,0.08247
1.0993,1.1,0.29998,-0.017961,0.29998,-0.017961,0.08247
1.0993,1.1,0.29998,-0.017961,0.29998,-0.017961,0.08247
1.0993,1.1,0.29998,-0.017961,0.29998,-0.017961,0.08247
1.0993,1.1,0.29998,-0.017961,0.29998,-0.017961,0.08247
1.0993,1.1,0.29998,-0.017961,0.29998,-0.017961,0.08247
1.0993,1.1,0.29998,-0.017961,0.29998,-0.017961,0.08247
1.0993,1.1,0.29998,-0.017961,0.29998,-0.017961,0.08247
1.0993,1.1,0.29998,-0.017961,0.29998,-0.017961,0.08247
1.0993,1.1,0.29998,-0.017961,0.29998,-0.017961,0.08247
1.0993,1.1,0.29998,-0.017961,0.29998,-0.017961,0.08247
1.0993,1.1,0.29998,-0.017961,0.29998,-0.017961,0.08247
1.0993,1.1,0.29998,-0.017961,0.29998,-0.017961,0.08247
1.0993,1.1,0.29998,-0.017961,0.29998,-0.017961,0.08247
1.0993,1.1,0.29998,-0.017961,0.29998,-0.017961,0.08247
1.0993,1.1,0.29998,-0.017961,0.29998,-0.017961,0.08247
1.0993,1.1,0.29998,-0.017961,0.29998,-0.017961,0.08247
1.0993,1.1,0.29998,-0.017961,0.29998,-0.017961,0.08247
1.0993,1.1,0.29998,-0.017961,0.29998,-0.017961,0.08247
1.0993,1.1,0.29998,-0.017961,0.29998,-0.017961,0.08247
1.0993,1.1,0.29998,-0.017961,0.29998,-0.017961,0.08247
1.0993,1.1,0.29998,-0.017961,0.29998,-0.017961,0.08247
1.0993,1.1,0.29998,-0.017961,0.29998,-0.017961,0.08247
1.0993,1.1,0.29998,-0.017961,0.29998,-0.017961,0.08247
1.0993,1.1,0.29998,-0.017961,0.29998,-0.017961,0.08247
1.0993,1.1,0.29998,-0.017961,0.29998,-0.017961,0.08247
1.0993,1.1,0.29998,-0.017961,0.29998,-0.017961,0.08247
1.0993,1.1,0.29998,-0.017961,0.29998,-0.017961,0.08247
1.0993,1.1,0.29998,-0.017961,0.29998,-0.017961,0.08247
1.0993,1.1,0.29998,-0.017961,0.29998,-0.017961,0.08247
1.0993,1.1,0.29998,-0.017961,0.29998,-0.017961,0.08247
1.0993,1.1,0.29998,-0.017961,0.29998,-0.017961,0.08247
1.0993,1.1,0.29998,-0.017961,0.29998,-0.017961,0.08247
1.0993,1.1,0.29998,-0.017961,0.29998,-0.017961,0.08247
1.0993,1.1,0.29998,-0.017961,0.29998,-0.017961,0.08247
1.0993,1.1,0.29998,-0.017961,0.29998,-0.017961,0.08247
1.0993,1.1,0.29998,-0.017961,0.29998,-0.017961,0.08247
1.0993,1.1,0.29998,-0.017961,0.29998,-0.017961,0.08247
1.0993,1.1,0.29998,-0.017961,0.29998,-0.017961,0.08247
1.0993,1.1,0.29998,-0.017961,0.29998,-0.017961,0.08247
1.0993,1.1,0.29998,-0.017961,0.29998,-0.017961,0.08247
1.0993,1.1,0.29998,-0.017961,0.29998,-0.017961,0.08247
1.0993,1.1,0.29998,-0.017961,0.29998,-0.017961,0.08247
1.0993,1.1,0.29998,-0.017961,0.29998,-0.017961,0.08247
1.0993,1.1,0.29998,-0.017961,0.29998,-0.017961,0.08247
1.0993,1.1,0.29998,-0.017961,0.29998,-0.017961,0.08247
1.0993,1.1,0.29998,-0.017961,0.29998,-0.017961,0.08247
1.0993,1.1,0.29998,-0.017961,0.29998,-0.017961,0.08247
1.0993,1.1,0.29998,-0.017961,0.29998,-0.017961,0.08247
1.0993,1.1,0.29998,-0.017961,0.29998,-0.017961,0.08247
1.0993,1.1,0.29998,-0.017961,0.29998,-0.017961,0.08247
1.0993,1.1,0.29998,-0.017961,0.29998,-0.017961,0.08247
1.0993,1.1,0.29998,-0.017961,0.29998,-0.017961,0.08247
1.0993,1.1,0.29998,-0.017961,0.29998,-0.017961,0.08247
1.0993,1.1,0.29998,-0.017961,0.29998,-0.017961,0.08247
1.0993,1.1,0.29998,-0.017961,0.29998,-0.017961,0.08247
1.0993,1.1,0.29998,-0.017961,0.29998,-0.017961,0.08247
1.0993,1.1,0.29998,-0.017961,0.29998,-0.017961,0.08247
1.0993,1.1,0.29998,-0.017961,0.29998,-0.017961,0.08247
1.0993,1.1,0.29998,-0.017961,0.29998,-0.017961,0.08247
1.0993,1.1,0.29998,-0.017961,0.29998,-0.017961,0.08247
1.0993,1.1,0.29998,-0.017961,0.29998,-0.017961,0.08247
1.0993,1.1,0.29998,-0.017961,0.29998,-0.017961,0.08247
1.0993,1.1,0.29998,-0.017961,0.29998,-0.017961,0.08247
1.0993,1.1,0.29998,-0.017961,0.29998,-0.017961,0.08247
1.0993,1.1,0.29998,-0.017961,0.29998,-0.017961,0.08247
1.0993,1.1,0.29998,-0.017961,0.29998,-0.017961,0.08247
1.0993,1.1,0.29998,-0.017961,0.29998,-0.017961,0.08247
1.0993,1.1,0.29998,-0.017961,0.29998,-0.017961,0.08247
1.0993,1.1,0.29998,-0.017961,0.29998,-0.017961,0.08247
1.0993,1.1,0.29998,-0.017961,0.29998,-0.017961,0.08247
1.0993,1.1,0.29998,-0.017961,0.29998,-0.017961,0.08247
1.0993,1.1,0.29998,-0.017961,0.29998,-0.017961,0.08247
1.0993,1.1,0.29998,-0.017961,0.29998,-0.017961,0.08247
1.0993,1.1,0.29998,-0.017961,0.29998,-0.017961,0.08247
1.0993,1.1,0.29998,-0.017961,0.29998,-0.017961,0.08247
1.0993,1.1,0.29998,-0.017961,0.29998,-0.017961,0.08247
1.0993,1.1,0.29998,-0.017961,0.29998,-0.017961,0.08247
1.0993,1.1,0.29998,-0.017961,0.29998,-0.017961,0.08247
1.0993,1.1,0.29998,-0.017961,0.29998,-0.017961,0.08247
1.0993,1.1,0.29998,-0.017961,0.29998,-0.017961,0.08247
1.0993,1.1,0.29998,-0.017961,0.29998,-0.017961,0.08247
1.0993,1.1,0.29998,-0.017961,0.29998,-0.017961,0.08247
1.0993,1.1,0.29998,-0.017961,0.29998,-0.017961,0.08247
1.0993,1.1,0.29998,-0.017961,0.29998,-0.017961,0.08247
1.0993,1.1,0.29998,-0.017961,0.29998,-0.017961,0.08247
1.0993,1.1,0.29998,-0.017961,0.29998,-0.017961,0.08247
1.0993,1.1,0.29998,-0.017961,0.29998,-0.017961,0.08247
1.0993,1.1,0.29998,-0.017961,0.29998,-0.017961,0.08247
1.0993,1.1,0.29998,-0.017961,0.29998,-0.017961,0.08247
1.0993,1.1,0.29998,-0.017961,0.29998,-0.017961,0.08247
1.0993,1.1,0.29998,-0.017961,0.29998,-0.017961,0.08247
1.0993,1.1,0.29998,-0.017961,0.29998,-0.017961,0.08247
1.0993,1.1,0.29998,-0.017961,0.29998,-0.017961,0.08247
1.0993,1.1,0.29998,-0.017961,0.29998,-0.017961,0.08247
1.0993,1.1,0.29998,-0.017961,0.29998,-0.017961,0.08247
1.0993,1.1,0.29998,-0.017961,0.29998,-0.017961,0.08247
1.0993,1.1,0.29998,-0.017961,0.29998,-0.017961,0.08247
1.0993,1.1,0.29998,-0.017961,0.29998,-0.017961,0.08247
1.0993,1.1,0.29998,-0.017961,0.29998,-0.017961,0.08247
1.0993,1.1,0.29998,-0.017961,0.29998,-0.017961,0.08247
1.0993,1.1,0.29998,-0.017961,0.29998,-0.017961,0.08247
1.0993,1.1,0.29998,-0.017961,0.29998,-0.017961,0.08247
1.0993,1.1,0.29998,-0.017961,0.29998,-0.017961,0.08247
1.0993,1.1,0.29998,-0.017961,0.29998,-0.017961,0.08247
1.0993,1.1,0.29998,-0.017961,0.29998,-0.017961,0.08247
1.0993,1.1,0.29998,-0.017961,0.29998,-0.017961,0.08247
1.0993,1.1,0.29998,-0.017961,0.29998,-0.017961,0.08247
1.0993,1.1,0.29998,-0.017961,0.29998,-0.017961,0.08247
1.0993,1.1,0.29998,-0.017961,0.29998,-0.017961,0.08247
1.0993,1.1,0.29998,-0.017961,0.29998,-0.017961,0.08247
1.0993,1.1,0.29998,-0.017961,0.29998,-0.017961,0.08247
1.0993,1.1,0.29998,-0.017961,0.29998,-0.017961,0.08247
1.0993,1.1,0.29998,-0.017961,0.29998,-0.017961,0.08247
1.0993,1.1,0.29998,-0.017961,0.29998,-0.017961,0.08247
1.0993,1.1,0.29998,-0.017961,0.29998,-0.017961,0.08247
1.0993,1.1,0.29998,-0.017961,0.29998,-0.017961,0.08247
1.0993,1.1,0.29998,-0.017961,0.29998,-0.017961,0.08247
1.0993,1.1,0.29998,-0.017961,0.29998,-0.017961,0.08247
1.0993,1.1,0.29998,-0.017961,0.29998,-0.017961,0.08247
1.0993,1.1,0.29998,-0.017961,0.29998,-0.017961,0.08247
1.0993,1.1,0.29998,-0.017961,0.29998,-0.017961,0.08247
1.0993,1.1,0.29998,-0.017961,0.29998,-0.017961,0.08247
1.0993,1.1,0.29998,-0.017961,0.29998,-0.017961,0.08247
1.0993,1.1,0.29998,-0.017961,0.29998,-0.017961,0.08247
1.0993,1.1,0.29998,-0.017961,0.29998,-0.017961,0.08247
1.0993,1.1,0.29998,-0.017961,0.29998,-0.017961,0.08247
1.0993,1.1,0.29998,-0.017961,0.29998,-0.017961,0.08247
1.0993,1.1,0.29998,-0.017961,0.29998,-0.017961,0.08247
1.0993,1.1,0.29998,-0.017961,0.29998,-0.017961,0.08247
1.0993,1.1,0.29998,-0.017961,0.29998,-0.017961,0.08247
1.0993,1.1,0.29998,-0.017961,0.29998,-0.017961,0.08247
1.0993,1.1,0.29998,-0.017961,0.29998,-0.017961,0.08247
1.0993,1.1,0.29998,-0.017961,0.29998,-0.017961,0.08247
1.0993,1.1,0.29998,-0.017961,0.29998,-0.017961,0.08247
1.0993,1.1,0.29998,-0.017961,0.29998,-0.017961,0.08247
1.0993,1.1,0.29998,-0.017961,0.29998,-0.017961,0.08247
1.0993,1.1,0.29998,-0.017961,0.29998,-0.017961,0.08247
1.0993,1.1,0.29998,-0.017961,0.29998,-0.017961,0.08247
1.0993,1.1,0.29998,-0.017961,0.29998,-0.017961,0.08247
1.0993,1.1,0.29998,-0.017961,0.29998,-0.017961,0.08247
1.0993,1.1,0.29998,-0.017961,0.29998,-0.017961,0.08247
1.0993,1.1,0.29998,-0.017961,0.29998,-0.017961,0.08247
1.0993,1.1,0.29998,-0.017961,0.29998,-0.017961,0.08247
1.0993,1.1,0.29998,-0.017961,0.29998,-0.017961,0.08247
1.0993,1.1,0.29998,-0.017961,0.29998,-0.017961,0.08247
1.0993,1.1,0.29998,-0.017961,0.29998,-0.017961,0.08247
1.0993,1.1,0.29998,-0.017961,0.29998,-0.017961,0.08247
1.0993,1.1,0.29998,-0.017961,0.29998,-0.017961,0.08247
1.0993,1.1,0.29998,-0.017961,0.29998,-0.017961,0.08247
1.0993,1.1,0.29998,-0.017961,0.29998,-0.017961,0.08247
1.0993,1.1,0.29998,-0.017961,0.29998,-0.017961,0.08247
1.0993,1.1,0.29998,-0.017961,0.29998,-0.017961,0.08247
1.0993,1.1,0.29998,-0.017961,0.29998,-0.017961,0.08247
1.0993,1.1,0.29998,-0.017961,0.29998,-0.017961,0.08247
1.0993,1.1,0.29998,-0.017961,0.29998,-0.017961,0.08247
1.0993,1.1,0.29998,-0.017961,0.29998,-0.017961,0.08247
1.0993,1.1,0.29998,-0.017961,0.29998,-0.017961,0.08247
1.0993,1.1,0.29998,-0.017961,0.29998,-0.017961,0.08247
1.0993,1.1,0.29998,-0.017961,0.29998,-0.017961,0.08247
1.0993,1.1,0.29998,-0.017961,0.29998,-0.017961,0.08247
1.0993,1.1,0.29998,-0.017961,0.29998,-0.017961,0.08247
1.0993,1.1,0.29998,-0.017961,0.29998,-0.017961,0.08247
1.0993,1.1,0.29998,-0.017961,0.29998,-0.017961,0.08247
1.0993,1.1,0.29998,-0.017961,0.29998,-0.017961,0.08247
1.0993,1.1,0.29998,-0.017961,0.29998,-0.017961,0.08247
1.0993,1.1,0.29998,-0.017961,0.29998,-0.017961,0.08247
1.0993,1.1,0.29998,-0.017961,0.29998,-0.017961,0.08247
1.0993,1.1,0.29998,-0.017961,0.29998,-0.017961,0.08247
1.0993,1.1,0.29998,-0.017961,0.29998,-0.017961,0.08247
1.0993,1.1,0.29998,-0.017961,0.29998,-0.017961,0.08247
1.0993,1.1,0.29998,-0.017961,0.29998,-0.017961,0.08247
1.0993,1.1,0.29998,-0.017961,0.29998,-0.017961,0.08247
1.0993,1.1,0.29998,-0.017961,0.29998,-0.017961,0.08247
1.0993,1.1,0.29998,-0.017961,0.29998,-0.017961,0.08247
1.0993,1.1,0.29998,-0.017961,0.29998,-0.017961,0.08247
1.0993,1.1,0.29998,-0.017961,0.29998,-0.017961,0.08247
1.0993,1.1,0.29998,-0.017961,0.29998,-0.017961,0.08247
1.0993,1.1,0.29998,-0.017961,0.29998,-0.017961,0.08247
1.0993,1.1,0.29998,-0.017961,0.29998,-0.017961,0.08247
1.0993,1.1,0.29998,-0.017961,0.29998,-0.017961,0.08247
1.0993,1.1,0.29998,-0.017961,0.29998,-0.017961,0.08247
1.0993,1.1,0.29998,-0.017961,0.29998,-0.017961,0.08247
1.0993,1.1,0.29998,-0.017961,0.29998,-0.017961,0.08247
1.0993,1.1,0.29998,-0.017961,0.29998,-0.017961,0.08247
1.0993,1.1,0.29998,-0.017961,0.29998,-0.017961,0.08247
1.0993,1.1,0.29998,-0.017961,0.29998,-0.017961,0.08247
1.0993,1.1,0.29998,-0.017961,0.29998,-0.017961,0.08247
1.0993,1.1,0.29998,-0.017961,0.29998,-0.017961,0.08247
1.0993,1.1,0.29998,-0.017961,0.29998,-0.017961,0.08247
1.0993,1.1,0.29998,-0.017961,0.29998,-0.017961,0.08247
1.0993,1.1,0.29998,-0.017961,0.29998,-0.017961,0.08247
1.0993,1.1,0.29998,-0.017961,0.29998,-0.017961,0.08247
1.0993,1.1,0.29998,-0.017961,0.29998,-0.017961,0.08247
1.0993,1.1,0.29998,-0.017961,0.29998,-0.017961,0.08247
1.0993,1.1,0.29998,-0.017961,0.29998,-0.017961,0.08247
1.0993,1.1,0.29998,-0.017961,0.29998,-0.017961,0.08247
1.0993,1.1,0.29998,-0.017961,0.29998,-0.017961,0.08247
1.0993,1.1,0.29998,-0.017961,0.29998,-0.017961,0.08247
1.0993,1.1,0.29998,-0.017961,0.29998,-0.017961,0.08247
1.0993,1.1,0.29998,-0.017961,0.29998,-0.017961,0.08247
1.0993,1.1,0.29998,-0.017961,0.29998,-0.017961,0.08247
1.0993,1.1,0.29998,-0.017961,0.29998,-0.017961,0.08247
1.0993,1.1,0.29998,-0.017961,0.29998,-0.017961,0.08247
1.0993,1.1,0.29998,-0.017961,0.29998,-0.017961,0.08247
1.0993,1.1,0.29998,-0.017961,0.29998,-0.017961,0.08247
1.0993,1.1,0.29998,-0.017961,0.29998,-0.017961,0.08247
1.0993,1.1,0.29998,-0.017961,0.29998,-0.017961,0.08247
1.0993,1.1,0.29998,-0.017961,0.29998,-0.017961,0.08247
1.0993,1.1,0.29998,-0.017961,0.29998,-0.017961,0.08247
1.0993,1.1,0.29998,-0.017961,0.29998,-0.017961,0.08247
1.0993,1.1,0.29998,-0.017961,0.29998,-0.017961,0.08247
1.0993,1.1,0.29998,-0.017961,0.29998,-0.017961,0.08247
1.0993,1.1,0.29998,-0.017961,0.29998,-0.017961,0.08247
1.0993,1.1,0.29998,-0.017961,0.29998,-0.017961,0.08247
1.0993,1.1,0.29998,-0.017961,0.29998,-0.017961,0.08247
1.0993,1.1,0.29998,-0.017961,0.29998,-0.017961,0.08247
1.0993,1.1,0.29998,-0.017961,0.29998,-0.017961,0.08247
1.0993,1.1,0.29998,-0.017961,0.29998,-0.017961,0.08247
1.0993,1.1,0.29998,-0.017961,0.29998,-0.017961,0.08247
1.0993,1.1,0.29998,-0.017961,0.29998,-0.017961,0.08247
1.0993,1.1,0.29998,-0.017961,0.29998,-0.017961,0.08247
1.0993,1.1,0.29998,-0.017961,0.29998,-0.017961,0.08247
1.0993,1.1,0.29998,-0.017961,0.29998,-0.017961,0.08247
1.0993,1.1,0.29998,-0.017961,0.29998,-0.017961,0.08247
1.0993,1.1,0.29998,-0.017961,0.29998,-0.017961,0.08247
1.0993,1.1,0.29998,-0.017961,0.29998,-0.017961,0.08247
1.0993,1.1,0.29998,-0.017961,0.29998,-0.017961,0.08247
1.0993,1.1,0.29998,-0.017961,0.29998,-0.017961,0.08247
1.0993,1.1,0.29998,-0.017961,0.29998,-0.017961,0.08247
1.0993,1.1,0.29998,-0.017961,0.29998,-0.017961,0.08247
1.0993,1.1,0.29998,-0.017961,0.29998,-0.017961,0.08247
1.0993,1.1,0.29998,-0.017961,0.29998,-0.017961,0.08247
1.0993,1.1,0.29998,-0.017961,0.29998,-0.017961,0.08247
1.0993,1.1,0.29998,-0.017961,0.29998,-0.017961,0.08247
1.0993,1.1,0.29998,-0.017961,0.29998,-0.017961,0.08247
1.0993,1.1,0.29998,-0.017961,0.29998,-0.017961,0.08247
1.0993,1.1,0.29998,-0.017961,0.29998,-0.017961,0.08247
1.0993,1.1,0.29998,-0.017961,0.29998,-0.017961,0.08247
1.0993,1.1,0.29998,-0.017961,0.29998,-0.017961,0.08247
1.0993,1.1,0.29998,-0.017961,0.29998,-0.017961,0.08247
1.0993,1.1,0.29998,-0.017961,0.29998,-0.017961,0.08247
1.0993,1.1,0.29998,-0.017961,0.29998,-0.017961,0.08247
1.0993,1.1,0.29998,-0.017961,0.29998,-0.017961,0.08247
1.0993,1.1,0.29998,-0.017961,0.29998,-0.017961,0.08247
1.0993,1.1,0.29998,-0.017961,0.29998,-0.017961,0.08247
1.0993,1.1,0.29998,-0.017961,0.29998,-0.017961,0.08247
1.0993,1.1,0.29998,-0.017961,0.29998,-0.017961,0.08247
1.0993,1.1,0.29998,-0.017961,0.29998,-0.017961,0.08247
1.0993,1.1,0.29998,-0.017961,0.29998,-0.017961,0.08247
1.0993,1.1,0.29998,-0.017961,0.29998,-0.017961,0.08247
1.0993,1.1,0.29998,-0.017961,0.29998,-0.017961,0.08247
1.0993,1.1,0.29998,-0.017961,0.29998,-0.017961,0.08247
1.0993,1.1,0.29998,-0.017961,0.29998,-0.017961,0.08247
1.0993,1.1,0.29998,-0.017961,0.29998,-0.017961,0.08247
1.0993,1.1,0.29998,-0.017961,0.29998,-0.017961,0.08247
1.0993,1.1,0.29998,-0.017961,0.29998,-0.017961,0.08247
1.0993,1.1,0.29998,-0.017961,0.29998,-0.017961,0.08247
1.0993,1.1,0.29998,-0.017961,0.29998,-0.017961,0.08247
1.0993,1.1,0.29998,-0.017961,0.29998,-0.017961,0.08247
1.0993,1.1,0.29998,-0.017961,0.29998,-0.017961,0.08247
1.0993,1.1,0.29998,-0.017961,0.29998,-0.017961,0.08247
1.0993,1.1,0.29998,-0.017961,0.29998,-0.017961,0.08247
1.0993,1.1,0.29998,-0.017961,0.29998,-0.017961,0.08247
1.0993,1.1,0.29998,-0.017961,0.29998,-0.017961,0.08247
1.0993,1.1,0.29998,-0.017961,0.29998,-0.017961,0.08247
1.0993,1.1,0.29998,-0.017961,0.29998,-0.017961,0.08247
1.0993,1.1,0.29998,-0.017961,0.29998,-0.017961,0.08247
1.0993,1.1,0.29998,-0.017961,0.29998,-0.017961,0.08247
1.0993,1.1,0.29998,-0.017961,0.29998,-0.017961,0.08247
1.0993,1.1,0.29998,-0.017961,0.29998,-0.017961,0.08247
1.0993,1.1,0.29998,-0.017961,0.29998,-0.017961,0.08247
1.0993,1.1,0.29998,-0.017961,0.29998,-0.017961,0.08247
1.0993,1.1,0.29998,-0.017961,0.29998,-0.017961,0.08247
1.0993,1.1,0.29998,-0.017961,0.29998,-0.017961,0.08247
1.0993,1.1,0.29998,-0.017961,0.29998,-0.017961,0.08247
1.0993,1.1,0.29998,-0.017961,0.29998,-0.017961,0.08247
1.0993,1.1,0.29998,-0.017961,0.29998,-0.017961,0.08247
1.0993,1.1,0.29998,-0.017961,0.29998,-0.017961,0.08247
1.0993,1.1,0.29998,-0.017961,0.29998,-0.017961,0.08247
1.0993,1.1,0.29998,-0.017961,0.29998,-0.017961,0.08247
1.0993,1.1,0.29998,-0.017961,0.29998,-0.017961,0.08247
1.0993,1.1,0.29998,-0.017961,0.29998,-0.017961,0.08247
1.0993,1.1,0.29998,-0.017961,0.29998,-0.017961,0.08247
1.0993,1.1,0.29998,-0.017961,0.29998,-0.017961,0.08247
1.0993,1.1,0.29998,-0.017961,0.29998,-0.017961,0.08247
1.0993,1.1,0.29998,-0.017961,0.29998,-0.017961,0.08247
1.0993,1.1,0.29998,-0.017961,0.29998,-0.017961,0.08247
1.0993,1.1,0.29998,-0.017961,0.29998,-0.017961,0.08247
1.0993,1.1,0.29998,-0.017961,0.29998,-0.017961,0.08247
1.0993,1.1,0.29998,-0.017961,0.29998,-0.017961,0.08247
1.0993,1.1,0.29998,-0.017961,0.29998,-0.017961,0.08247
1.0993,1.1,0.29998,-0.017961,0.29998,-0.017961,0.08247
1.0993,1.1,0.29998,-0.017961,0.29998,-0.017961,0.08247
1.0993,1.1,0.29998,-0.017961,0.29998,-0.017961,0.08247
1.0993,1.1,0.29998,-0.017961,0.29998,-0.017961,0.08247
1.0993,1.1,0.29998,-0.017961,0.29998,-0.017961,0.08247
1.0993,1.1,0.29998,-0.017961,0.29998,-0.017961,0.08247
1.0993,1.1,0.29998,-0.017961,0.29998,-0.017961,0.08247
1.0993,1.1,0.29998,-0.017961,0.29998,-0.017961,0.08247
1.0993,1.1,0.29998,-0.017961,0.29998,-0.017961,0.08247
1.0993,1.1,0.29998,-0.017961,0.29998,-0.017961,0.08247
1.0993,1.1,0.29998,-0.017961,0.29998,-0.017961,0.08247
1.0993,1.1,0.29998,-0.017961,0.29998,-0.017961,0.08247
1.0993,1.1,0.29998,-0.017961,0.29998,-0.017961,0.08247
1.0993,1.1,0.29998,-0.017961,0.29998,-0.017961,0.08247
1.0993,1.1,0.29998,-0.017961,0.29998,-0.017961,0.08247
1.0993,1.1,0.29998,-0.017961,0.29998,-0.017961,0.08247
1.0993,1.1,0.29998,-0.017961,0.29998,-0.017961,0.08247
1.0993,1.1,0.29998,-0.017961,0.29998,-0.017961,0.08247
1.0993,1.1,0.29998,-0.017961,0.29998,-0.017961,0.08247
1.0993,1.1,0.29998,-0.017961,0.29998,-0.017961,0.08247
1.0993,1.1,0.29998,-0.017961,0.29998,-0.017961,0.08247
1.0993,1.1,0.29998,-0.017961,0.29998,-0.017961,0.08247
1.0993,1.1,0.29998,-0.017961,0.29998,-0.017961,0.08247
1.0993,1.1,0.29998,-0.017961,0.29998,-0.017961,0.08247
1.0993,1.1,0.29998,-0.017961,0.29998,-0.017961,0.08247
1.0993,1.1,0.29998,-0.017961,0.29998,-0.017961,0.08247
1.0993,1.1,0.29998,-0.017961,0.29998,-0.017961,0.08247
1.0993,1.1,0.29998,-0.017961,0.29998,-0.017961,0.08247
1.0993,1.1,0.29998,-0.017961,0.29998,-0.017961,0.08247
1.0993,1.1,0.29998,-0.017961,0.29998,-0.017961,0.08247
1.0993,1.1,0.29998,-0.017961,0.29998,-0.017961,0.08247
1.0993,1.1,0.29998,-0.017961,0.29998,-0.017961,0.08247
1.0993,1.1,0.29998,-0.017961,0.29998,-0.017961,0.08247
1.0993,1.1,0.29998,-0.017961,0.29998,-0.017961,0.08247
1.0993,1.1,0.29998,-0.017961,0.29998,-0.017961,0.08247
1.0993,1.1,0.29998,-0.017961,0.29998,-0.017961,0.08247
1.0993,1.1,0.29998,-0.017961,0.29998,-0.017961,0.08247
1.0993,1.1,0.29998,-0.017961,0.29998,-0.017961,0.08247
1.0993,1.1,0.29998,-0.017961,0.29998,-0.017961,0.08247
1.0993,1.1,0.29998,-0.017961,0.29998,-0.017961,0.08247
1.0993,1.1,0.29998,-0.017961,0.29998,-0.017961,0.08247
1.0993,1.1,0.29998,-0.017961,0.29998,-0.017961,0.08247
1.0993,1.1,0.29998,-0.017961,0.29998,-0.017961,0.08247
1.0993,1.1,0.29998,-0.017961,0.29998,-0.017961,0.08247
1.0993,1.1,0.29998,-0.017961,0.29998,-0.017961,0.08247
1.0993,1.1,0.29998,-0.017961,0.29998,-0.017961,0.08247
1.0993,1.1,0.29998,-0.017961,0.29998,-0.017961,0.08247
1.0993,1.1,0.29998,-0.017961,0.29998,-0.017961,0.08247
1.0993,1.1,0.29998,-0.017961,0.29998,-0.017961,0.08247
1.0993,1.1,0.29998,-0.017961,0.29998,-0.017961,0.08247
1.0993,1.1,0.29998,-0.017961,0.29998,-0.017961,0.08247
1.0993,1.1,0.29998,-0.017961,0.29998,-0.017961,0.08247
1.0993,1.1,0.29998,-0.017961,0.29998,-0.017961,0.08247
1.0993,1.1,0.29998,-0.017961,0.29998,-0.017961,0.08247
1.0993,1.1,0.29998,-0.017961,0.29998,-0.017961,0.08247
1.0993,1.1,0.29998,-0.017961,0.29998,-0.017961,0.08247
1.0993,1.1,0.29998,-0.017961,0.29998,-0.017961,0.08247
1.0993,1.1,0.29998,-0.017961,0.29998,-0.017961,0.08247
1.0993,1.1,0.29998,-0.017961,0.29998,-0.017961,0.08247
1.0993,1.1,0.29998,-0.017961,0.29998,-0.017961,0.08247
1.0993,1.1,0.29998,-0.017961,0.29998,-0.017961,0.08247
1.0993,1.1,0.29998,-0.017961,0.29998,-0.017961,0.08247
1.0993,1.1,0.29998,-0.017961,0.29998,-0.017961,0.08247
1.0993,1.1,0.29998,-0.017961,0.29998,-0.017961,0.08247
1.0993,1.1,0.29998,-0.017961,0.29998,-0.017961,0.08247
1.0993,1.1,0.29998,-0.017961,0.29998,-0.017961,0.08247
1.0993,1.1,0.29998,-0.017961,0.29998,-0.017961,0.08247
1.0993,1.1,0.29998,-0.017961,0.29998,-0.017961,0.08247
1.0993,1.1,0.29998,-0.017961,0.29998,-0.017961,0.08247
1.0993,1.1,0.29998,-0.017961,0.29998,-0.017961,0.08247
1.0993,1.1,0.29998,-0.017961,0.29998,-0.017961,0.08247
1.0993,1.1,0.29998,-0.017961,0.29998,-0.017961,0.08247
1.0993,1.1,0.29998,-0.017961,0.29998,-0.017961,0.08247
1.0993,1.1,0.29998,-0.017961,0.29998,-0.017961,0.08247
1.0993,1.1,0.29998,-0.017961,0.29998,-0.017961,0.08247
1.0993,1.1,0.29998,-0.017961,0.29998,-0.017961,0.08247
1.0993,1.1,0.29998,-0.017961,0.29998,-0.017961,0.08247
1.0993,1.1,0.29998,-0.017961,0.29998,-0.017961,0.08247
1.0993,1.1,0.29998,-0.017961,0.29998,-0.017961,0.08247
1.0993,1.1,0.29998,-0.017961,0.29998,-0.017961,0.08247
1.0993,1.1,0.29998,-0.017961,0.29998,-0.017961,0.08247
1.0993,1.1,0.29998,-0.017961,0.29998,-0.017961,0.08247
1.0993,1.1,0.29998,-0.017961,0.29998,-0.017961,0.08247
1.0993,1.1,0.29998,-0.017961,0.29998,-0.017961,0.08247
1.0993,1.1,0.29998,-0.017961,0.29998,-0.017961,0.08247
1.0993,1.1,0.29998,-0.017961,0.29998,-0.017961,0.08247
1.0993,1.1,0.29998,-0.017961,0.29998,-0.017961,0.08247
1.0993,1.1,0.29998,-0.017961,0.29998,-0.017961,0.08247
1.0993,1.1,0.29998,-0.017961,0.29998,-0.017961,0.08247
1.0993,1.1,0.29998,-0.017961,0.29998,-0.017961,0.08247
1.0993,1.1,0.29998,-0.017961,0.29998,-0.017961,0.08247
1.0993,1.1,0.29998,-0.017961,0.29998,-0.017961,0.08247
1.0993,1.1,0.29998,-0.017961,0.29998,-0.017961,0.08247
1.0993,1.1,0.29998,-0.017961,0.29998,-0.017961,0.08247
1.0993,1.1,0.29998,-0.017961,0.29998,-0.017961,0.08247
1.0993,1.1,0.29998,-0.017961,0.29998,-0.017961,0.08247
1.0993,1.1,0.29998,-0.017961,0.29998,-0.017961,0.08247
1.0993,1.1,0.29998,-0.017961,0.29998,-0.017961,0.08247
1.0993,1.1,0.29998,-0.017961,0.29998,-0.017961,0.08247
1.0993,1.1,0.29998,-0.017961,0.29998,-0.017961,0.08247
1.0993,1.1,0.29998,-0.017961,0.29998,-0.017961,0.08247
1.0993,1.1,0.29998,-0.017961,0.29998,-0.017961,0.08247
1.0993,1.1,0.29998,-0.017961,0.29998,-0.017961,0.08247
1.0993,1.1,0.29998,-0.017961,0.29998,-0.017961,0.08247
1.0993,1.1,0.29998,-0.017961,0.29998,-0.017961,0.08247
1.0993,1.1,0.29998,-0.017961,0.29998,-0.017961,0.08247
1.0993,1.1,0.29998,-0.017961,0.29998,-0.017961,0.08247
1.0993,1.1,0.29998,-0.017961,0.29998,-0.017961,0.08247
1.0993,1.1,0.29998,-0.017961,0.29998,-0.017961,0.08247
1.0993,1.1,0.29998,-0.017961,0.29998,-0.017961,0.08247
1.0993,1.1,0.29998,-0.017961,0.29998,-0.017961,0.08247
1.0993,1.1,0.29998,-0.017961,0.29998,-0.017961,0.08247
1.0993,1.1,0.29998,-0.017961,0.29998,-0.017961,0.08247
1.0993,1.1,0.29998,-0.017961,0.29998,-0.017961,0.08247
1.0993,1.1,0.29998,-0.017961,0.29998,-0.017961,0.08247
1.0993,1.1,0.29998,-0.017961,0.29998,-0.017961,0.08247
1.0993,1.1,0.29998,-0.017961,0.29998,-0.017961,0.08247
1.0993,1.1,0.29998,-0.017961,0.29998,-0.017961,0.08247
1.0993,1.1,0.29998,-0.017961,0.29998,-0.017961,0.08247
1.0993,1.1,0.29998,-0.017961,0.29998,-0.017961,0.08247
1.0993,1.1,0.29998,-0.017961,0.29998,-0.017961,0.08247
1.0993,1.1,0.29998,-0.017961,0.29998,-0.017961,0.08247
1.0993,1.1,0.29998,-0.017961,0.29998,-0.017961,0.08247
1.0993,1.1,0.29998,-0.017961,0.29998,-0.017961,0.08247
1.0993,1.1,0.29998,-0.017961,0.29998,-0.017961,0.08247
1.0993,1.1,0.29998,-0.017961,0.29998,-0.017961,0.08247
1.0993,1.1,0.29998,-0.017961,0.29998,-0.017961,0.08247
1.0993,1.1,0.29998,-0.017961,0.29998,-0.017961,0.08247
1.0993,1.1,0.29998,-0.017961,0.29998,-0.017961,0.08247
1.0993,1.1,0.29998,-0.017961,0.29998,-0.017961,0.08247
1.0993,1.1,0.29998,-0.017961,0.29998,-0.017961,0.08247
1.0993,1.1,0.29998,-0.017961,0.29998,-0.017961,0.08247
1.0993,1.1,0.29998,-0.017961,0.29998,-0.017961,0.08247
1.0993,1.1,0.29998,-0.017961,0.29998,-0.017961,0.08247
1.0993,1.1,0.29998,-0.017961,0.29998,-0.017961,0.08247
1.0993,1.1,0.29998,-0.017961,0.29998,-0.017961,0.08247
1.0993,1.1,0.29998,-0.017961,0.29998,-0.017961,0.08247
1.0993,1.1,0.29998,-0.017961,0.29998,-0.017961,0.08247
1.0993,1.1,0.29998,-0.017961,0.29998,-0.017961,0.08247
1.0993,1.1,0.29998,-0.017961,0.29998,-0.017961,0.08247
1.0993,1.1,0.29998,-0.017961,0.29998,-0.017961,0.08247
1.0993,1.1,0.29998,-0.017961,0.29998,-0.017961,0.08247
1.0993,1.1,0.29998,-0.017961,0.29998,-0.017961,0.08247
1.0993,1.1,0.29998,-0.017961,0.29998,-0.017961,0.08247
1.0993,1.1,0.29998,-0.017961,0.29998,-0.017961,0.08247
1.0993,1.1,0.29998,-0.017961,0.29998,-0.017961,0.08247
1.0993,1.1,0.29998,-0.017961,0.29998,-0.017961,0.08247
1.0993,1.1,0.29998,-0.017961,0.29998,-0.017961,0.08247
1.0993,1.1,0.29998,-0.017961,0.29998,-0.017961,0.08247
1.0993,1.1,0.29998,-0.017961,0.29998,-0.017961,0.08247
1.0993,1.1,0.29998,-0.017961,0.29998,-0.017961,0.08247
1.0993,1.1,0.29998,-0.017961,0.29998,-0.017961,0.08247
1.0993,1.1,0.29998,-0.017961,0.29998,-0.017961,0.08247
1.0993,1.1,0.29998,-0.017961,0.29998,-0.017961,0.08247
1.0993,1.1,0.29998,-0.017961,0.29998,-0.017961,0.08247
1.0993,1.1,0.29998,-0.017961,0.29998,-0.017961,0.08247
1.0993,1.1,0.29998,-0.017961,0.29998,-0.017961,0.08247
1.0993,1.1,0.29998,-0.017961,0.29998,-0.017961,0.08247
1.0993,1.1,0.29998,-0.017961,0.29998,-0.017961,0.08247
1.0993,1.1,0.29998,-0.017961,0.29998,-0.017961,0.08247
1.0993,1.1,0.29998,-0.017961,0.29998,-0.017961,0.08247
1.0993,1.1,0.29998,-0.017961,0.29998,-0.017961,0.08247
1.0993,1.1,0.29998,-0.017961,0.29998,-0.017961,0.08247
1.0993,1.1,0.29998,-0.017961,0.29998,-0.017961,0.08247
1.0993,1.1,0.29998,-0.017961,0.29998,-0.017961,0.08247
1.0993,1.1,0.29998,-0.017961,0.29998,-0.017961,0.08247
1.0993,1.1,0.29998,-0.017961,0.29998,-0.017961,0.08247
1.0993,1.1,0.29998,-0.017961,0.29998,-0.017961,0.08247
1.0993,1.1,0.29998,-0.017961,0.29998,-0.017961,0.08247
1.0993,1.1,0.29998,-0.017961,0.29998,-0.017961,0.08247
1.0993,1.1,0.29998,-0.017961,0.29998,-0.017961,0.08247
1.0993,1.1,0.29998,-0.017961,0.29998,-0.017961,0.08247
1.0993,1.1,0.29998,-0.017961,0.29998,-0.017961,0.08247
1.0993,1.1,0.29998,-0.017961,0.29998,-0.017961,0.08247
1.0993,1.1,0.29998,-0.017961,0.29998,-0.017961,0.08247
1.0993,1.1,0.29998,-0.017961,0.29998,-0.017961,0.08247
1.0993,1.1,0.29998,-0.017961,0.29998,-0.017961,0.08247
1.0993,1.1,0.29998,-0.017961,0.29998,-0.017961,0.08247
1.0993,1.1,0.29998,-0.017961,0.29998,-0.017961,0.08247
1.0993,1.1,0.29998,-0.017961,0.29998,-0.017961,0.08247
1.0993,1.1,0.29998,-0.017961,0.29998,-0.017961,0.08247
1.0993,1.1,0.29998,-0.017961,0.29998,-0.017961,0.08247
1.0993,1.1,0.29998,-0.017961,0.29998,-0.017961,0.08247
1.0993,1.1,0.29998,-0.017961,0.29998,-0.017961,0.08247
1.0993,1.1,0.29998,-0.017961,0.29998,-0.017961,0.08247
1.0993,1.1,0.29998,-0.017961,0.29998,-0.017961,0.08247
1.0993,1.1,0.29998,-0.017961,0.29998,-0.017961,0.08247
1.0993,1.1,0.29998,-0.017961,0.29998,-0.017961,0.08247
1.0993,1.1,0.29998,-0.017961,0.29998,-0.017961,0.08247
1.0993,1.1,0.29998,-0.017961,0.29998,-0.017961,0.08247
1.0993,1.1,0.29998,-0.017961,0.29998,-0.017961,0.08247
1.0993,1.1,0.29998,-0.017961,0.29998,-0.017961,0.08247
1.0993,1.1,0.29998,-0.017961,0.29998,-0.017961,0.08247
1.0993,1.1,0.29998,-0.017961,0.29998,-0.017961,0.08247
1.0993,1.1,0.29998,-0.017961,0.29998,-0.017961,0.08247
1.0993,1.1,0.29998,-0.017961,0.29998,-0.017961,0.08247
1.0993,1.1,0.29998,-0.017961,0.29998,-0.017961,0.08247
1.0993,1.1,0.29998,-0.017961,0.29998,-0.017961,0.08247
1.0993,1.1,0.29998,-0.017961,0.29998,-0.017961,0.08247
1.0993,1.1,0.29998,-0.017961,0.29998,-0.017961,0.08247
1.0993,1.1,0.29998,-0.017961,0.29998,-0.017961,0.08247
1.0993,1.1,0.29998,-0.017961,0.29998,-0.017961,0.08247
1.0993,1.1,0.29998,-0.017961,0.29998,-0.017961,0.08247
1.0993,1.1,0.29998,-0.017961,0.29998,-0.017961,0.08247
1.0993,1.1,0.29998,-0.017961,0.29998,-0.017961,0.08247
1.0993,1.1,0.29998,-0.017961,0.29998,-0.017961,0.08247
1.0993,1.1,0.29998,-0.017961,0.29998,-0.017961,0.08247
1.0993,1.1,0.29998,-0.017961,0.29998,-0.017961,0.08247
1.0993,1.1,0.29998,-0.017961,0.29998,-0.017961,0.08247
1.0993,1.1,0.29998,-0.017961,0.29998,-0.017961,0.08247
1.0993,1.1,0.29998,-0.017961,0.29998,-0.017961,0.08247
1.0993,1.1,0.29998,-0.017961,0.29998,-0.017961,0.08247
1.0993,1.1,0.29998,-0.017961,0.29998,-0.017961,0.08247
1.0993,1.1,0.29998,-0.017961,0.29998,-0.017961,0.08247
1.0993,1.1,0.29998,-0.017961,0.29998,-0.017961,0.08247
1.0993,1.1,0.29998,-0.017961,0.29998,-0.017961,0.08247
1.0993,1.1,0.29998,-0.017961,0.29998,-0.017961,0.08247
1.0993,1.1,0.29998,-0.017961,0.29998,-0.017961,0.08247
1.0993,1.1,0.29998,-0.017961,0.29998,-0.017961,0.08247
1.0993,1.1,0.29998,-0.017961,0.29998,-0.017961,0.08247
1.0993,1.1,0.29998,-0.017961,0.29998,-0.017961,0.08247
1.0993,1.1,0.29998,-0.017961,0.29998,-0.017961,0.08247
1.0993,1.1,0.29998,-0.017961,0.29998,-0.017961,0.08247
1.0993,1.1,0.29998,-0.017961,0.29998,-0.017961,0.08247
1.0993,1.1,0.29998,-0.017961,0.29998,-0.017961,0.08247
1.0993,1.1,0.29998,-0.017961,0.29998,-0.017961,0.08247
1.0993,1.1,0.29998,-0.017961,0.29998,-0.017961,0.08247
1.0993,1.1,0.29998,-0.017961,0.29998,-0.017961,0.08247
1.0993,1.1,0.29998,-0.017961,0.29998,-0.017961,0.08247
1.0993,1.1,0.29998,-0.017961,0.29998,-0.017961,0.08247
1.0993,1.1,0.29998,-0.017961,0.29998,-0.017961,0.08247
1.0993,1.1,0.29998,-0.017961,0.29998,-0.017961,0.08247
1.0993,1.1,0.29998,-0.017961,0.29998,-0.017961,0.08247
1.0993,1.1,0.29998,-0.017961,0.29998,-0.017961,0.08247
1.0993,1.1,0.29998,-0.017961,0.29998,-0.017961,0.08247
1.0993,1.1,0.29998,-0.017961,0.29998,-0.017961,0.08247
1.0993,1.1,0.29998,-0.017961,0.29998,-0.017961,0.08247
1.0993,1.1,0.29998,-0.017961,0.29998,-0.017961,0.08247
1.0993,1.1,0.29998,-0.017961,0.29998,-0.017961,0.08247
1.0993,1.1,0.29998,-0.017961,0.29998,-0.017961,0.08247
1.0993,1.1,0.29998,-0.017961,0.29998,-0.017961,0.08247
1.0993,1.1,0.29998,-0.017961,0.29998,-0.017961,0.08247
1.0993,1.1,0.29998,-0.017961,0.29998,-0.017961,0.08247
1.0993,1.1,0.29998,-0.017961,0.29998,-0.017961,0.08247
1.0993,1.1,0.29998,-0.017961,0.29998,-0.017961,0.08247
1.0993,1.1,0.29998,-0.017961,0.29998,-0.017961,0.08247
1.0993,1.1,0.29998,-0.017961,0.29998,-0.017961,0.08247
1.0993,1.1,0.29998,-0.017961,0.29998,-0.017961,0.08247
1.0993,1.1,0.29998,-0.017961,0.29998,-0.017961,0.08247
1.0993,1.1,0.29998,-0.017961,0.29998,-0.017961,0.08247
1.0993,1.1,0.29998,-0.017961,0.29998,-0.017961,0.08247
1.0993,1.1,0.29998,-0.017961,0.29998,-0.017961,0.08247
1.0993,1.1,0.29998,-0.017961,0.29998,-0.017961,0.08247
1.0993,1.1,0.29998,-0.017961,0.29998,-0.017961,0.08247
1.0993,1.1,0.29998,-0.017961,0.29998,-0.017961,0.08247
1.0993,1.1,0.29998,-0.017961,0.29998,-0.017961,0.08247
1.0993,1.1,0.29998,-0.017961,0.29998,-0.017961,0.08247
1.0993,1.1,0.29998,-0.017961,0.29998,-0.017961,0.08247
1.0993,1.1,0.29998,-0.017961,0.29998,-0.017961,0.08247
1.0993,1.1,0.29998,-0.017961,0.29998,-0.017961,0.08247
1.0993,1.1,0.29998,-0.017961,0.29998,-0.017961,0.08247
1.0993,1.1,0.29998,-0.017961,0.29998,-0.017961,0.08247
1.0993,1.1,0.29998,-0.017961,0.29998,-0.017961,0.08247
1.0993,1.1,0.29998,-0.017961,0.29998,-0.017961,0.08247
1.0993,1.1,0.29998,-0.017961,0.29998,-0.017961,0.08247
1.0993,1.1,0.29998,-0.017961,0.29998,-0.017961,0.08247
1.0993,1.1,0.29998,-0.017961,0.29998,-0.017961,0.08247
1.0993,1.1,0.29998,-0.017961,0.29998,-0.017961,0.08247
1.0993,1.1,0.29998,-0.017961,0.29998,-0.017961,0.08247
1.0993,1.1,0.29998,-0.017961,0.29998,-0.017961,0.08247
1.0993,1.1,0.29998,-0.017961,0.29998,-0.017961,0.08247
1.0993,1.1,0.29998,-0.017961,0.29998,-0.017961,0.08247
1.0993,1.1,0.29998,-0.017961,0.29998,-0.017961,0.08247
1.0993,1.1,0.29998,-0.017961,0.29998,-0.017961,0.08247
1.0993,1.1,0.29998,-0.017961,0.29998,-0.017961,0.08247
1.0993,1.1,0.29998,-0.017961,0.29998,-0.017961,0.08247
1.0993,1.1,0.29998,-0.017961,0.29998,-0.017961,0.08247
1.0993,1.1,0.29998,-0.017961,0.29998,-0.017961,0.08247
1.0993,1.1,0.29998,-0.017961,0.29998,-0.017961,0.08247
1.0993,1.1,0.29998,-0.017961,0.29998,-0.017961,0.08247
1.0993,1.1,0.29998,-0.017961,0.29998,-0.017961,0.08247
1.0993,1.1,0.29998,-0.017961,0.29998,-0.017961,0.08247
1.0993,1.1,0.29998,-0.017961,0.29998,-0.017961,0.08247
1.0993,1.1,0.29998,-0.017961,0.29998,-0.017961,0.08247
1.0993,1.1,0.29998,-0.017961,0.29998,-0.017961,0.08247
1.0993,1.1,0.29998,-0.017961,0.29998,-0.017961,0.08247
1.0993,1.1,0.29998,-0.017961,0.29998,-0.017961,0.08247
1.0993,1.1,0.29998,-0.017961,0.29998,-0.017961,0.08247
1.0993,1.1,0.29998,-0.017961,0.29998,-0.017961,0.08247
1.0993,1.1,0.29998,-0.017961,0.29998,-0.017961,0.08247
1.0993,1.1,0.29998,-0.017961,0.29998,-0.017961,0.08247
1.0993,1.1,0.29998,-0.017961,0.29998,-0.017961,0.08247
1.0993,1.1,0.29998,-0.017961,0.29998,-0.017961,0.08247
1.0993,1.1,0.29998,-0.017961,0.29998,-0.017961,0.08247
1.0993,1.1,0.29998,-0.017961,0.29998,-0.017961,0.08247
1.0993,1.1,0.29998,-0.017961,0.29998,-0.017961,0.08247
1.0993,1.1,0.29998,-0.017961,0.29998,-0.017961,0.08247
1.0993,1.1,0.29998,-0.017961,0.29998,-0.017961,0.08247
1.0993,1.1,0.29998,-0.017961,0.29998,-0.017961,0.08247
1.0993,1.1,0.29998,-0.017961,0.29998,-0.017961,0.08247
1.0993,1.1,0.29998,-0.017961,0.29998,-0.017961,0.08247
1.0993,1.1,0.29998,-0.017961,0.29998,-0.017961,0.08247
1.0993,1.1,0.29998,-0.017961,0.29998,-0.017961,0.08247
1.0993,1.1,0.29998,-0.017961,0.29998,-0.017961,0.08247
1.0993,1.1,0.29998,-0.017961,0.29998,-0.017961,0.08247
1.0993,1.1,0.29998,-0.017961,0.29998,-0.017961,0.08247
1.0993,1.1,0.29998,-0.017961,0.29998,-0.017961,0.08247
1.0993,1.1,0.29998,-0.017961,0.29998,-0.017961,0.08247
1.0993,1.1,0.29998,-0.017961,0.29998,-0.017961,0.08247
1.0993,1.1,0.29998,-0.017961,0.29998,-0.017961,0.08247
1.0993,1.1,0.29998,-0.017961,0.29998,-0.017961,0.08247
1.0993,1.1,0.29998,-0.017961,0.29998,-0.017961,0.08247
1.0993,1.1,0.29998,-0.017961,0.29998,-0.017961,0.08247
1.0993,1.1,0.29998,-0.017961,0.29998,-0.017961,0.08247
1.0993,1.1,0.29998,-0.017961,0.29998,-0.017961,0.08247
1.0993,1.1,0.29998,-0.017961,0.29998,-0.017961,0.08247
1.0993,1.1,0.29998,-0.017961,0.29998,-0.017961,0.08247
1.0993,1.1,0.29998,-0.017961,0.29998,-0.017961,0.08247
1.0993,1.1,0.29998,-0.017961,0.29998,-0.017961,0.08247
1.0993,1.1,0.29998,-0.017961,0.29998,-0.017961,0.08247
1.0993,1.1,0.29998,-0.017961,0.29998,-0.017961,0.08247
1.0993,1.1,0.29998,-0.017961,0.29998,-0.017961,0.08247
1.0993,1.1,0.29998,-0.017961,0.29998,-0.017961,0.08247
1.0993,1.1,0.29998,-0.017961,0.29998,-0.017961,0.08247
1.0993,1.1,0.29998,-0.017961,0.29998,-0.017961,0.08247
1.0993,1.1,0.29998,-0.017961,0.29998,-0.017961,0.08247
1.0993,1.1,0.29998,-0.017961,0.29998,-0.017961,0.08247
1.0993,1.1,0.29998,-0.017961,0.29998,-0.017961,0.08247
1.0993,1.1,0.29998,-0.017961,0.29998,-0.017961,0.08247
1.0993,1.1,0.29998,-0.017961,0.29998,-0.017961,0.08247
1.0993,1.1,0.29998,-0.017961,0.29998,-0.017961,0.08247
1.0993,1.1,0.29998,-0.017961,0.29998,-0.017961,0.08247
1.0993,1.1,0.29998,-0.017961,0.29998,-0.017961,0.08247
1.0993,1.1,0.29998,-0.017961,0.29998,-0.017961,0.08247
1.0993,1.1,0.29998,-0.017961,0.29998,-0.017961,0.08247
1.0993,1.1,0.29998,-0.017961,0.29998,-0.017961,0.08247
1.0993,1.1,0.29998,-0.017961,0.29998,-0.017961,0.08247
1.0993,1.1,0.29998,-0.017961,0.29998,-0.017961,0.08247
1.0993,1.1,0.29998,-0.017961,0.29998,-0.017961,0.08247
1.0993,1.1,0.29998,-0.017961,0.29998,-0.017961,0.08247
1.0993,1.1,0.29998,-0.017961,0.29998,-0.017961,0.08247
1.0993,1.1,0.29998,-0.017961,0.29998,-0.017961,0.08247
1.0993,1.1,0.29998,-0.017961,0.29998,-0.017961,0.08247
1.0993,1.1,0.29998,-0.017961,0.29998,-0.017961,0.08247
1.0993,1.1,0.29998,-0.017961,0.29998,-0.017961,0.08247
1.0993,1.1,0.29998,-0.017961,0.29998,-0.017961,0.08247
1.0993,1.1,0.29998,-0.017961,0.29998,-0.017961,0.08247
1.0993,1.1,0.29998,-0.017961,0.29998,-0.017961,0.08247
1.0993,1.1,0.29998,-0.017961,0.29998,-0.017961,0.08247
1.0993,1.1,0.29998,-0.017961,0.29998,-0.017961,0.08247
1.0993,1.1,0.29998,-0.017961,0.29998,-0.017961,0.08247
1.0993,1.1,0.29998,-0.017961,0.29998,-0.017961,0.08247
1.0993,1.1,0.29998,-0.017961,0.29998,-0.017961,0.08247
1.0993,1.1,0.29998,-0.017961,0.29998,-0.017961,0.08247
1.0993,1.1,0.29998,-0.017961,0.29998,-0.017961,0.08247
1.0993,1.1,0.29998,-0.017961,0.29998,-0.017961,0.08247
1.0993,1.1,0.29998,-0.017961,0.29998,-0.017961,0.08247
1.0993,1.1,0.29998,-0.017961,0.29998,-0.017961,0.08247
1.0993,1.1,0.29998,-0.017961,0.29998,-0.017961,0.08247
1.0993,1.1,0.29998,-0.017961,0.29998,-0.017961,0.08247
1.0993,1.1,0.29998,-0.017961,0.29998,-0.017961,0.08247
1.0993,1.1,0.29998,-0.017961,0.29998,-0.017961,0.08247
1.0993,1.1,0.29998,-0.017961,0.29998,-0.017961,0.08247
1.0993,1.1,0.29998,-0.017961,0.29998,-0.017961,0.08247
1.0993,1.1,0.29998,-0.017961,0.29998,-0.017961,0.08247
1.0993,1.1,0.29998,-0.017961,0.29998,-0.017961,0.08247
1.0993,1.1,0.29998,-0.017961,0.29998,-0.017961,0.08247
1.0993,1.1,0.29998,-0.017961,0.29998,-0.017961,0.08247
1.0993,1.1,0.29998,-0.017961,0.29998,-0.017961,0.08247
1.0993,1.1,0.29998,-0.017961,0.29998,-0.017961,0.08247
1.0993,1.1,0.29998,-0.017961,0.29998,-0.017961,0.08247
1.0993,1.1,0.29998,-0.017961,0.29998,-0.017961,0.08247
1.0993,1.1,0.29998,-0.017961,0.29998,-0.017961,0.08247
1.0993,1.1,0.29998,-0.017961,0.29998,-0.017961,0.08247
1.0993,1.1,0.29998,-0.017961,0.29998,-0.017961,0.08247
1.0993,1.1,0.29998,-0.017961,0.29998,-0.017961,0.08247
1.0993,1.1,0.29998,-0.017961,0.29998,-0.017961,0.08247
1.0993,1.1,0.29998,-0.017961,0.29998,-0.017961,0.08247
1.0993,1.1,0.29998,-0.017961,0.29998,-0.017961,0.08247
1.0993,1.1,0.29998,-0.017961,0.29998,-0.017961,0.08247
1.0993,1.1,0.29998,-0.017961,0.29998,-0.017961,0.08247
1.0993,1.1,0.29998,-0.017961,0.29998,-0.017961,0.08247
1.0993,1.1,0.29998,-0.017961,0.29998,-0.017961,0.08247
1.0993,1.1,0.29998,-0.017961,0.29998,-0.017961,0.08247
1.0993,1.1,0.29998,-0.017961,0.29998,-0.017961,0.08247
1.0993,1.1,0.29998,-0.017961,0.29998,-0.017961,0.08247
1.0993,1.1,0.29998,-0.017961,0.29998,-0.017961,0.08247
1.0993,1.1,0.29998,-0.017961,0.29998,-0.017961,0.08247
1.0993,1.1,0.29998,-0.017961,0.29998,-0.017961,0.08247
1.0993,1.1,0.29998,-0.017961,0.29998,-0.017961,0.08247
1.0993,1.1,0.29998,-0.017961,0.29998,-0.017961,0.08247
