139.23
1.6676
0.74445
0.60289
0.41959
0.28583
0.21866
0.21949
0.32844
0.16072
0.10098
0.07536
0.065637
0.053292
0.04105
0.03062
0.022422
0.016259
0.011724
0.0084408
0.0060752
0.0043781
0.0031651
0.0023012
0.0016933
0.0012785
0.00099609
0.00081722
0.00070549
0.00063984
0.00060697
0.00058453
0.00057313
0.00056823
0.0005666
0.00056589
0.00056616
0.00056656
0.00056691
0.00056729
0.00056765
0.00056801
0.0005683
0.00056861
0.00056879
0.00056894
0.00056896
0.00056941
0.00056955
0.00056955
0.00056953
0.00042947
0.00042929
0.00042965
0.00042972
0.00042954
0.00042545
0.00040577
0.00033321
0.0004442
0.00058406
0.00044451
0.00032905
0.00023174
0.00016461
8.7843e-05
0.00010939
2.4235e-05
3.5046e-05
5.4867e-05
2.9332e-05
1.1261e-05
2.2426e-05
4.0138e-05
6.0834e-05
3.4203e-05
1.2205e-05
2.1461e-05
3.9334e-05
5.9213e-05
3.0483e-05
1.1134e-05
2.2382e-05
4.0143e-05
6.0836e-05
3.4202e-05
1.2203e-05
2.146e-05
3.9334e-05
5.9213e-05
3.0483e-05
1.1134e-05
2.2382e-05
4.0143e-05
6.0835e-05
3.4202e-05
1.2203e-05
2.146e-05
3.9334e-05
5.9213e-05
3.0483e-05
