0.031552,-0.031543,-0.11869,-0.00030612,0.11889,0.0022337,-2.4711e-05,-0.11869,-0.00030612,0.000375,-0.11869,-0.00030612,0.000375
0.016777,-0.016777,-0.042962,-0.00026634,0.043064,0.0012864,-1.565e-05,-0.042962,-0.00026634,0.00013871,-0.042962,-0.00026634,0.00013871
0.015004,-0.015004,-0.015045,0.00019963,0.015136,0.00071261,-1.4005e-05,-0.015045,0.00019963,3.9669e-05,-0.015045,0.00019963,3.9669e-05
0.0094586,-0.0094586,-0.010026,0.00015443,0.010083,0.00042065,-8.8287e-06,-0.010026,0.00015443,2.5783e-05,-0.010026,0.00015443,2.5783e-05
0.0059097,-0.0059097,-0.013601,0.00012016,0.013637,0.00023915,-5.5162e-06,-0.013601,0.00012016,3.7694e-05,-0.013601,0.00012016,3.7694e-05
0.0039595,-0.0039595,0.0042782,0.00010556,-0.0042542,0.00013517,-3.6958e-06,0.0042782,0.00010556,-1.6215e-05,0.0042782,0.00010556,-1.6215e-05
0.0039327,-0.0039327,0.0069932,0.0001464,-0.0069692,9.271e-05,-3.6708e-06,0.0069932,0.0001464,-2.571e-05,0.0069932,0.0001464,-2.571e-05
0.0037128,-0.0037128,0.0067261,0.00013777,-0.0067035,8.7969e-05,-3.4655e-06,0.0067261,0.00013777,-2.4635e-05,0.0067261,0.00013777,-2.4635e-05
0.0029314,-0.0029314,0.0051526,7.5586e-05,-0.0051347,0.00010264,-2.7361e-06,0.0051526,7.5586e-05,-1.7962e-05,0.0051526,7.5586e-05,-1.7962e-05
0.0024253,-0.0024253,0.0037419,7.1988e-05,-0.0037272,7.5472e-05,-2.2638e-06,0.0037419,7.1988e-05,-1.3564e-05,0.0037419,7.1988e-05,-1.3564e-05
0.0020624,-0.0020624,0.0018354,5.1886e-05,-0.0018229,7.351e-05,-1.9251e-06,0.0018354,5.1886e-05,-7.1571e-06,0.0018354,5.1886e-05,-7.1571e-06
0.001782,-0.001782,-0.00038114,5.1167e-05,0.00039198,5.7182e-05,-1.6634e-06,-0.00038114,5.1167e-05,-3.968e-07,-0.00038114,5.1167e-05,-3.968e-07
0.0015685,-0.0015685,-0.00023291,3.8822e-05,0.00024244,5.6541e-05,-1.464e-06,-0.00023291,3.8822e-05,-4.7215e-07,-0.00023291,3.8822e-05,-4.7215e-07
0.0014728,-0.0014728,-0.00017554,3.7921e-05,0.0001845,5.1625e-05,-1.3747e-06,-0.00017554,3.7921e-05,-6.1915e-07,-0.00017554,3.7921e-05,-6.1915e-07
0.0014361,-0.0014361,-0.00013286,3.7706e-05,0.0001416,4.9606e-05,-1.3404e-06,-0.00013286,3.7706e-05,-7.4235e-07,-0.00013286,3.7706e-05,-7.4235e-07
0.0014132,-0.0014132,-9.9968e-05,3.7428e-05,0.00010856,4.8497e-05,-1.3191e-06,-9.9968e-05,3.7428e-05,-8.3391e-07,-9.9968e-05,3.7428e-05,-8.3391e-07
0.0013548,-0.0013548,-0.015929,3.7248e-05,0.015938,4.5125e-05,-1.2646e-06,-0.015929,3.7248e-05,4.7293e-05,-0.015929,3.7248e-05,4.7293e-05
0.001255,-0.001255,-0.01216,5.1352e-05,0.012168,2.4951e-05,-1.1714e-06,-0.01216,5.1352e-05,3.5406e-05,-0.01216,5.1352e-05,3.5406e-05
0.0011389,-0.0011389,-0.014196,4.7119e-05,0.014203,2.2126e-05,-1.0631e-06,-0.014196,4.7119e-05,4.1724e-05,-0.014196,4.7119e-05,4.1724e-05
0.0011262,-0.0011262,-0.010673,4.8947e-05,0.01068,1.9524e-05,-1.0512e-06,-0.010673,4.8947e-05,3.0959e-05,-0.010673,4.8947e-05,3.0959e-05
0.0010884,-0.0010884,-0.0093916,4.5333e-05,0.0093982,2.0844e-05,-1.016e-06,-0.0093916,4.5333e-05,2.7172e-05,-0.0093916,4.5333e-05,2.7172e-05
0.0010695,-0.0010695,-0.0085269,4.3936e-05,0.0085334,2.109e-05,-9.9827e-07,-0.0085269,4.3936e-05,2.4586e-05,-0.0085269,4.3936e-05,2.4586e-05
0.0010625,-0.0010625,-0.0083,4.3048e-05,0.0083064,2.1552e-05,-9.9175e-07,-0.0083,4.3048e-05,2.3923e-05,-0.0083,4.3048e-05,2.3923e-05
0.0010599,-0.0010599,-0.0072591,4.2756e-05,0.0072655,2.1686e-05,-9.8933e-07,-0.0072591,4.2756e-05,2.0768e-05,-0.0072591,4.2756e-05,2.0768e-05
0.0010735,-0.0010735,-0.0068552,4.1912e-05,0.0068618,2.3356e-05,-1.002e-06,-0.0068552,4.1912e-05,1.9566e-05,-0.0068552,4.1912e-05,1.9566e-05
0.0010825,-0.0010825,-0.0067236,4.1559e-05,0.0067302,2.4254e-05,-1.0104e-06,-0.0067236,4.1559e-05,1.9176e-05,-0.0067236,4.1559e-05,1.9176e-05
0.00081039,-0.00081039,-0.0042218,2.5906e-05,0.0042268,2.3366e-05,-7.5642e-07,-0.0042218,2.5906e-05,1.2047e-05,-0.0042218,2.5906e-05,1.2047e-05
0.0006641,-0.0006641,-0.0035608,2.2409e-05,0.0035649,1.7969e-05,-6.1987e-07,-0.0035608,2.2409e-05,1.0144e-05,-0.0035608,2.2409e-05,1.0144e-05
0.00071388,-0.00071388,-0.0025386,1.8284e-05,0.002543,2.512e-05,-6.6634e-07,-0.0025386,1.8284e-05,7.1616e-06,-0.0025386,1.8284e-05,7.1616e-06
0.00082741,-0.00082741,-0.0016856,1.4704e-05,0.0016907,3.5603e-05,-7.7231e-07,-0.0016856,1.4704e-05,4.6773e-06,-0.0016856,1.4704e-05,4.6773e-06
0.00088461,-0.00088461,-0.0014541,1.4054e-05,0.0014594,3.9731e-05,-8.257e-07,-0.0014541,1.4054e-05,3.9931e-06,-0.0014541,1.4054e-05,3.9931e-06
0.00091702,-0.00091702,-0.0013639,1.4028e-05,0.0013695,4.1727e-05,-8.5595e-07,-0.0013639,1.4028e-05,3.7199e-06,-0.0013639,1.4028e-05,3.7199e-06
0.00092886,-0.00092886,-0.0013394,1.3963e-05,0.001345,4.2511e-05,-8.67e-07,-0.0013394,1.3963e-05,3.6472e-06,-0.0013394,1.3963e-05,3.6472e-06
0.00093948,-0.00093948,-0.0013229,1.4055e-05,0.0013286,4.3066e-05,-8.7691e-07,-0.0013229,1.4055e-05,3.5943e-06,-0.0013229,1.4055e-05,3.5943e-06
0.00094699,-0.00094699,-0.0013141,1.4103e-05,0.0013198,4.3474e-05,-8.8392e-07,-0.0013141,1.4103e-05,3.566e-06,-0.0013141,1.4103e-05,3.566e-06
0.00070497,-0.00070497,-0.00083374,9.4639e-06,0.00083803,3.3398e-05,-6.5802e-07,-0.00083374,9.4639e-06,2.2469e-06,-0.00083374,9.4639e-06,2.2469e-06
0.00058658,-0.00058658,-0.00070178,8.0481e-06,0.00070535,2.7616e-05,-5.4751e-07,-0.00070178,8.0481e-06,1.8887e-06,-0.00070178,8.0481e-06,1.8887e-06
0.00052962,-0.00052962,-0.0006622,7.4895e-06,0.00066542,2.4711e-05,-4.9435e-07,-0.0006622,7.4895e-06,1.7854e-06,-0.0006622,7.4895e-06,1.7854e-06
0.00050241,-0.00050241,-0.00065152,7.2532e-06,0.00065458,2.3294e-05,-4.6895e-07,-0.00065152,7.2532e-06,1.7601e-06,-0.00065152,7.2532e-06,1.7601e-06
0.00048837,-0.00048837,-0.00064381,7.1368e-06,0.00064678,2.2556e-05,-4.5585e-07,-0.00064381,7.1368e-06,1.7402e-06,-0.00064381,7.1368e-06,1.7402e-06
0.00048091,-0.00048091,-0.00064176,7.0665e-06,0.00064468,2.2173e-05,-4.4888e-07,-0.00064176,7.0665e-06,1.7361e-06,-0.00064176,7.0665e-06,1.7361e-06
0.00047847,-0.00047847,-0.00063759,7.0559e-06,0.0006405,2.2035e-05,-4.466e-07,-0.00063759,7.0559e-06,1.7238e-06,-0.00063759,7.0559e-06,1.7238e-06
0.00047634,-0.00047634,-0.00063647,7.0258e-06,0.00063936,2.1936e-05,-4.4462e-07,-0.00063647,7.0258e-06,1.7213e-06,-0.00063647,7.0258e-06,1.7213e-06
0.00035474,-0.00035474,-0.00040332,4.7298e-06,0.00040548,1.6838e-05,-3.3112e-07,-0.00040332,4.7298e-06,1.0823e-06,-0.00040332,4.7298e-06,1.0823e-06
0.00041596,-0.00041596,-0.00058538,6.2767e-06,0.00058791,1.9014e-05,-3.8826e-07,-0.00058538,6.2767e-06,1.5888e-06,-0.00058538,6.2767e-06,1.5888e-06
0.00044799,-0.00044799,-0.00061882,6.7835e-06,0.00062155,2.0454e-05,-4.1815e-07,-0.00061882,6.7835e-06,1.675e-06,-0.00061882,6.7835e-06,1.675e-06
0.00045874,-0.00045874,-0.00062211,6.8473e-06,0.0006249,2.1044e-05,-4.2819e-07,-0.00062211,6.8473e-06,1.683e-06,-0.00062211,6.8473e-06,1.683e-06
0.00046511,-0.00046511,-0.00062126,6.9129e-06,0.00062409,2.1366e-05,-4.3414e-07,-0.00062126,6.9129e-06,1.6785e-06,-0.00062126,6.9129e-06,1.6785e-06
0.00047016,-0.00047016,-0.00074563,6.9729e-06,0.00074849,2.1613e-05,-4.3885e-07,-0.00074563,6.9729e-06,2.0547e-06,-0.00074563,6.9729e-06,2.0547e-06
0.00046994,-0.00046994,-0.00083955,7.1099e-06,0.0008424,2.1462e-05,-4.3864e-07,-0.00083955,7.1099e-06,2.3361e-06,-0.00083955,7.1099e-06,2.3361e-06
0.00047027,-0.00047027,-0.0008651,7.2378e-06,0.00086796,2.1355e-05,-4.3895e-07,-0.0008651,7.2378e-06,2.4099e-06,-0.0008651,7.2378e-06,2.4099e-06
0.00047308,-0.00047308,-0.00087206,7.3255e-06,0.00087493,2.1438e-05,-4.4157e-07,-0.00087206,7.3255e-06,2.4284e-06,-0.00087206,7.3255e-06,2.4284e-06
0.00047151,-0.00047151,-0.00087395,7.2818e-06,0.00087681,2.1386e-05,-4.4011e-07,-0.00087395,7.2818e-06,2.4354e-06,-0.00087395,7.2818e-06,2.4354e-06
0.00035402,-0.00035402,-0.00075893,5.0275e-06,0.00076109,1.6497e-05,-3.3044e-07,-0.00075893,5.0275e-06,2.1543e-06,-0.00075893,5.0275e-06,2.1543e-06
0.0002952,-0.0002952,-0.0007516,4.4784e-06,0.0007534,1.347e-05,-2.7554e-07,-0.0007516,4.4784e-06,2.1487e-06,-0.0007516,4.4784e-06,2.1487e-06
0.00026534,-0.00026534,-0.0007494,4.2562e-06,0.00075101,1.1876e-05,-2.4766e-07,-0.0007494,4.2562e-06,2.1488e-06,-0.0007494,4.2562e-06,2.1488e-06
0.00025112,-0.00025112,-0.00074869,4.1571e-06,0.00075021,1.1111e-05,-2.344e-07,-0.00074869,4.1571e-06,2.1496e-06,-0.00074869,4.1571e-06,2.1496e-06
0.00024438,-0.00024438,-0.00075742,4.1128e-06,0.00075891,1.0746e-05,-2.2811e-07,-0.00075742,4.1128e-06,2.1775e-06,-0.00075742,4.1128e-06,2.1775e-06
0.00024061,-0.00024061,-0.00075978,4.0946e-06,0.00076125,1.0535e-05,-2.2459e-07,-0.00075978,4.0946e-06,2.1853e-06,-0.00075978,4.0946e-06,2.1853e-06
0.0002395,-0.0002395,-0.00076041,4.0963e-06,0.00076187,1.0465e-05,-2.2355e-07,-0.00076041,4.0963e-06,2.1871e-06,-0.00076041,4.0963e-06,2.1871e-06
0.00020515,-0.00020515,-0.00039853,2.8877e-06,0.00039978,9.5856e-06,-1.9149e-07,-0.00039853,2.8877e-06,1.1238e-06,-0.00039853,2.8877e-06,1.1238e-06
0.00025091,-0.00025091,-0.00055779,3.1538e-06,0.00055931,1.2101e-05,-2.342e-07,-0.00055779,3.1538e-06,1.5998e-06,-0.00055779,3.1538e-06,1.5998e-06
0.00027585,-0.00027585,-0.00051581,3.5569e-06,0.00051748,1.3215e-05,-2.5748e-07,-0.00051581,3.5569e-06,1.4599e-06,-0.00051581,3.5569e-06,1.4599e-06
0.00028833,-0.00028833,-0.00049675,3.5919e-06,0.00049851,1.3938e-05,-2.6913e-07,-0.00049675,3.5919e-06,1.4009e-06,-0.00049675,3.5919e-06,1.4009e-06
0.00029427,-0.00029427,-0.00048631,3.6056e-06,0.0004881,1.4286e-05,-2.7467e-07,-0.00048631,3.6056e-06,1.3688e-06,-0.00048631,3.6056e-06,1.3688e-06
0.0002971,-0.0002971,-0.00047879,3.6096e-06,0.00048059,1.4454e-05,-2.7731e-07,-0.00047879,3.6096e-06,1.3458e-06,-0.00047879,3.6096e-06,1.3458e-06
0.0002976,-0.0002976,-0.00047216,3.5954e-06,0.00047397,1.4499e-05,-2.7778e-07,-0.00047216,3.5954e-06,1.3261e-06,-0.00047216,3.5954e-06,1.3261e-06
0.00029811,-0.00029811,-0.00047032,3.5935e-06,0.00047213,1.4531e-05,-2.7826e-07,-0.00047032,3.5935e-06,1.3205e-06,-0.00047032,3.5935e-06,1.3205e-06
0.00029846,-0.00029846,-0.00046984,3.5943e-06,0.00047166,1.4552e-05,-2.7859e-07,-0.00046984,3.5943e-06,1.319e-06,-0.00046984,3.5943e-06,1.319e-06
0.0002371,-0.0002371,-0.00025046,2.4078e-06,0.0002519,1.2008e-05,-2.2131e-07,-0.00025046,2.4078e-06,6.8821e-07,-0.00025046,2.4078e-06,6.8821e-07
0.00028552,-0.00028552,-0.00035069,2.5789e-06,0.00035243,1.4781e-05,-2.6651e-07,-0.00035069,2.5789e-06,9.8771e-07,-0.00035069,2.5789e-06,9.8771e-07
0.00031198,-0.00031198,-0.00032307,2.9204e-06,0.00032497,1.6048e-05,-2.9121e-07,-0.00032307,2.9204e-06,8.9336e-07,-0.00032307,2.9204e-06,8.9336e-07
0.00032345,-0.00032345,-0.00031548,2.9476e-06,0.00031744,1.6718e-05,-3.0191e-07,-0.00031548,2.9476e-06,8.6945e-07,-0.00031548,2.9476e-06,8.6945e-07
0.00032914,-0.00032914,-0.00031338,2.9766e-06,0.00031538,1.7035e-05,-3.0722e-07,-0.00031338,2.9766e-06,8.6217e-07,-0.00031338,2.9766e-06,8.6217e-07
0.00032824,-0.00032824,-0.00027341,3.0388e-06,0.00027541,1.6918e-05,-3.0638e-07,-0.00027341,3.0388e-06,7.3879e-07,-0.00027341,3.0388e-06,7.3879e-07
0.00032721,-0.00032721,-0.00026216,2.9738e-06,0.00026415,1.6921e-05,-3.0542e-07,-0.00026216,2.9738e-06,7.0657e-07,-0.00026216,2.9738e-06,7.0657e-07
0.00032636,-0.00032636,-0.0002527,2.948e-06,0.00025468,1.6895e-05,-3.0463e-07,-0.0002527,2.948e-06,6.7859e-07,-0.0002527,2.948e-06,6.7859e-07
0.00032569,-0.00032569,-0.0002464,2.9288e-06,0.00024838,1.6873e-05,-3.04e-07,-0.0002464,2.9288e-06,6.6003e-07,-0.0002464,2.9288e-06,6.6003e-07
0.0003252,-0.0003252,-0.00023919,2.9153e-06,0.00024117,1.6857e-05,-3.0354e-07,-0.00023919,2.9153e-06,6.3851e-07,-0.00023919,2.9153e-06,6.3851e-07
0.00032503,-0.00032503,-0.00023456,2.9055e-06,0.00023654,1.6856e-05,-3.0338e-07,-0.00023456,2.9055e-06,6.2473e-07,-0.00023456,2.9055e-06,6.2473e-07
0.00032486,-0.00032486,-0.00023319,2.8985e-06,0.00023516,1.6853e-05,-3.0323e-07,-0.00023319,2.8985e-06,6.2077e-07,-0.00023319,2.8985e-06,6.2077e-07
0.00032485,-0.00032485,-0.0002329,2.8965e-06,0.00023488,1.6854e-05,-3.0322e-07,-0.0002329,2.8965e-06,6.1996e-07,-0.0002329,2.8965e-06,6.1996e-07
0.00024428,-0.00024428,-0.00015013,2.1547e-06,0.00015161,1.2698e-05,-2.2801e-07,-0.00015013,2.1547e-06,3.9088e-07,-0.00015013,2.1547e-06,3.9088e-07
0.00028452,-0.00028452,-0.00021376,2.4902e-06,0.00021549,1.4809e-05,-2.6557e-07,-0.00021376,2.4902e-06,5.7412e-07,-0.00021376,2.4902e-06,5.7412e-07
0.00030439,-0.00030439,-0.00022729,2.7179e-06,0.00022914,1.5789e-05,-2.8412e-07,-0.00022729,2.7179e-06,6.0835e-07,-0.00022729,2.7179e-06,6.0835e-07
0.00031509,-0.00031509,-0.0002094,2.8202e-06,0.00021131,1.6337e-05,-2.941e-07,-0.0002094,2.8202e-06,5.5083e-07,-0.0002094,2.8202e-06,5.5083e-07
0.00032001,-0.00032001,-0.00020438,2.8274e-06,0.00020633,1.6629e-05,-2.987e-07,-0.00020438,2.8274e-06,5.3538e-07,-0.00020438,2.8274e-06,5.3538e-07
0.00032212,-0.00032212,-0.00020304,2.8325e-06,0.000205,1.6752e-05,-3.0067e-07,-0.00020304,2.8325e-06,5.3113e-07,-0.00020304,2.8325e-06,5.3113e-07
0.00032379,-0.00032379,-0.00019443,2.8474e-06,0.0001964,1.6839e-05,-3.0222e-07,-0.00019443,2.8474e-06,5.0452e-07,-0.00019443,2.8474e-06,5.0452e-07
0.00032501,-0.00032501,-0.0001874,2.8466e-06,0.00018937,1.6914e-05,-3.0336e-07,-0.0001874,2.8466e-06,4.8315e-07,-0.0001874,2.8466e-06,4.8315e-07
0.00032405,-0.00032405,-0.00018541,2.8161e-06,0.00018738,1.6886e-05,-3.0246e-07,-0.00018541,2.8161e-06,4.7803e-07,-0.00018541,2.8161e-06,4.7803e-07
0.00032373,-0.00032373,-0.00017998,2.8138e-06,0.00018195,1.6869e-05,-3.0217e-07,-0.00017998,2.8138e-06,4.616e-07,-0.00017998,2.8138e-06,4.616e-07
0.00032373,-0.00032373,-0.0001756,2.809e-06,0.00017757,1.6874e-05,-3.0217e-07,-0.0001756,2.809e-06,4.4843e-07,-0.0001756,2.809e-06,4.4843e-07
0.00032374,-0.00032374,-0.00017437,2.8035e-06,0.00017634,1.688e-05,-3.0218e-07,-0.00017437,2.8035e-06,4.4485e-07,-0.00017437,2.8035e-06,4.4485e-07
0.00032375,-0.00032375,-0.00017397,2.802e-06,0.00017594,1.6882e-05,-3.0218e-07,-0.00017397,2.802e-06,4.437e-07,-0.00017397,2.802e-06,4.437e-07
0.00024196,-0.00024196,-0.00011223,2.0434e-06,0.0001137,1.2668e-05,-2.2585e-07,-0.00011223,2.0434e-06,2.7906e-07,-0.00011223,2.0434e-06,2.7906e-07
0.0002838,-0.0002838,-0.00014806,2.4373e-06,0.00014979,1.4818e-05,-2.649e-07,-0.00014806,2.4373e-06,3.7601e-07,-0.00014806,2.4373e-06,3.7601e-07
0.0003042,-0.0003042,-0.00015191,2.6281e-06,0.00015376,1.5867e-05,-2.8394e-07,-0.00015191,2.6281e-06,3.8191e-07,-0.00015191,2.6281e-06,3.8191e-07
0.00031491,-0.00031491,-0.00014906,2.7136e-06,0.00015098,1.6433e-05,-2.9394e-07,-0.00014906,2.7136e-06,3.7066e-07,-0.00014906,2.7136e-06,3.7066e-07
0.00031968,-0.00031968,-0.0001483,2.7375e-06,0.00015024,1.6699e-05,-2.9839e-07,-0.0001483,2.7375e-06,3.6761e-07,-0.0001483,2.7375e-06,3.6761e-07
0.00032181,-0.00032181,-0.0001438,2.7493e-06,0.00014576,1.6817e-05,-3.0038e-07,-0.0001438,2.7493e-06,3.5357e-07,-0.0001438,2.7493e-06,3.5357e-07
0.00032426,-0.00032426,-0.00014007,2.7842e-06,0.00014204,1.6931e-05,-3.0266e-07,-0.00014007,2.7842e-06,3.4116e-07,-0.00014007,2.7842e-06,3.4116e-07
0.00032421,-0.00032421,-0.00013908,2.7509e-06,0.00014106,1.6961e-05,-3.0262e-07,-0.00013908,2.7509e-06,3.3919e-07,-0.00013908,2.7509e-06,3.3919e-07
0.00032277,-0.00032277,-0.00013323,2.7285e-06,0.0001352,1.6896e-05,-3.0128e-07,-0.00013323,2.7285e-06,3.2208e-07,-0.00013323,2.7285e-06,3.2208e-07
0.000324,-0.000324,-0.00012932,2.7485e-06,0.00013129,1.6951e-05,-3.0242e-07,-0.00012932,2.7485e-06,3.0959e-07,-0.00012932,2.7485e-06,3.0959e-07
0.00032305,-0.00032305,-0.00012822,2.7225e-06,0.00013018,1.6919e-05,-3.0153e-07,-0.00012822,2.7225e-06,3.0703e-07,-0.00012822,2.7225e-06,3.0703e-07
0.00032274,-0.00032274,-0.00012321,2.7216e-06,0.00012517,1.6901e-05,-3.0124e-07,-0.00012321,2.7216e-06,2.9183e-07,-0.00012321,2.7216e-06,2.9183e-07
0.00032275,-0.00032275,-0.00011829,2.7173e-06,0.00012025,1.6906e-05,-3.0126e-07,-0.00011829,2.7173e-06,2.7699e-07,-0.00011829,2.7173e-06,2.7699e-07
0.00032292,-0.00032292,-0.00011685,2.7136e-06,0.00011882,1.692e-05,-3.0142e-07,-0.00011685,2.7136e-06,2.7274e-07,-0.00011685,2.7136e-06,2.7274e-07
0.00032189,-0.00032189,-0.00010335,2.751e-06,0.00010531,1.682e-05,-3.0045e-07,-0.00010335,2.751e-06,2.3056e-07,-0.00010335,2.751e-06,2.3056e-07
0.00032056,-0.00032056,-9.9647e-05,2.7147e-06,0.0001016,1.6775e-05,-2.9921e-07,-9.9647e-05,2.7147e-06,2.204e-07,-9.9647e-05,2.7147e-06,2.204e-07
0.00031941,-0.00031941,-8.9227e-05,2.6966e-06,9.1169e-05,1.6724e-05,-2.9814e-07,-8.9227e-05,2.6966e-06,1.8927e-07,-8.9227e-05,2.6966e-06,1.8927e-07
0.00031874,-0.00031874,-8.6344e-05,2.6772e-06,8.8282e-05,1.6702e-05,-2.9751e-07,-8.6344e-05,2.6772e-06,1.811e-07,-8.6344e-05,2.6772e-06,1.811e-07
0.0003184,-0.0003184,-8.1906e-05,2.6712e-06,8.3842e-05,1.6687e-05,-2.9719e-07,-8.1906e-05,2.6712e-06,1.6779e-07,-8.1906e-05,2.6712e-06,1.6779e-07
0.00032056,-0.00032056,-8.0658e-05,2.7119e-06,8.2607e-05,1.6778e-05,-2.9921e-07,-8.0658e-05,2.7119e-06,1.6276e-07,-8.0658e-05,2.7119e-06,1.6276e-07
0.00031835,-0.00031835,-8.0396e-05,2.6488e-06,8.2332e-05,1.6707e-05,-2.9714e-07,-8.0396e-05,2.6488e-06,1.6388e-07,-8.0396e-05,2.6488e-06,1.6388e-07
0.00031741,-0.00031741,-7.2937e-05,2.646e-06,7.4867e-05,1.6652e-05,-2.9627e-07,-7.2937e-05,2.646e-06,1.4129e-07,-7.2937e-05,2.646e-06,1.4129e-07
0.00031726,-0.00031726,-6.936e-05,2.6396e-06,7.1289e-05,1.665e-05,-2.9613e-07,-6.936e-05,2.6396e-06,1.3061e-07,-6.936e-05,2.6396e-06,1.3061e-07
0.00031743,-0.00031743,-6.8391e-05,2.6389e-06,7.0321e-05,1.6661e-05,-2.9629e-07,-6.8391e-05,2.6389e-06,1.2769e-07,-6.8391e-05,2.6389e-06,1.2769e-07
0.0003176,-0.0003176,-6.8118e-05,2.6401e-06,7.0049e-05,1.667e-05,-2.9644e-07,-6.8118e-05,2.6401e-06,1.2682e-07,-6.8118e-05,2.6401e-06,1.2682e-07
0.0002371,-0.0002371,-4.4046e-05,1.8853e-06,4.5488e-05,1.253e-05,-2.2131e-07,-4.4046e-05,1.8853e-06,7.6587e-08,-4.4046e-05,1.8853e-06,7.6587e-08
0.00027751,-0.00027751,-5.4769e-05,2.3201e-06,5.6457e-05,1.4552e-05,-2.5903e-07,-5.4769e-05,2.3201e-06,9.5966e-08,-5.4769e-05,2.3201e-06,9.5966e-08
0.00029837,-0.00029837,-5.8693e-05,1.9077e-06,6.0508e-05,1.6233e-05,-2.785e-07,-5.8693e-05,1.9077e-06,1.2043e-07,-5.8693e-05,1.9077e-06,1.2043e-07
0.00030734,-0.00030734,-5.9894e-05,1.9562e-06,6.1762e-05,1.673e-05,-2.8688e-07,-5.9894e-05,1.9562e-06,1.2261e-07,-5.9894e-05,1.9562e-06,1.2261e-07
0.00031271,-0.00031271,-6.0329e-05,2.0036e-06,6.2231e-05,1.7009e-05,-2.9189e-07,-6.0329e-05,2.0036e-06,1.2249e-07,-6.0329e-05,2.0036e-06,1.2249e-07
0.00031498,-0.00031498,-5.3507e-05,2.0156e-06,5.5422e-05,1.7135e-05,-2.94e-07,-5.3507e-05,2.0156e-06,1.0139e-07,-5.3507e-05,2.0156e-06,1.0139e-07
0.00031663,-0.00031663,-4.9742e-05,2.0225e-06,5.1667e-05,1.7229e-05,-2.9554e-07,-4.9742e-05,2.0225e-06,8.9732e-08,-4.9742e-05,2.0225e-06,8.9732e-08
0.0003161,-0.0003161,-4.8723e-05,2.0012e-06,5.0645e-05,1.7217e-05,-2.9504e-07,-4.8723e-05,2.0012e-06,8.7281e-08,-4.8723e-05,2.0012e-06,8.7281e-08
0.00031839,-0.00031839,-4.4426e-05,2.0504e-06,4.6362e-05,1.7308e-05,-2.9718e-07,-4.4426e-05,2.0504e-06,7.2723e-08,-4.4426e-05,2.0504e-06,7.2723e-08
0.00031647,-0.00031647,-4.1615e-05,1.9875e-06,4.3539e-05,1.7254e-05,-2.9539e-07,-4.1615e-05,1.9875e-06,6.6089e-08,-4.1615e-05,1.9875e-06,6.6089e-08
0.00031565,-0.00031565,-4.0785e-05,1.9821e-06,4.2704e-05,1.7209e-05,-2.9462e-07,-4.0785e-05,1.9821e-06,6.3732e-08,-4.0785e-05,1.9821e-06,6.3732e-08
0.00031561,-0.00031561,-4.0547e-05,1.9861e-06,4.2466e-05,1.7203e-05,-2.9459e-07,-4.0547e-05,1.9861e-06,6.2887e-08,-4.0547e-05,1.9861e-06,6.2887e-08
0.00023534,-0.00023534,-2.3317e-05,1.5297e-06,2.4747e-05,1.2779e-05,-2.1966e-07,-2.3317e-05,1.5297e-06,2.4381e-08,-2.3317e-05,1.5297e-06,2.4381e-08
0.00027583,-0.00027583,-3.3113e-05,1.6841e-06,3.479e-05,1.5087e-05,-2.5746e-07,-3.3113e-05,1.6841e-06,4.9469e-08,-3.3113e-05,1.6841e-06,4.9469e-08
0.0002948,-0.0002948,-4.0129e-05,1.3911e-06,4.1922e-05,1.6533e-05,-2.7517e-07,-4.0129e-05,1.3911e-06,7.9704e-08,-4.0129e-05,1.3911e-06,7.9704e-08
0.00030423,-0.00030423,-4.2104e-05,1.4629e-06,4.3954e-05,1.7034e-05,-2.8397e-07,-4.2104e-05,1.4629e-06,8.3526e-08,-4.2104e-05,1.4629e-06,8.3526e-08
0.00030976,-0.00030976,-3.5785e-05,1.5107e-06,3.7669e-05,1.7323e-05,-2.8913e-07,-3.5785e-05,1.5107e-06,6.2862e-08,-3.5785e-05,1.5107e-06,6.2862e-08
0.00031186,-0.00031186,-3.2896e-05,1.5094e-06,3.4792e-05,1.7452e-05,-2.9109e-07,-3.2896e-05,1.5094e-06,5.412e-08,-3.2896e-05,1.5094e-06,5.412e-08
0.00031178,-0.00031178,-3.205e-05,1.4947e-06,3.3946e-05,1.7461e-05,-2.9101e-07,-3.205e-05,1.4947e-06,5.1994e-08,-3.205e-05,1.4947e-06,5.1994e-08
0.00031217,-0.00031217,-2.8829e-05,1.5015e-06,3.0727e-05,1.7479e-05,-2.9138e-07,-2.8829e-05,1.5015e-06,4.1996e-08,-2.8829e-05,1.5015e-06,4.1996e-08
0.00031257,-0.00031257,-2.6304e-05,1.5025e-06,2.8204e-05,1.7502e-05,-2.9175e-07,-2.6304e-05,1.5025e-06,3.4287e-08,-2.6304e-05,1.5025e-06,3.4287e-08
0.00031298,-0.00031298,-2.3318e-05,1.5035e-06,2.5221e-05,1.7526e-05,-2.9214e-07,-2.3318e-05,1.5035e-06,2.5182e-08,-2.3318e-05,1.5035e-06,2.5182e-08
0.00031324,-0.00031324,-2.1411e-05,1.5015e-06,2.3315e-05,1.7543e-05,-2.9238e-07,-2.1411e-05,1.5015e-06,1.9443e-08,-2.1411e-05,1.5015e-06,1.9443e-08
0.00031334,-0.00031334,-2.0934e-05,1.4987e-06,2.2839e-05,1.7553e-05,-2.9247e-07,-2.0934e-05,1.4987e-06,1.8078e-08,-2.0934e-05,1.4987e-06,1.8078e-08
0.00023322,-0.00023322,-1.3614e-05,1.259e-06,1.5032e-05,1.2921e-05,-2.1768e-07,-1.3614e-05,1.259e-06,3.1138e-09,-1.3614e-05,1.259e-06,3.1138e-09
0.00027338,-0.00027338,-1.5954e-05,1.206e-06,1.7616e-05,1.5416e-05,-2.5518e-07,-1.5954e-05,1.206e-06,1.1838e-08,-1.5954e-05,1.206e-06,1.1838e-08
0.00029431,-0.00029431,-1.3869e-05,1.3631e-06,1.5659e-05,1.6531e-05,-2.7471e-07,-1.3869e-05,1.3631e-06,7.2456e-10,-1.3869e-05,1.3631e-06,7.2456e-10
0.00030352,-0.00030352,-1.1217e-05,1.4139e-06,1.3062e-05,1.704e-05,-2.833e-07,-1.1217e-05,1.4139e-06,-8.8823e-09,-1.1217e-05,1.4139e-06,-8.8823e-09
0.00030913,-0.00030913,-9.7844e-06,1.4595e-06,1.1664e-05,1.7336e-05,-2.8854e-07,-9.7844e-06,1.4595e-06,-1.4624e-08,-9.7844e-06,1.4595e-06,-1.4624e-08
0.00031146,-0.00031146,-9.5466e-06,1.4687e-06,1.144e-05,1.7468e-05,-2.9071e-07,-9.5466e-06,1.4687e-06,-1.5626e-08,-9.5466e-06,1.4687e-06,-1.5626e-08
