99.875
0.10552
0.061522
0.035968
0.020965
0.012229
0.0071491
0.0041703
0.0024305
0.0014205
0.00082942
0.00048324
0.00028218
0.00016491
9.6109e-05
5.6068e-05
3.2781e-05
1.9121e-05
1.1145e-05
6.5084e-06
3.797e-06
2.2123e-06
1.2932e-06
7.5176e-07
4.3818e-07
2.5204e-07
1.4832e-07
8.7743e-08
5.3332e-08
3.4024e-08
2.3632e-08
1.413e-08
1.0431e-08
7.6438e-09
4.6894e-09
7.1061e-09
1.226e-08
6.1022e-09
6.3331e-09
8.0873e-09
1.0476e-08
4.8744e-09
4.8551e-09
6.7692e-09
9.3333e-09
3.8345e-09
3.3859e-09
5.5378e-09
8.3012e-09
3.1713e-09
1.9403e-09
4.463e-09
7.4239e-09
1.0457e-08
1.9629e-09
3.6813e-09
6.76e-09
9.8432e-09
2.2166e-09
3.3997e-09
6.376e-09
9.423e-09
3.2132e-09
3.7299e-09
6.3208e-09
9.2218e-09
5.1227e-09
2.0114e-09
1.3865e-09
4.341e-09
7.4034e-09
1.048e-08
2.1315e-09
3.8742e-09
6.9229e-09
9.9943e-09
2.85e-09
3.9412e-09
6.7377e-09
9.7111e-09
4.6067e-09
1.6868e-09
2.131e-09
5.0281e-09
8.0663e-09
2.5856e-09
1.3879e-09
4.429e-09
7.5067e-09
1.0589e-08
2.6607e-09
4.2792e-09
7.2107e-09
1.0233e-08
3.6298e-09
4.6207e-09
7.2098e-09
1.0083e-08
4.3595e-09
1.1834e-09
1.9666e-09
5.0379e-09
8.1202e-09
2.7852e-09
1.9411e-09
4.7148e-09
7.7289e-09
1.0784e-08
3.3801e-09
4.84e-09
7.6079e-09
1.0554e-08
3.8028e-09
8.2275e-10
2.6391e-09
5.6831e-09
8.7565e-09
2.2786e-09
2.2416e-09
5.2256e-09
8.2845e-09
3.2652e-09
2.7272e-09
5.164e-09
8.0587e-09
1.1057e-08
3.3274e-09
1.0524e-09
3.3489e-09
6.3534e-09
9.4106e-09
1.9454e-09
2.727e-09
5.7912e-09
8.8704e-09
2.7247e-09
2.8322e-09
5.574e-09
8.5536e-09
3.9249e-09
3.5978e-09
5.7393e-09
8.4842e-09
7.7285e-09
9.0443e-09
1.2175e-08
1.0007e-08
6.0354e-09
3.4193e-10
3.2506e-09
6.3293e-09
9.4126e-09
2.4391e-09
3.1526e-09
6.0316e-09
9.048e-09
3.567e-09
3.6954e-09
6.0864e-09
8.9151e-09
5.512e-09
2.3526e-09
8.7146e-10
3.8767e-09
6.9529e-09
1.0035e-08
2.1781e-09
3.5437e-09
6.5438e-09
9.5984e-09
3.1116e-09
3.7999e-09
6.4537e-09
9.3759e-09
4.9534e-09
1.8733e-09
1.5983e-09
4.5436e-09
7.6013e-09
2.9508e-09
1.139e-09
4.0418e-09
7.1007e-09
1.0176e-08
2.7935e-09
4.0477e-09
6.8859e-09
9.8738e-09
4.4547e-09
1.6233e-09
2.3448e-09
5.2351e-09
8.2678e-09
2.4494e-09
1.5518e-09
4.6115e-09
7.6921e-09
1.0776e-08
2.6622e-09
4.4144e-09
