139.8
4.3523
0.29424
0.29196
0.27149
0.24172
0.20844
0.1836
0.15317
0.13677
0.1506
0.16576
0.22785
0.066485
0.030605
0.023854
0.019303
0.015636
0.012008
0.0088898
0.006431
0.0045995
0.0032856
0.0023626
0.0016941
0.0012632
0.00091485
0.00070206
0.00051847
0.00036185
0.00025289
0.00018247
0.00013931
0.00010208
9.6716e-05
6.4195e-05
3.4537e-05
4.0261e-05
5.4666e-05
2.9397e-05
7.4203e-06
2.4862e-05
4.4674e-05
6.5169e-05
3.4882e-05
2.2135e-05
2.1137e-05
3.9365e-05
5.9213e-05
3.0483e-05
1.1134e-05
2.2382e-05
4.0143e-05
6.0835e-05
3.4202e-05
1.2203e-05
2.146e-05
3.9334e-05
5.9213e-05
3.0483e-05
1.1134e-05
2.2382e-05
4.0143e-05
6.0835e-05
3.4202e-05
1.2203e-05
2.146e-05
3.9334e-05
5.9213e-05
3.0483e-05
1.1134e-05
2.2382e-05
4.0143e-05
6.0835e-05
3.4202e-05
1.2203e-05
2.146e-05
3.9334e-05
5.9213e-05
3.0483e-05
1.1134e-05
2.2382e-05
4.0143e-05
6.0835e-05
3.4202e-05
1.2203e-05
2.146e-05
3.9334e-05
5.9213e-05
3.0483e-05
1.1134e-05
2.2382e-05
4.0143e-05
6.0835e-05
3.4202e-05
1.2203e-05
2.146e-05
3.9334e-05
5.9213e-05
3.0483e-05
1.1134e-05
2.2382e-05
4.0143e-05
6.0835e-05
3.4202e-05
1.2203e-05
2.146e-05
3.9334e-05
5.9213e-05
3.0483e-05
1.1134e-05
2.2382e-05
4.0143e-05
6.0835e-05
3.4202e-05
1.2203e-05
2.146e-05
3.9334e-05
5.9213e-05
3.0483e-05
1.1134e-05
2.2382e-05
4.0143e-05
6.0835e-05
3.4202e-05
1.2203e-05
2.146e-05
3.9334e-05
5.9213e-05
3.0483e-05
1.1134e-05
2.2382e-05
4.0143e-05
6.0835e-05
3.4202e-05
1.2203e-05
2.146e-05
3.9334e-05
5.9213e-05
3.0483e-05
1.1134e-05
2.2382e-05
4.0143e-05
6.0835e-05
3.4202e-05
1.2203e-05
2.146e-05
3.9334e-05
5.9213e-05
3.0483e-05
1.1134e-05
2.2382e-05
4.0143e-05
6.0835e-05
3.4202e-05
1.2203e-05
2.146e-05
3.9334e-05
5.9213e-05
3.0483e-05
1.1134e-05
2.2382e-05
4.0143e-05
6.0835e-05
3.4202e-05
1.2203e-05
2.146e-05
3.9334e-05
5.9213e-05
3.0483e-05
1.1134e-05
2.2382e-05
4.0143e-05
6.0835e-05
3.4202e-05
1.2203e-05
2.146e-05
3.9334e-05
5.9213e-05
3.0483e-05
1.1134e-05
2.2382e-05
4.0143e-05
6.0835e-05
3.4202e-05
1.2203e-05
2.146e-05
3.9334e-05
5.9213e-05
3.0483e-05
1.1134e-05
2.2382e-05
4.0143e-05
6.0835e-05
3.4202e-05
1.2203e-05
2.146e-05
3.9334e-05
5.9213e-05
3.0483e-05
