0.041478
0.041486
0.041486
0.041486
0.041486
0.041486
0.041486
0.041486
0.041486
0.041486
0.041486
0.041486
0.041486
0.041486
0.041486
0.041486
0.041486
0.041486
0.041486
0.041486
0.041486
0.041486
0.041486
0.041486
0.041486
0.041486
0.041486
0.041486
0.041486
0.041486
0.041486
0.041486
0.041486
0.041486
0.041486
0.041486
0.041486
0.041486
0.041486
0.041486
0.041486
0.041486
0.041486
0.041486
0.041486
0.041486
0.041486
0.041486
0.041486
0.041486
0.041486
0.041486
0.041486
0.041486
0.041486
0.041486
0.041486
0.041486
0.041486
0.041486
0.041486
0.041486
0.041486
0.041486
0.041486
0.041486
0.041486
0.041486
0.041486
0.041486
0.041486
0.041486
0.041486
0.041486
0.041486
0.041486
0.041486
0.041486
0.041486
0.041486
0.041486
0.041486
0.041486
0.041486
0.041486
0.041486
0.041486
0.041486
0.041486
0.041486
0.041486
0.041486
0.041486
0.041486
0.041486
0.041486
0.041486
0.041486
0.041486
0.041486
0.041486
0.041486
0.041486
0.041486
0.041486
