1.1025,1.1025,2.0896,0.0012045,2.0896,0.0012045,13.647
1.1081,1.0919,-0.59223,0.0014503,-0.59223,0.0014503,13.647
1.1028,1.0811,-1.487,0.0017808,-1.487,0.0017808,13.647
1.0946,1.0756,-1.0409,0.0019464,-1.0409,0.0019464,13.647
1.0413,1.0279,-0.14729,0.0033944,-0.14729,0.0033944,13.647
1.0353,1.0259,0.52302,0.003455,0.52302,0.003455,13.647
1.0346,1.0266,0.74664,0.0034334,0.74664,0.0034334,13.647
1.0349,1.0263,0.63515,0.0034432,0.63515,0.0034432,13.647
1.0356,1.0256,0.41183,0.0034655,0.41183,0.0034655,13.647
1.0361,1.0251,0.24426,0.0034823,0.24426,0.0034823,13.647
1.0363,1.0249,0.18834,0.0034867,0.18834,0.0034867,13.647
1.0362,1.025,0.21621,0.0034852,0.21621,0.0034852,13.647
1.036,1.0252,0.27204,0.0034787,0.27204,0.0034787,13.647
1.0359,1.0253,0.31394,0.0034755,0.31394,0.0034755,13.647
1.0359,1.0253,0.32792,0.0034743,0.32792,0.0034743,13.647
1.0359,1.0253,0.32095,0.0034728,0.32095,0.0034728,13.647
1.0359,1.0253,0.30699,0.0034722,0.30699,0.0034722,13.647
1.036,1.0252,0.29652,0.0034735,0.29652,0.0034735,13.647
1.036,1.0252,0.29303,0.003474,0.29303,0.003474,13.647
1.036,1.0252,0.29476,0.0034735,0.29476,0.0034735,13.647
1.036,1.0252,0.29825,0.0034717,0.29825,0.0034717,13.647
1.0359,1.0253,0.30087,0.0034714,0.30087,0.0034714,13.647
1.0359,1.0253,0.30175,0.0034724,0.30175,0.0034724,13.647
1.0359,1.0253,0.30132,0.0034748,0.30132,0.0034748,13.647
1.036,1.0252,0.30044,0.0034758,0.30044,0.0034758,13.647
1.036,1.0252,0.29978,0.0034753,0.29978,0.0034753,13.647
1.036,1.0252,0.29956,0.0034734,0.29956,0.0034734,13.647
1.036,1.0252,0.29967,0.0034731,0.29967,0.0034731,13.647
1.036,1.0252,0.29989,0.0034713,0.29989,0.0034713,13.647
1.036,1.0252,0.30006,0.0034711,0.30006,0.0034711,13.647
1.036,1.0252,0.30011,0.0034694,0.30011,0.0034694,13.647
1.036,1.0252,0.30008,0.0034693,0.30008,0.0034693,13.647
1.036,1.0252,0.30002,0.0034677,0.30002,0.0034677,13.647
1.036,1.0252,0.29998,0.0034677,0.29998,0.0034677,13.647
1.036,1.0252,0.29997,0.0034662,0.29997,0.0034662,13.647
1.036,1.0252,0.29998,0.0034632,0.29998,0.0034632,13.647
1.036,1.0252,0.3,0.0034618,0.3,0.0034618,13.647
1.036,1.0252,0.3,0.0034589,0.3,0.0034589,13.647
1.036,1.0252,0.30001,0.0034576,0.30001,0.0034576,13.647
1.036,1.0252,0.30001,0.0034548,0.30001,0.0034548,13.647
1.036,1.0252,0.3,0.0034537,0.3,0.0034537,13.647
1.036,1.0252,0.3,0.003451,0.3,0.003451,13.647
1.036,1.0252,0.3,0.00345,0.3,0.00345,13.647
1.036,1.0252,0.3,0.0034475,0.3,0.0034475,13.647
1.036,1.0252,0.3,0.0034466,0.3,0.0034466,13.647
1.036,1.0252,0.3,0.0034443,0.3,0.0034443,13.647
1.036,1.0252,0.3,0.0034436,0.3,0.0034436,13.647
1.036,1.0252,0.3,0.0034415,0.3,0.0034415,13.647
1.036,1.0252,0.3,0.0034409,0.3,0.0034409,13.647
1.036,1.0252,0.3,0.0034389,0.3,0.0034389,13.647
1.036,1.0252,0.3,0.0034385,0.3,0.0034385,13.647
1.036,1.0252,0.3,0.0034367,0.3,0.0034367,13.647
1.036,1.0252,0.3,0.0034364,0.3,0.0034364,13.647
1.036,1.0252,0.3,0.0034347,0.3,0.0034347,13.647
1.036,1.0252,0.3,0.0034346,0.3,0.0034346,13.647
1.036,1.0252,0.3,0.0034331,0.3,0.0034331,13.647
1.036,1.0252,0.3,0.0034331,0.3,0.0034331,13.647
1.036,1.0252,0.3,0.0034317,0.3,0.0034317,13.647
1.036,1.0252,0.3,0.0034289,0.3,0.0034289,13.647
1.036,1.0252,0.3,0.0034277,0.3,0.0034277,13.647
1.036,1.0252,0.3,0.0034251,0.3,0.0034251,13.647
1.036,1.0252,0.3,0.0034241,0.3,0.0034241,13.647
1.036,1.0252,0.3,0.0034216,0.3,0.0034216,13.647
1.036,1.0252,0.3,0.0034207,0.3,0.0034207,13.647
1.036,1.0252,0.3,0.0034184,0.3,0.0034184,13.647
1.036,1.0252,0.3,0.0034177,0.3,0.0034177,13.647
1.036,1.0252,0.3,0.0034156,0.3,0.0034156,13.647
1.036,1.0252,0.3,0.0034151,0.3,0.0034151,13.647
1.036,1.0252,0.3,0.0034132,0.3,0.0034132,13.647
1.036,1.0252,0.3,0.0034129,0.3,0.0034129,13.647
1.036,1.0252,0.3,0.0034112,0.3,0.0034112,13.647
1.036,1.0252,0.3,0.0034111,0.3,0.0034111,13.647
1.036,1.0252,0.3,0.0034096,0.3,0.0034096,13.647
1.036,1.0252,0.3,0.0034067,0.3,0.0034067,13.647
1.036,1.0252,0.3,0.0034054,0.3,0.0034054,13.647
1.036,1.0252,0.3,0.0034027,0.3,0.0034027,13.647
1.036,1.0252,0.3,0.0034016,0.3,0.0034016,13.647
1.036,1.0252,0.3,0.0033992,0.3,0.0033992,13.647
1.036,1.0252,0.3,0.0033984,0.3,0.0033984,13.647
1.036,1.0252,0.3,0.0033962,0.3,0.0033962,13.647
1.036,1.0252,0.3,0.0033956,0.3,0.0033956,13.647
1.036,1.0252,0.3,0.0033936,0.3,0.0033936,13.647
1.036,1.0252,0.3,0.0033932,0.3,0.0033932,13.647
1.036,1.0252,0.3,0.0033915,0.3,0.0033915,13.647
1.036,1.0252,0.3,0.0033914,0.3,0.0033914,13.647
1.036,1.0252,0.3,0.0033899,0.3,0.0033899,13.647
1.036,1.0252,0.3,0.003387,0.3,0.003387,13.647
1.036,1.0252,0.3,0.0033857,0.3,0.0033857,13.647
1.036,1.0252,0.3,0.0033831,0.3,0.0033831,13.647
1.036,1.0252,0.3,0.0033821,0.3,0.0033821,13.647
1.036,1.0252,0.3,0.0033797,0.3,0.0033797,13.647
1.036,1.0252,0.3,0.003379,0.3,0.003379,13.647
1.036,1.0252,0.3,0.0033769,0.3,0.0033769,13.647
1.036,1.0252,0.3,0.0033765,0.3,0.0033765,13.647
1.036,1.0252,0.3,0.0033746,0.3,0.0033746,13.647
1.036,1.0252,0.3,0.0033745,0.3,0.0033745,13.647
1.036,1.0252,0.3,0.0033729,0.3,0.0033729,13.647
1.036,1.0252,0.3,0.003373,0.3,0.003373,13.647
1.036,1.0252,0.3,0.0033717,0.3,0.0033717,13.647
1.036,1.0252,0.3,0.003369,0.3,0.003369,13.647
1.036,1.0252,0.3,0.003368,0.3,0.003368,13.647
1.036,1.0252,0.3,0.0033656,0.3,0.0033656,13.647
1.036,1.0252,0.3,0.0033649,0.3,0.0033649,13.647
1.036,1.0252,0.3,0.0033628,0.3,0.0033628,13.647
1.036,1.0252,0.3,0.0033624,0.3,0.0033624,13.647
