139.16
3.9971
2.8264
1.9985
1.4132
1.0016
0.70644
0.49951
0.35321
0.24976
0.1766
0.12488
0.088304
0.06244
0.044154
0.031223
0.022082
0.015614
0.011041
0.0078035
0.0055256
0.0039087
0.0027724
0.0019735
0.0014187
0.0010165
0.00074033
0.00056007
0.00043004
0.00036203
0.00030767
0.00029082
0.00026651
0.00026976
0.00025556
0.00026386
0.00028867
0.00026104
0.00028547
0.00025955
0.00028296
0.00025809
0.00028013
0.00025683
0.0002774
0.00025571
0.00027473
0.00025471
0.0002721
0.00025387
0.00026954
0.00025319
0.00026708
0.00025271
0.00026474
0.00025243
0.00026255
0.00025238
0.00026053
0.00028454
0.00025864
0.00028083
0.00025694
0.0002772
0.00025545
0.00027367
0.00025422
0.00027029
0.00025328
0.00026711
0.00025266
0.00026417
0.00025239
0.00026149
0.00028585
0.00025906
0.00028123
0.00025693
0.00027677
0.00025515
0.00027254
0.00025378
0.0002686
0.00025286
0.00026499
0.00025241
0.00026177
0.00028594
0.00025891
0.00028058
0.0002565
0.00027549
0.0002546
0.00027076
0.00025325
0.00026645
0.00025251
0.00026264
0.00025241
0.00025937
0.00028119
0.00025665
0.00027556
0.00025454
0.00027039
