278.27
3.7927
1.2655
0.63094
1.2656
0.94797
0.31625
0.15767
0.31582
0.23699
0.079083
0.039414
0.078955
0.05925
0.019771
0.0098573
0.019749
0.014814
0.0049428
0.002454
0.0049359
0.0036991
0.0012393
0.00061863
0.0012467
0.00093605
0.00031841
0.00016966
0.00031829
0.00024348
0.00010381
8.0704e-05
0.00010381
8.8535e-05
6.8624e-05
6.9635e-05
7.1424e-05
6.8486e-05
6.8379e-05
6.7978e-05
6.9207e-05
6.7764e-05
6.7955e-05
6.7599e-05
6.7482e-05
6.745e-05
6.7349e-05
6.7316e-05
6.7231e-05
6.7198e-05
6.7125e-05
6.7092e-05
6.7033e-05
6.7001e-05
6.6955e-05
6.6922e-05
6.689e-05
6.6858e-05
6.6827e-05
6.668e-05
6.6647e-05
6.6518e-05
6.6488e-05
6.6369e-05
6.6337e-05
6.6236e-05
6.6203e-05
6.6121e-05
6.6088e-05
6.6024e-05
6.5991e-05
6.5945e-05
6.5913e-05
6.5882e-05
6.5725e-05
6.5693e-05
6.5555e-05
6.5519e-05
6.5409e-05
6.5376e-05
6.5284e-05
6.5252e-05
6.5178e-05
6.5145e-05
6.5099e-05
6.5066e-05
6.5036e-05
6.4879e-05
6.4843e-05
6.4714e-05
6.4682e-05
6.4571e-05
6.4541e-05
6.4458e-05
6.4429e-05
6.4369e-05
6.434e-05
6.4305e-05
6.4275e-05
6.4246e-05
6.4107e-05
6.4076e-05
6.3965e-05
6.3935e-05
6.3852e-05
