35.196
0.15439
0.027358
0.036167
0.13241
0.11461
0.048586
0.0090685
0.061738
0.057324
0.027535
0.0013657
0.029204
0.02865
0.01419
0.0001403
0.018156
0.014352
0.0071412
0.0055092
0.0079785
0.0071413
0.0017563
5.404e-05
0.010931
0.0057077
0.0028736
0.0001105
0.00090968
0.0030449
0.0031873
0.00012613
0.00030115
0.00034648
0.00019337
0.0017753
7.4146e-05
0.0014336
0.00067969
0.001141
0.00062683
3.8875e-05
2.6526e-05
0.00048521
0.0002461
2.6284e-05
2.6816e-05
2.0073e-05
2.0063e-05
2.0009e-05
0.00016455
1.9907e-05
0.00018604
0.00010193
5.4197e-05
2.0904e-05
2.0949e-05
3.5321e-05
2.9727e-05
2.1473e-05
2.0963e-05
2.2138e-05
2.9415e-05
2.278e-05
2.0247e-05
2.2781e-05
2.2756e-05
2.0261e-05
2.0351e-05
2e-05
1.7497e-05
1.7499e-05
1.6369e-05
1.6271e-05
1.632e-05
1.6297e-05
1.6345e-05
2.2411e-05
2.1886e-05
2.2037e-05
2.2041e-05
1.8352e-05
1.7812e-05
1.7949e-05
1.7948e-05
1.7846e-05
1.7812e-05
1.7824e-05
1.7824e-05
1.7813e-05
1.7812e-05
1.7813e-05
1.7817e-05
1.813e-05
1.8125e-05
1.813e-05
1.8128e-05
1.7738e-05
1.7655e-05
1.7656e-05
1.7578e-05
1.7577e-05
1.7499e-05
1.7499e-05
1.7421e-05
1.7421e-05
1.7343e-05
1.7343e-05
1.7265e-05
1.7265e-05
1.7186e-05
1.7108e-05
1.703e-05
1.6952e-05
1.6874e-05
1.6718e-05
1.6562e-05
1.6405e-05
1.6249e-05
1.6093e-05
1.5956e-05
1.58e-05
1.5644e-05
1.5507e-05
1.5351e-05
1.5214e-05
1.5077e-05
1.4921e-05
1.4784e-05
1.4727e-05
1.4591e-05
1.4454e-05
1.4337e-05
1.4201e-05
1.4069e-05
1.3905e-05
1.3846e-05
1.376e-05
1.3749e-05
1.3751e-05
1.3671e-05
1.3671e-05
1.3593e-05
1.3593e-05
1.3594e-05
1.3515e-05
1.3515e-05
1.3437e-05
1.3438e-05
1.3438e-05
