282.54
0.98193
0.079395
0.077807
0.07816
0.078005
0.077795
0.077632
0.073979
0.064273
0.057865
0.054352
0.052551
0.051484
0.039653
0.032687
0.029184
0.027296
0.026279
0.025757
0.025464
0.019677
0.016274
0.01456
0.01363
0.013131
0.012864
0.012718
0.012643
0.0098009
0.00811
0.0072644
0.006809
0.0065626
0.0064307
0.0043627
0.0046843
0.0011416
0.00049561
0.00063353
0.00043513
0.00048219
0.00052083
0.00054541
0.00055851
0.00056377
0.00056603
0.00044868
0.00036205
0.00032234
0.00030319
0.00029388
0.00028934
0.00028673
0.00028581
0.00028568
0.00028485
0.00020153
0.00022503
5.083e-05
4.8166e-05
2.4774e-05
1.3132e-05
6.2609e-06
3.2167e-06
5.4307e-06
1.1267e-06
3.1821e-06
3.1542e-06
3.1375e-06
3.1453e-06
3.1327e-06
7.403e-05
1.8654e-06
1.5889e-06
0.00029263
0.00021847
0.00010899
5.6131e-05
3.5942e-06
6.2651e-05
7.803e-06
7.216e-06
0.00011201
5.5679e-05
2.7492e-05
4.1189e-06
1.3675e-05
0.0001332
0.00012616
2.5001e-06
6.3049e-05
5.0876e-06
1.4154e-05
4.1442e-06
4.1414e-06
4.1397e-06
7.6756e-05
7.8012e-06
7.2169e-06
7.2278e-06
7.2161e-06
7.6757e-05
1.052e-05
4.2122e-05
2.7494e-05
1.367e-05
7.2162e-06
7.2258e-06
7.2158e-06
7.2235e-06
7.2309e-06
7.2171e-06
7.2275e-06
1.3672e-05
1.5808e-06
7.2208e-06
7.2235e-06
7.2308e-06
7.217e-06
7.2281e-06
7.2162e-06
7.2252e-06
1.0104e-05
8.1873e-06
7.2224e-06
1.3679e-05
7.2222e-06
7.216e-06
7.2247e-06
1.0104e-05
4.1524e-06
7.2301e-06
7.2165e-06
7.2268e-06
7.2159e-06
7.2243e-06
1.0104e-05
4.1511e-06
7.2294e-06
7.2165e-06
7.2263e-06
7.2158e-06
7.2243e-06
1.0103e-05
4.1498e-06
4.1474e-06
4.1452e-06
7.2257e-06
7.2158e-06
