0.041386
0.041502
0.041496
0.041493
0.04149
0.04149
0.04149
0.04149
0.041487
0.041485
0.041482
0.041479
0.041476
0.041473
0.041472
0.041469
0.041469
0.041469
0.041469
0.041469
0.041469
0.041469
0.041466
0.041459
0.041456
0.041453
0.041453
0.041453
0.041453
0.041453
0.041453
0.041453
0.041453
0.041453
0.041453
0.041453
0.041453
0.041453
0.04145
0.041444
0.041438
0.041435
0.041435
0.041435
0.041435
0.041435
0.041435
0.041432
0.041432
0.041432
0.041432
0.041432
0.041432
0.041432
0.041432
0.041432
0.041432
0.041432
0.041432
0.041432
0.041432
0.041432
0.041432
0.041432
0.041432
0.041432
0.041432
0.041432
0.041432
0.041432
0.041432
0.041432
0.041432
0.041432
0.041435
0.041435
0.041435
0.041435
0.041435
0.041435
0.041435
0.041435
0.041435
0.041435
0.041435
0.041435
0.041435
0.041435
0.041435
0.041435
0.041435
0.041435
0.041435
0.041435
0.041435
0.041435
0.041435
0.041435
0.041435
0.041435
0.041435
0.041435
0.041435
0.041435
0.041435
0.041435
0.041435
0.041435
0.041435
0.041435
0.041435
0.041435
0.041435
0.041435
0.041435
0.041432
0.041426
0.04142
0.041417
0.041414
0.041414
0.041414
0.041414
0.041414
0.041414
0.041411
0.041411
0.041411
0.041411
0.041411
0.041405
0.041405
0.041405
0.041405
0.041405
0.041405
0.041405
0.041405
0.041405
0.041405
0.041405
0.041405
0.041405
0.041405
0.041405
0.041405
0.041405
0.041405
0.041405
0.041405
