1.1372,1.1428,1.3299,0.039393,2.6199,0.038905,13.654,1.2899,-0.00060599,-0.0038938
1.1003,1.0997,-0.41661,0.013291,1.7466,0.026068,13.652,2.1632,0.012684,-0.0030404
1.0999,1.0979,-0.72106,-0.004011,1.5944,0.017369,13.65,2.3154,0.021358,-0.00072641
1.1055,1.0923,0.38779,0.13386,1.1305,-0.12048,13.649,0.78423,0.16052,13.647
1.1063,1.0804,0.27886,-0.0013558,0.38779,-0.25659,13.648,0.1504,0.15951,13.643
1.0975,1.071,0.096339,-0.00051359,0.29142,-0.25623,13.648,0.23655,0.159,13.642
1.0937,1.0678,-0.11747,-0.00030299,0.40887,-0.25631,13.648,0.5678,0.15866,13.64
1.0913,1.0702,-0.31887,-0.045692,0.72771,-0.21095,13.648,1.088,0.24929,13.636
1.0919,1.0696,-0.3748,-0.075447,0.69975,-0.22579,13.647,1.116,0.26417,13.635
1.0908,1.0707,-0.13426,-0.03012,0.82002,-0.20317,13.646,0.99574,0.24149,13.636
1.09,1.0715,0.035429,0.0050683,0.90486,-0.18561,13.645,0.91089,0.22388,13.637
1.0898,1.0717,0.068378,0.013432,0.92134,-0.18144,13.644,0.89442,0.2197,13.637
1.09,1.0715,0.033773,0.0072626,0.90404,-0.18451,13.643,0.91172,0.22278,13.637
1.0901,1.0714,-0.00027467,0.00037353,0.88701,-0.18796,13.642,0.92875,0.22623,13.637
1.0929,1.0686,0.21128,0.065233,0.65873,-0.25648,13.642,0.4889,0.092771,13.634
1.0957,1.0658,-0.030138,-0.0022474,0.44356,-0.3262,13.641,0.51514,0.090492,13.633
1.0956,1.0659,-0.028858,-0.00081656,0.4724,-0.32556,13.641,0.5427,0.08967,13.632
1.0955,1.066,-0.009626,-0.00028399,0.48203,-0.32528,13.641,0.53309,0.089385,13.631
1.0956,1.0659,0.0061865,-0.00010153,0.47585,-0.32517,13.641,0.5111,0.089283,13.63
1.0956,1.0659,0.011464,-4.9432e-05,0.46439,-0.32513,13.641,0.49435,0.08924,13.629
1.0956,1.0659,0.01322,-2.7728e-05,0.45116,-0.3251,13.641,0.47937,0.089215,13.628
1.0956,1.0659,0.0044088,-1.7103e-05,0.44675,-0.32508,13.641,0.48377,0.089197,13.627
1.0965,1.065,-0.14454,-0.045736,0.37933,-0.3479,13.64,0.5653,0.11206,13.626
1.0983,1.0632,-0.14601,-0.045699,0.24595,-0.39356,13.638,0.43339,0.066361,13.626
1.0986,1.0629,-0.053376,-0.015217,0.23263,-0.40121,13.637,0.32743,0.028257,13.627
1.0986,1.0629,-0.022233,-0.0076323,0.24154,-0.40125,13.636,0.3052,0.020625,13.626
1.0985,1.063,-0.0050601,-0.0025597,0.2466,-0.3987,13.636,0.29308,0.018065,13.625
1.0985,1.063,0.00066237,-0.00086067,0.24594,-0.39783,13.636,0.28669,0.017205,13.624
1.0985,1.063,0.0025748,-0.00029772,0.24337,-0.39753,13.636,0.2822,0.016908,13.623
1.0985,1.063,0.00085356,-0.0001109,0.24251,-0.39742,13.636,0.28306,0.016798,13.622
1.0985,1.063,-0.00089421,-4.7743e-05,0.2434,-0.39738,13.636,0.28571,0.016751,13.621
1.0984,1.0631,-0.0014749,-2.3958e-05,0.24488,-0.39734,13.636,0.28776,0.016729,13.62
1.0984,1.0631,-0.0016627,-1.9864e-05,0.24654,-0.39733,13.636,0.28961,0.01671,13.619
1.0984,1.0631,-0.00055698,-1.374e-05,0.2471,-0.3973,13.636,0.28905,0.016697,13.618
1.0984,1.063,0.00040185,-1.7564e-05,0.2467,-0.39729,13.636,0.28769,0.016681,13.617
1.0984,1.063,0.00072082,-1.535e-05,0.24598,-0.39728,13.636,0.28665,0.016667,13.616
1.0984,1.063,0.00082647,-1.7444e-05,0.24515,-0.39726,13.636,0.28572,0.016651,13.615
1.0984,1.063,0.00027225,-1.5221e-05,0.24488,-0.39725,13.636,0.28599,0.016636,13.614
1.0983,1.063,0.007964,0.0026235,0.24916,-0.39591,13.635,0.28258,0.015299,13.613
1.0981,1.0631,0.0078665,0.0026302,0.25782,-0.39324,13.633,0.29134,0.017927,13.612
1.0981,1.0631,0.005366,0.0017604,0.26112,-0.39232,13.631,0.29714,0.019687,13.611
1.0981,1.0631,0.0017848,0.00058005,0.26099,-0.39244,13.63,0.30057,0.020723,13.61
1.0981,1.0631,0.00067046,0.00018357,0.26032,-0.39262,13.63,0.30102,0.020907,13.609
1.0981,1.0631,0.00029279,4.854e-05,0.26002,-0.39268,13.63,0.30109,0.020957,13.608
1.0981,1.0631,0.00016743,-5.0321e-06,0.25985,-0.39267,13.63,0.30105,0.020953,13.606
1.0981,1.0631,5.5395e-05,-1.9969e-05,0.25979,-0.39265,13.63,0.3011,0.020932,13.604
1.0981,1.0631,-1.9964e-05,-2.6583e-05,0.25982,-0.39262,13.63,0.30119,0.020904,13.602
1.0981,1.0631,-0.00091198,-0.0002327,0.25943,-0.3927,13.629,0.30169,0.020976,13.6
1.0981,1.0631,-0.00034623,-0.00011774,0.25978,-0.39258,13.629,0.30145,0.020858,13.596
1.0981,1.0631,-0.00011676,-8.0654e-05,0.2599,-0.3925,13.629,0.30133,0.020778,13.592
1.0981,1.0631,-3.0839e-05,-6.7569e-05,0.25992,-0.39243,13.629,0.30126,0.02071,13.588
1.0981,1.0631,8.4377e-06,-6.2145e-05,0.25991,-0.39237,13.629,0.3012,0.020648,13.584
1.0981,1.0631,1.7016e-05,-0.00010259,0.2599,-0.39227,13.629,0.30116,0.020545,13.576
1.0981,1.0631,-4.4391e-06,-0.00011639,0.2599,-0.39215,13.629,0.30116,0.02043,13.568
1.098,1.0631,-2.2468e-05,-0.00011719,0.25992,-0.39203,13.629,0.30117,0.020311,13.56
1.098,1.0631,-2.0558e-05,-0.000119,0.25995,-0.39191,13.629,0.30117,0.020191,13.552
1.098,1.0631,-3.6792e-05,-0.00020157,0.25999,-0.39171,13.629,0.30117,0.019989,13.536
1.098,1.0631,-2.9884e-05,-0.00023185,0.26001,-0.39148,13.629,0.30114,0.019757,13.52
1.098,1.0631,-1.9242e-05,-0.00023745,0.26003,-0.39124,13.629,0.3011,0.019518,13.504
1.098,1.0631,-1.8802e-05,-0.00024041,0.26005,-0.391,13.629,0.30107,0.019277,13.488
1.098,1.0631,-1.8377e-05,-0.000242,0.26007,-0.39076,13.629,0.30104,0.019033,13.472
1.098,1.0631,-2.1247e-05,-0.00024397,0.26009,-0.39052,13.629,0.30102,0.01879,13.456
1.098,1.0631,-2.4159e-05,-0.00024523,0.26011,-0.39028,13.629,0.301,0.018546,13.44
1.098,1.0631,-3.9945e-05,-0.0004044,0.26016,-0.38987,13.629,0.30096,0.018141,13.408
1.098,1.0631,-0.00034641,0.00054901,0.26051,-0.39041,13.629,0.30161,0.01664,13.408
1.0979,1.0632,0.00011043,-0.0014613,0.26039,-0.38895,13.629,0.30075,0.017226,13.313
1.0979,1.0632,-2.9947e-05,-0.0011648,0.26042,-0.38779,13.629,0.30073,0.016171,13.25
1.0979,1.0632,-3.4755e-05,-0.00070152,0.26045,-0.38709,13.629,0.30068,0.01547,13.219
1.0979,1.0632,-2.1e-05,-0.00039733,0.26048,-0.38669,13.629,0.30064,0.015075,13.203
1.0979,1.0632,-2.3698e-05,-0.00029198,0.2605,-0.38639,13.629,0.30062,0.014783,13.187
1.0979,1.0632,-3.867e-05,-0.00041437,0.26054,-0.38599,13.629,0.30057,0.014369,13.156
1.0978,1.0633,-4.3443e-05,-0.00045407,0.26058,-0.38554,13.629,0.30053,0.013915,13.125
1.0979,1.0632,-0.00020966,0.0019638,0.26079,-0.38749,13.629,0.3009,0.0095426,13.125
1.098,1.0631,-0.00025012,0.002918,0.26104,-0.39041,13.629,0.30119,0.0056704,13.125
1.0981,1.063,-0.00016658,0.0019482,0.26125,-0.3933,13.63,0.30131,0.0037464,13.125
1.0978,1.0633,0.00020397,-0.007554,0.26104,-0.38578,13.63,0.30008,0.014217,12.909
1.0978,1.0633,3.7796e-05,-0.002822,0.261,-0.38294,13.63,0.30012,0.011408,12.879
1.0977,1.0634,-9.5994e-06,-0.001245,0.26102,-0.38169,13.63,0.30009,0.010162,12.849
1.0977,1.0634,-3.3191e-05,-0.00071847,0.26105,-0.38098,13.63,0.30006,0.0094415,12.819
1.0977,1.0634,-4.7165e-05,-0.00054248,0.2611,-0.38043,13.63,0.30002,0.0088999,12.789
1.0977,1.0634,-4.7597e-05,-0.00048662,0.26115,-0.37995,13.63,0.29998,0.0084154,12.759
1.0976,1.0635,-7.8436e-05,-0.00077239,0.26122,-0.37918,13.63,0.2999,0.0076418,12.699
1.0976,1.0635,-8.5549e-05,-0.00086212,0.26131,-0.37831,13.63,0.29981,0.0067777,12.639
1.0976,1.0635,-8.6606e-05,-0.00089505,0.2614,-0.37742,13.63,0.29972,0.0058818,12.579
1.0976,1.0635,-9.3116e-05,-0.00089468,0.26148,-0.37652,13.63,0.29964,0.0049859,12.52
1.0975,1.0636,-0.00014508,-0.0014857,0.26163,-0.37504,13.63,0.29948,0.0034991,12.403
1.0975,1.0636,-0.00016797,-0.0016592,0.2618,-0.37338,13.63,0.29932,0.001839,12.288
1.0974,1.0637,-0.00028269,-0.0028656,0.26208,-0.37052,13.63,0.29903,-0.0010296,12.06
1.0973,1.0638,-0.00032281,-0.0032234,0.2624,-0.3673,13.63,0.29871,-0.004257,11.836
1.0972,1.0639,-0.00032886,-0.0033018,0.26273,-0.36399,13.63,0.29837,-0.0075626,11.616
1.0971,1.064,-0.00033461,-0.003287,0.26306,-0.3607,13.63,0.29806,-0.010854,11.4
1.097,1.0641,-0.00032611,-0.0032417,0.2634,-0.35746,13.63,0.29773,-0.0141,11.188
1.0969,1.0642,-0.00031688,-0.0031878,0.26371,-0.35427,13.63,0.2974,-0.017291,10.98
1.0968,1.0643,-0.00031359,-0.0031313,0.26402,-0.35115,13.63,0.2971,-0.020425,10.776
1.0967,1.0644,-0.00030604,-0.0030661,0.26433,-0.34808,13.63,0.29678,-0.023497,10.576
1.0965,1.0646,-0.00049411,-0.0049315,0.26482,-0.34315,13.63,0.2963,-0.028437,10.19
1.0964,1.0647,-0.00053704,-0.0054028,0.26537,-0.33774,13.63,0.29575,-0.033846,9.8188
1.0961,1.065,-0.00088412,-0.0088009,0.26624,-0.32894,13.63,0.29488,-0.042658,9.1278
1.0958,1.0653,-0.00094145,-0.0094421,0.26719,-0.31951,13.63,0.29393,-0.052109,8.4854
1.0955,1.0656,-0.00091979,-0.0091919,0.26811,-0.31031,13.63,0.29301,-0.06131,7.8883
1.0953,1.0658,-0.00086575,-0.0086881,0.26898,-0.30163,13.63,0.29213,-0.070006,7.3333
1.095,1.0661,-0.00081848,-0.0081202,0.26979,-0.2935,13.63,0.29133,-0.078134,6.8172
1.0948,1.0663,-0.00076464,-0.007566,0.27055,-0.28593,13.63,0.29059,-0.085707,6.3375
1.0946,1.0665,-0.0006996,-0.0070363,0.27126,-0.2789,13.63,0.28987,-0.092751,5.8917
1.0944,1.0667,-0.00064974,-0.0065448,0.27191,-0.27236,13.63,0.28921,-0.099303,5.4773
1.0942,1.0669,-0.00060691,-0.0060831,0.27252,-0.26627,13.63,0.2886,-0.10539,5.092
1.094,1.0671,-0.00056955,-0.0056522,0.27308,-0.26061,13.63,0.28804,-0.11105,4.7338
1.0938,1.0673,-0.00052385,-0.0052585,0.2736,-0.25535,13.63,0.28751,-0.11631,4.4008
1.0937,1.0674,-0.00048407,-0.0048841,0.27409,-0.25047,13.63,0.28702,-0.1212,4.0913
1.0936,1.0675,-0.00045572,-0.0045438,0.27455,-0.24593,13.63,0.28656,-0.12575,3.8036
1.0934,1.0677,-0.00043018,-0.0042272,0.27498,-0.2417,13.63,0.28616,-0.12998,3.536
1.0933,1.0678,-0.00038543,-0.0039243,0.27537,-0.23778,13.63,0.28574,-0.13391,3.2874
1.0932,1.0679,-0.00035941,-0.0036454,0.27572,-0.23413,13.63,0.28537,-0.13757,3.0564
1.0931,1.068,-0.00033347,-0.0033894,0.27605,-0.23074,13.63,0.28503,-0.14096,2.8417
1.093,1.0681,-0.00031936,-0.0031536,0.27637,-0.22759,13.63,0.28472,-0.14411,2.6421
1.0912,1.0699,0.009871,0.10688,0.28175,-0.16983,13.629,0.27935,-0.20198,2.4581
1.0877,1.0734,0.0099823,0.10798,0.29239,-0.055417,13.627,0.28934,-0.094014,2.2822
1.0864,1.0747,0.0067124,0.072527,0.29633,-0.013398,13.625,0.29606,-0.021491,2.1196
1.0865,1.0746,0.0020869,0.022656,0.29622,-0.014999,13.624,0.30012,0.022206,1.9691
1.0867,1.0744,0.00051834,0.005616,0.29559,-0.022211,13.623,0.30064,0.027818,1.8304
1.0867,1.0744,5.7205e-05,0.00056438,0.29553,-0.022787,13.623,0.30065,0.028376,1.7016
1.0867,1.0744,-1.0063e-05,-0.001013,0.29554,-0.021777,13.623,0.30036,0.027336,1.5822
1.0866,1.0745,-3.5148e-05,-0.00091295,0.29557,-0.020867,13.623,0.30024,0.026395,1.5246
1.0866,1.0745,-5.3475e-05,-0.00058221,0.29563,-0.020277,13.623,0.30024,0.025793,1.4963
1.0866,1.0745,-8.4659e-05,-0.00033259,0.29571,-0.019943,13.623,0.30031,0.025448,1.4822
1.0867,1.0744,-0.00045522,-0.0034805,0.29566,-0.02141,13.622,0.3006,0.026916,1.4752
1.0866,1.0745,-0.00018921,-0.0012345,0.29585,-0.020186,13.622,0.3005,0.025683,1.4682
1.0866,1.0745,-6.2317e-05,-0.00047951,0.29591,-0.019701,13.622,0.30042,0.025202,1.4613
1.0866,1.0745,-6.0991e-06,-0.00022899,0.29592,-0.019472,13.622,0.30034,0.024974,1.4545
1.0866,1.0745,1.0228e-05,-0.00014639,0.29591,-0.019326,13.622,0.3003,0.024828,1.4476
1.0866,1.0745,-0.00021002,-0.003002,0.2958,-0.020648,13.62,0.30039,0.026151,1.4407
1.0866,1.0745,-7.6939e-05,-0.0010688,0.29588,-0.019579,13.62,0.30031,0.025081,1.4339
1.0866,1.0745,-3.3775e-05,-0.00042381,0.29591,-0.019156,13.62,0.30029,0.024655,1.4272
1.0866,1.0745,-2.059e-05,-0.00020885,0.29594,-0.018948,13.62,0.30028,0.024444,1.4205
1.0866,1.0745,-1.7388e-05,-0.00013788,0.29596,-0.018811,13.62,0.30027,0.024306,1.4138
1.0866,1.0745,-1.7519e-05,-0.00011385,0.29597,-0.018699,13.62,0.30026,0.024191,1.4071
1.0866,1.0745,-7.3414e-06,-0.00010308,0.29598,-0.018591,13.62,0.30024,0.024087,1.4005
1.0866,1.0745,-7.5754e-06,-0.00010142,0.29599,-0.018491,13.62,0.30023,0.023985,1.3939
1.0866,1.0745,-7.6021e-06,-0.00010135,0.296,-0.018393,13.62,0.30022,0.023883,1.3873
1.0866,1.0745,-1.3992e-05,-9.7925e-05,0.296,-0.018291,13.62,0.30022,0.023783,1.3808
1.0866,1.0745,-7.4502e-06,-9.9222e-05,0.29602,-0.018194,13.62,0.3002,0.023684,1.3743
1.0866,1.0745,-1.4045e-05,-9.9499e-05,0.29602,-0.018097,13.62,0.3002,0.023584,1.3678
1.0866,1.0745,-7.0026e-06,-9.6693e-05,0.29604,-0.017997,13.62,0.30018,0.023486,1.3614
1.0866,1.0745,-7.0278e-06,-9.7331e-05,0.29605,-0.017903,13.62,0.30017,0.023387,1.355
1.0865,1.0746,-1.3321e-05,-9.7205e-05,0.29605,-0.017803,13.62,0.30017,0.023292,1.3486
1.0865,1.0746,-6.4728e-06,-9.6728e-05,0.29607,-0.017703,13.62,0.30015,0.023196,1.3422
1.0865,1.0746,-1.2867e-05,-9.5965e-05,0.29607,-0.017605,13.62,0.30015,0.023102,1.3359
1.0865,1.0746,-6.1265e-06,-9.69e-05,0.29609,-0.017512,13.62,0.30013,0.023005,1.3296
1.0865,1.0746,-1.2314e-05,-9.5789e-05,0.29609,-0.017414,13.62,0.30013,0.02291,1.3233
1.0865,1.0746,-1.1936e-05,-9.4699e-05,0.2961,-0.017317,13.62,0.30012,0.022817,1.3171
