139.38
2.2586
1.3036
0.72909
0.79806
1.112
1.2135
1.0537
0.66679
0.38297
0.22112
0.12767
0.073715
0.042557
0.060071
0.42387
0.32793
0.28996
0.27616
0.28396
0.29894
0.31627
0.63358
0.44256
0.18263
0.059615
0.029761
0.033616
0.033228
0.022289
0.021523
0.022381
0.023859
0.025624
0.026238
0.025802
0.025029
0.024166
0.039602
0.026026
0.015407
0.0062267
0.0027141
0.0029638
0.0031563
0.0032781
0.0033174
0.0049613
0.0040417
0.0037534
0.003663
0.0036371
0.00364
0.0036515
0.0036558
0.0036552
0.0036648
0.0036982
0.003769
0.0038771
0.0040129
0.0041736
0.0043556
0.0045565
0.0049238
0.0042869
0.0058369
0.007238
0.0081234
0.0084482
0.0088374
0.0093881
0.0099966
0.0073525
0.0024388
0.0024768
0.0094953
0.013424
0.015167
0.016179
0.016939
0.017622
0.018706
0.019925
0.021186
0.022447
0.024542
0.026891
0.030942
0.035509
0.040194
0.044857
0.049457
0.053982
0.058429
0.062789
0.069794
0.077468
0.08997
0.10339
0.11646
0.1288
0.14034
0.1511
0.1611
0.17041
0.17905
0.18709
0.19457
0.20151
0.20797
0.21398
0.21956
0.22474
0.22955
0.46806
0.3339
0.19559
0.078738
0.022888
0.024976
0.025318
0.024728
0.024256
0.023982
0.026825
0.024589
0.023995
0.023793
0.023705
0.026162
0.024455
0.024002
0.023846
0.023774
0.023729
0.023693
0.02366
0.02363
0.023601
0.023572
0.023545
0.023519
0.023493
0.023469
0.023445
0.023421
0.023399
0.023378
0.023358
