11.763
0.22034
0.095271
0.090173
0.10073
-0.13798
0.24517
0.091054
-0.013593
-0.040831
-0.028694
-0.0073899
0.0071714
0.012118
0.01099
0.0081812
0.0077637
0.0074213
0.0069689
0.0067728
0.0066887
0.0066518
0.0066365
0.0066294
0.0066259
0.0066248
0.0066243
0.0066241
0.006624
0.0066238
0.0066244
0.006624
0.0066241
0.0066237
0.006624
0.006624
0.0066241
0.0066241
0.0066241
0.0066241
0.0066243
0.0066243
0.0066242
0.0066237
0.012762
0.015197
0.015769
0.01393
0.013138
0.012795
0.012647
0.014161
0.01362
0.013386
0.01431
0.013884
0.013699
0.013619
0.013585
0.01357
0.013565
0.013561
0.01356
0.013559
0.013559
0.014507
0.014147
0.013992
0.013924
0.014716
0.014385
0.014241
0.014179
0.014152
0.014141
0.014136
0.014133
0.014132
0.014132
0.014131
0.014131
0.014132
0.014132
0.014131
0.014132
0.014132
0.014132
0.014132
0.014131
0.015515
0.015029
0.014818
0.016033
0.015531
0.016551
0.016015
0.015784
0.015684
0.015641
0.015621
0.01671
0.016307
0.016133
0.016058
0.016454
0.016578
0.016425
0.016358
0.016329
0.01618
0.016232
0.016254
0.016264
0.016268
0.01627
0.016271
0.016038
0.016098
0.016123
0.016134
0.016139
0.016141
0.016142
0.016142
0.016142
0.016142
0.016143
0.016142
0.016142
0.016142
0.016142
0.015932
0.015985
0.016007
0.016017
0.016022
0.016023
0.016025
0.016025
0.016025
0.016025
0.016025
0.016025
0.015827
0.015877
0.015898
0.015719
0.01577
0.015793
0.015619
0.015669
0.015691
0.0157
0.015704
0.015706
0.015531
0.015575
0.015594
0.015602
0.015606
0.015608
0.015608
0.015609
0.015609
0.015609
0.015439
0.015482
0.015501
0.015509
0.015512
0.015513
0.015514
0.015515
0.015515
0.015515
0.015515
0.015515
0.015348
0.01539
0.015408
0.015416
0.015419
0.015421
0.015421
0.015422
0.015422
0.015422
0.015256
0.015298
0.015316
0.015324
0.015165
0.015208
0.015226
0.01508
0.015123
0.014991
0.015037
0.015057
0.015066
