0.0027398
0.0028007
0.0028006
0.0028004
0.0028001
0.0028001
0.0028003
0.0028003
0.0028003
0.0028002
0.0028002
0.0028003
0.0028002
0.0028003
0.0028003
0.0028003
0.0028003
0.0028003
0.0028003
0.0028003
0.0028003
0.0028003
0.0028003
0.0028003
0.0028003
0.0028003
0.0028003
0.0028003
0.0028003
0.0028003
0.0028002
0.0028002
0.0028002
0.0028002
0.0028002
0.0028002
0.0028002
0.0028002
0.0028002
0.0028002
0.0028002
0.0028002
0.0028002
0.0028002
0.0028002
0.0028002
0.0028002
0.0028002
0.0028002
0.0028002
0.0028002
0.0028002
0.0028002
0.0028002
0.0028002
0.0028002
0.0028002
0.0028002
0.0028002
0.0028002
0.0028002
0.0028002
0.0028002
0.0028002
0.0028002
0.0028002
0.0028002
0.0028002
0.0028002
0.0028002
0.0028002
0.0028002
0.0028002
0.0028002
0.0028002
0.0028002
0.0028002
0.0028002
0.0028002
0.0028002
0.0028002
0.0028002
0.0028002
0.0028002
0.0028002
0.0028002
0.0028002
0.0028002
0.0028002
0.0028002
0.0028002
0.0028002
0.0028002
0.0028002
0.0028002
0.0028
0.0028
0.0028
0.0028
0.0028
0.0028
0.0028
0.0028
0.0028
0.0027999
0.0027999
0.0027999
0.0027999
0.0027999
0.0027999
0.0027998
0.0027998
0.0027998
0.0027998
0.0027998
0.0027998
0.0027998
0.0027998
0.0027998
0.0027998
0.0027998
0.0027998
0.0027998
0.0027998
0.0027998
0.0027997
0.0027997
0.0027997
0.0027997
0.0027997
0.0027997
0.0027997
0.0027997
0.0027995
0.0027995
0.0027995
0.0027995
0.0027992
0.0027992
0.002799
0.0027988
0.0027986
0.0027984
0.0027983
0.0027982
0.0027981
0.002798
0.0027979
0.0027979
0.0027978
