1.0526,1.0575,0.64491,0.002169,0.89467,0.0065202,0.92132,0.12485,0.002114,-0.0017871,0.1249,0.002169,-0.00045806
1.0444,1.0481,0.39969,0.0028502,0.74467,0.00079304,0.92127,0.19591,0.0014445,0.13807,0.14949,0.00068122,-0.00047518
1.053,1.0567,0.32334,0.0091461,0.77153,-0.002826,0.92123,0.058614,0.0080118,0.087487,0.39263,0.010679,0.92117
1.0533,1.0564,0.44946,0.0062888,0.64542,5.142e-05,0.92117,0.56587,0.053765,1.0618,-0.36388,0.00027058,0.9209
1.0298,1.0324,0.45639,0.007638,0.56307,0.00016413,0.92108,0.39408,0.045155,1.0612,-0.28138,0.007625,0.92084
1.0299,1.0323,0.42074,0.0090029,0.55983,-0.0013066,0.9211,0.37964,0.045158,1.0611,-0.23452,0.0047835,0.92079
1.0302,1.032,0.52618,0.012054,0.45439,-0.0029814,0.92114,0.17453,0.041921,1.0606,-0.24013,0.004957,0.97601
1.0307,1.0315,0.55132,0.014703,0.29764,-0.0025671,0.92114,-0.058675,0.040073,1.0603,-0.18881,0.004555,0.97588
1.017,1.017,0.47366,0.016903,0.16731,-0.0012693,0.92113,-0.085012,0.039624,1.0603,-0.21515,0.004106,0.97596
1.0096,1.0094,0.43064,0.017783,0.1063,-0.00036726,0.92113,-0.1904,0.038308,1.0603,-0.12775,0.0054344,0.97566
1.0097,1.0093,0.46117,0.01833,0.075772,-0.00049079,0.92114,-0.22093,0.037975,1.0604,-0.15828,0.0051029,0.97576
1.0057,1.0054,0.45028,0.019534,0.086687,-0.00091262,0.92114,-0.14425,0.037997,1.0603,-0.21315,0.0034694,0.97628
1.0044,1.004,0.45022,0.020313,0.086755,-0.00064168,0.92113,-0.11514,0.03764,1.0602,-0.24214,0.0033115,0.97622
1.0036,1.0032,0.44996,0.020887,0.08702,-0.00047471,0.92115,-0.11551,0.037434,1.0601,-0.24124,0.0031063,0.97619
1.0036,1.0032,0.44983,0.021305,0.08715,-0.00036904,0.92115,-0.11538,0.037278,1.0601,-0.24111,0.0029506,0.97618
1.0019,1.0016,0.44611,0.021674,0.090879,-0.00022186,0.92115,-0.1456,0.037111,1.0601,-0.20344,0.0028964,0.97616
1.0019,1.0016,0.44607,0.021756,0.09092,-3.1598e-05,0.92115,-0.16959,0.037175,1.06,-0.17937,0.0029355,0.97611
1.0007,1.0004,0.44699,0.021856,0.090006,2.2519e-05,0.92116,-0.17222,0.037105,1.0599,-0.17858,0.0029541,0.97608
1.0007,1.0004,0.44745,0.021913,0.089544,-6.6523e-06,0.92116,-0.17268,0.037062,1.0599,-0.17904,0.0029114,0.97607
1.0001,0.99976,0.45282,0.021966,0.084176,3.7904e-05,0.92116,-0.16777,0.037058,1.0599,-0.19468,0.0029065,0.97603
1.0001,0.99972,0.45805,0.021945,0.078942,7.4609e-05,0.92116,-0.16791,0.036984,1.0599,-0.20502,0.0030369,0.97597
1.0001,0.99973,0.46067,0.021929,0.076325,6.7155e-05,0.92115,-0.17052,0.036989,1.0599,-0.20763,0.0030401,0.97595
0.99997,0.99957,0.46198,0.02192,0.07502,7.0886e-05,0.92115,-0.17183,0.036995,1.0599,-0.20894,0.0030468,0.97595
0.99994,0.99957,0.4578,0.021835,0.079195,0.00013587,0.92115,-0.16824,0.03722,1.0599,-0.20417,0.0029704,0.97594
0.99993,0.99958,0.45443,0.021739,0.082563,0.00014705,0.92115,-0.16744,0.037209,1.0599,-0.19823,0.0030869,0.9759
0.99993,0.99958,0.45274,0.021667,0.084246,0.00012368,0.92115,-0.16576,0.037233,1.0599,-0.19656,0.0031108,0.97584
0.99983,0.99949,0.4519,0.021614,0.08509,0.00010977,0.92115,-0.16491,0.037252,1.0599,-0.19571,0.0031307,0.97585
0.99982,0.9995,0.45035,0.021557,0.086645,0.00010767,0.92115,-0.16109,0.037307,1.0598,-0.19642,0.0031268,0.97584
0.99982,0.99949,0.45149,0.021497,0.085496,0.00011132,0.92115,-0.1584,0.037304,1.0598,-0.20142,0.0031911,0.97576
0.99982,0.99949,0.45205,0.021443,0.084933,0.000106,0.92115,-0.15895,0.037311,1.0597,-0.20199,0.0032293,0.97573
0.99982,0.99949,0.45205,0.021443,0.084928,0.000106,0.92113,-0.15895,0.037311,1.0597,-0.20199,0.0032295,0.97573
0.99982,0.99949,0.45205,0.021443,0.084925,0.00010629,0.92112,-0.15895,0.037311,1.0597,-0.20199,0.0032295,0.97573
1.0001,0.99972,0.45123,0.02142,0.085736,0.00011428,0.92112,-0.15977,0.037288,1.0597,-0.19955,0.0032787,0.97558
1.0001,0.99975,0.45082,0.021406,0.086144,0.00011831,0.92112,-0.15936,0.037297,1.0597,-0.19914,0.0032877,0.97558
0.99966,0.99933,0.45062,0.021402,0.086347,0.00013478,0.92112,-0.15915,0.037307,1.0597,-0.19893,0.0032979,0.97558
0.99934,0.99902,0.45068,0.021363,0.086285,0.00016365,0.92112,-0.15828,0.037392,1.0597,-0.19994,0.0032762,0.97543
0.99917,0.99885,0.45071,0.021332,0.08625,0.00014761,0.92112,-0.15831,0.0374,1.0597,-0.19997,0.0032833,0.97543
0.99917,0.99885,0.45072,0.021306,0.086234,0.00013221,0.92112,-0.15832,0.037405,1.0597,-0.19998,0.0032886,0.97543
0.99917,0.99885,0.45076,0.021285,0.086184,0.00012742,0.92112,-0.15829,0.03741,1.0597,-0.20011,0.0032972,0.97533
0.99898,0.99865,0.44993,0.021238,0.087017,0.00016473,0.92112,-0.15589,0.037507,1.0595,-0.20083,0.0032783,0.97531
0.99897,0.99866,0.44951,0.0212,0.087436,0.00014418,0.92112,-0.15548,0.037516,1.0595,-0.20042,0.003287,0.97531
0.99897,0.99866,0.44928,0.021171,0.087662,0.00013532,0.92112,-0.15529,0.037525,1.0595,-0.20015,0.003296,0.97527
0.99885,0.99853,0.44918,0.02115,0.087763,0.00013553,0.92112,-0.15516,0.037533,1.0595,-0.20006,0.0033096,0.97525
0.99885,0.99853,0.44913,0.021132,0.087816,0.00012399,0.92112,-0.15511,0.037536,1.0595,-0.20001,0.0033132,0.97525
0.99885,0.99853,0.44912,0.021118,0.08783,0.00012001,0.92112,-0.15507,0.03754,1.0595,-0.20003,0.0033173,0.97521
0.99885,0.99853,0.44911,0.021107,0.087837,0.00011651,0.92112,-0.15506,0.037543,1.0595,-0.20002,0.0033208,0.97521
0.99885,0.99853,0.4491,0.021097,0.087839,0.00011531,0.92112,-0.15507,0.037544,1.0595,-0.20002,0.003328,0.97517
0.99885,0.99853,0.4491,0.021089,0.087844,0.00011451,0.92112,-0.15506,0.037546,1.0595,-0.2,0.0033337,0.97516
0.99885,0.99853,0.4491,0.021082,0.087843,0.00011217,0.92112,-0.15506,0.037547,1.0595,-0.2,0.0033359,0.97515
0.99885,0.99853,0.4491,0.021077,0.087845,0.00011074,0.92112,-0.15506,0.037549,1.0595,-0.2,0.0033373,0.97515
0.99885,0.99853,0.4491,0.021073,0.087849,0.00010944,0.92112,-0.15506,0.03755,1.0595,-0.2,0.0033387,0.97513
0.99885,0.99853,0.44909,0.021069,0.087851,0.00010903,0.92112,-0.15506,0.03755,1.0595,-0.2,0.0033417,0.97512
0.99885,0.99854,0.44883,0.021056,0.088114,0.00011904,0.92112,-0.15427,0.037577,1.0593,-0.20026,0.0033318,0.97511
0.99885,0.99854,0.4487,0.021046,0.088247,0.00011591,0.92112,-0.15414,0.03758,1.0593,-0.20013,0.003335,0.9751
0.99879,0.99848,0.44864,0.021039,0.088313,0.00011625,0.92112,-0.15407,0.037583,1.0593,-0.20006,0.0033384,0.97508
0.99879,0.99848,0.44861,0.021034,0.088344,0.00011215,0.92112,-0.15404,0.037585,1.0593,-0.20003,0.003339,0.97508
0.99876,0.99845,0.44859,0.021029,0.088365,0.00011242,0.92112,-0.15403,0.037585,1.0593,-0.20001,0.00334,0.97497
0.99875,0.99843,0.44858,0.021024,0.088376,0.00011134,0.92112,-0.15402,0.037585,1.0593,-0.2,0.0033413,0.9749
0.99874,0.99843,0.44858,0.02102,0.088379,0.00011019,0.92112,-0.15401,0.037586,1.0593,-0.2,0.0033415,0.97483
0.99874,0.99843,0.44858,0.021017,0.088383,0.00010926,0.92112,-0.15401,0.037587,1.0593,-0.2,0.0033426,0.97483
0.99874,0.99843,0.44857,0.021015,0.088384,0.00010859,0.92112,-0.15401,0.037588,1.0593,-0.2,0.0033434,0.97483
0.99874,0.99843,0.44857,0.021011,0.088383,0.00010992,0.92112,-0.15401,0.037586,1.0593,-0.2,0.0033436,0.97462
0.99874,0.99843,0.44857,0.021007,0.088381,0.00010977,0.92112,-0.15401,0.037586,1.0593,-0.2,0.0033451,0.97455
0.99874,0.99843,0.44857,0.021004,0.088379,0.00010928,0.92112,-0.15401,0.037587,1.0593,-0.2,0.0033459,0.97448
0.99874,0.99843,0.44857,0.021001,0.088377,0.00010836,0.92112,-0.15401,0.037587,1.0593,-0.2,0.0033463,0.97448
0.99874,0.99843,0.44857,0.021,0.088376,0.000108,0.92112,-0.15401,0.037589,1.0593,-0.2,0.0033468,0.97448
0.99874,0.99843,0.44857,0.020996,0.088378,0.00011176,0.92111,-0.15401,0.037586,1.0593,-0.19999,0.0033458,0.97415
0.99874,0.99843,0.44857,0.020993,0.08838,0.00011122,0.92111,-0.15401,0.037585,1.0593,-0.2,0.0033467,0.97402
0.99874,0.99843,0.44857,0.02099,0.088381,0.00011077,0.92111,-0.15401,0.037587,1.0593,-0.2,0.0033467,0.97402
0.99874,0.99843,0.44857,0.020986,0.088379,0.00011211,0.92111,-0.15401,0.037586,1.0593,-0.20001,0.0033454,0.97376
0.99874,0.99843,0.44857,0.020982,0.088375,0.00011211,0.92111,-0.15401,0.037586,1.0593,-0.20001,0.0033449,0.97363
0.99874,0.99843,0.44857,0.020979,0.088373,0.00011068,0.92111,-0.15401,0.037583,1.0593,-0.2,0.0033458,0.9735
0.99874,0.99843,0.44857,0.020976,0.088376,0.00011102,0.92111,-0.15401,0.037583,1.0593,-0.19999,0.0033455,0.97337
0.99874,0.99843,0.44857,0.020973,0.088382,0.00011146,0.92111,-0.15401,0.037583,1.0593,-0.19999,0.0033452,0.97324
0.99874,0.99843,0.44857,0.020969,0.088381,0.00011299,0.92111,-0.15401,0.037586,1.0593,-0.19999,0.003344,0.97311
0.99874,0.99843,0.44857,0.020964,0.088381,0.00011231,0.92111,-0.15401,0.037585,1.0593,-0.2,0.0033441,0.97298
0.99874,0.99843,0.44857,0.020961,0.088381,0.00011158,0.92111,-0.15401,0.037587,1.0593,-0.2,0.0033451,0.97298
0.99874,0.99843,0.44857,0.020959,0.088381,0.00011101,0.92111,-0.15401,0.037588,1.0593,-0.2,0.0033458,0.97298
0.99875,0.99843,0.44857,0.020957,0.088381,0.00011003,0.92111,-0.15401,0.037588,1.0593,-0.2,0.0033466,0.97298
0.99875,0.99843,0.44857,0.020947,0.088382,0.00011744,0.92111,-0.15401,0.03758,1.0593,-0.2,0.0033368,0.97186
0.99875,0.99843,0.44857,0.02094,0.088384,0.00011514,0.92111,-0.15401,0.037583,1.0593,-0.2,0.0033391,0.97186
0.99875,0.99843,0.44857,0.020935,0.088386,0.00011319,0.92111,-0.15401,0.037585,1.0593,-0.2,0.0033408,0.97186
0.99875,0.99843,0.44857,0.020925,0.088388,0.00011812,0.92111,-0.15401,0.03758,1.0593,-0.2,0.003335,0.97102
0.99875,0.99843,0.44857,0.020915,0.08839,0.00011763,0.92111,-0.15401,0.03758,1.0593,-0.2,0.0033359,0.97074
0.99875,0.99843,0.44857,0.020907,0.08839,0.00011504,0.92111,-0.15401,0.037582,1.0593,-0.2,0.0033384,0.97074
0.99875,0.99843,0.44857,0.020902,0.08839,0.00011322,0.92111,-0.15401,0.037585,1.0593,-0.2,0.0033401,0.97074
0.99875,0.99843,0.44857,0.020898,0.08839,0.00011204,0.92111,-0.15401,0.037586,1.0593,-0.2,0.0033412,0.97074
0.99875,0.99843,0.44857,0.020895,0.08839,0.00011136,0.92111,-0.15401,0.037587,1.0593,-0.2,0.0033423,0.97074
0.99875,0.99843,0.44857,0.020873,0.088392,0.00013019,0.92111,-0.15401,0.037568,1.0593,-0.2,0.0033234,0.96814
0.99874,0.99843,0.44857,0.020852,0.088394,0.00012918,0.92111,-0.15401,0.037569,1.0593,-0.2,0.0033244,0.96756
0.99874,0.99843,0.44857,0.020832,0.088394,0.00012843,0.9211,-0.15402,0.03757,1.0593,-0.20001,0.0033252,0.96698
0.99874,0.99843,0.44857,0.020813,0.088397,0.00012745,0.9211,-0.15401,0.037571,1.0593,-0.2,0.0033257,0.9664
0.99874,0.99843,0.44857,0.020798,0.0884,0.00012255,0.9211,-0.15401,0.037575,1.0593,-0.2,0.0033307,0.9664
0.99874,0.99843,0.44857,0.020778,0.088404,0.00012758,0.9211,-0.15401,0.03757,1.0593,-0.2,0.0033257,0.96525
0.99874,0.99843,0.44857,0.020759,0.088408,0.0001275,0.9211,-0.15401,0.037571,1.0593,-0.2,0.003326,0.96468
0.99874,0.99843,0.44857,0.020745,0.088406,0.00014151,0.92107,-0.15401,0.037576,1.0593,-0.2,0.0033312,0.96411
0.99874,0.99843,0.44857,0.020731,0.088406,0.0001421,0.92107,-0.15401,0.037576,1.0593,-0.2,0.0033304,0.96354
0.99874,0.99843,0.44857,0.02072,0.088407,0.00015422,0.92104,-0.15401,0.037579,1.0593,-0.2,0.0033331,0.96297
0.99874,0.99843,0.44857,0.020711,0.088409,0.00015123,0.92104,-0.15401,0.037581,1.0593,-0.2,0.0033361,0.96297
0.99874,0.99842,0.44857,0.020704,0.088411,0.00014879,0.92104,-0.15401,0.037583,1.0593,-0.2,0.0033383,0.96297
0.99874,0.99842,0.44857,0.020699,0.088414,0.00014676,0.92104,-0.15401,0.037585,1.0593,-0.2,0.0033401,0.96297
0.99874,0.99842,0.44857,0.020695,0.088415,0.00014547,0.92104,-0.15401,0.037586,1.0593,-0.2,0.0033413,0.96297
0.99874,0.99842,0.44857,0.020671,0.088417,0.00016632,0.92104,-0.15401,0.037566,1.0593,-0.2,0.0033207,0.96012
0.99874,0.99842,0.44857,0.020653,0.08842,0.0001604,0.92104,-0.15401,0.037572,1.0593,-0.2,0.0033264,0.96012
0.99873,0.99842,0.44857,0.020627,0.088424,0.00018705,0.92101,-0.15401,0.037564,1.0593,-0.2,0.0033181,0.95785
0.99873,0.99841,0.44857,0.020598,0.088429,0.00018905,0.92101,-0.15401,0.037561,1.0593,-0.2,0.0033164,0.95672
0.99873,0.99841,0.44857,0.020577,0.088433,0.00018193,0.92101,-0.15401,0.037569,1.0593,-0.2,0.0033232,0.95672
0.99873,0.99841,0.44857,0.020561,0.088436,0.00017607,0.92101,-0.15401,0.037574,1.0593,-0.2,0.0033289,0.95672
0.99872,0.99842,0.44857,0.020523,0.08844,0.00019826,0.92101,-0.15401,0.037552,1.0593,-0.2,0.003307,0.95333
0.99872,0.99842,0.44857,0.020486,0.088444,0.0001976,0.92101,-0.15401,0.037553,1.0593,-0.2,0.0033083,0.9522
0.99872,0.99842,0.44857,0.020477,0.088447,0.00020727,0.92098,-0.15401,0.037581,1.0593,-0.2,0.0032992,0.9522
0.99873,0.99843,0.44857,0.020444,0.08845,0.00023058,0.92098,-0.15401,0.037557,1.0593,-0.2,0.0033114,0.94995
0.99873,0.99843,0.44857,0.020411,0.088454,0.00023161,0.92098,-0.15401,0.037557,1.0593,-0.2,0.0033111,0.94883
0.99873,0.99842,0.44857,0.020386,0.088457,0.00022291,0.92098,-0.15401,0.037565,1.0593,-0.2,0.0033197,0.94883
0.99872,0.99842,0.44857,0.020333,0.088462,0.00025052,0.92098,-0.15401,0.037537,1.0593,-0.2,0.0032916,0.94435
0.99872,0.99842,0.44857,0.020276,0.088464,0.00025432,0.92098,-0.15402,0.037533,1.0593,-0.20001,0.0032877,0.94212
0.99873,0.99843,0.44857,0.020216,0.088471,0.00025643,0.92098,-0.15401,0.03753,1.0593,-0.2,0.0032852,0.9399
0.99873,0.99843,0.44857,0.020172,0.088471,0.00024233,0.92098,-0.15401,0.037546,1.0593,-0.2,0.0033001,0.9399
0.99874,0.99843,0.44856,0.020088,0.088476,0.00028116,0.92098,-0.15402,0.037506,1.0593,-0.20002,0.0032603,0.93326
0.99873,0.99843,0.44856,0.019992,0.088483,0.00029349,0.92098,-0.15402,0.037494,1.0593,-0.20001,0.003248,0.92886
0.99873,0.99842,0.44855,0.01992,0.088487,0.00026996,0.92098,-0.15402,0.037518,1.0593,-0.20001,0.003272,0.92886
0.99872,0.99842,0.44854,0.0198,0.088501,0.00031787,0.92098,-0.15402,0.03747,1.0593,-0.2,0.0032235,0.92013
0.99872,0.99841,0.44853,0.019677,0.08851,0.00032122,0.92098,-0.15402,0.037467,1.0593,-0.20001,0.0032202,0.9158
0.99873,0.99842,0.44853,0.019552,0.088514,0.00032257,0.92098,-0.15401,0.037465,1.0593,-0.2,0.003218,0.91149
0.99873,0.99843,0.44853,0.019425,0.088521,0.00032347,0.92098,-0.15401,0.037463,1.0593,-0.20001,0.0032168,0.9072
0.99873,0.99843,0.44852,0.019298,0.088533,0.00032482,0.92094,-0.15402,0.037463,1.0593,-0.20001,0.0032162,0.90294
0.99874,0.99843,0.44852,0.019203,0.088537,0.00029309,0.92094,-0.15401,0.037495,1.0593,-0.2,0.0032477,0.90293
0.99874,0.99843,0.44852,0.019131,0.088542,0.00026894,0.92094,-0.15401,0.037518,1.0593,-0.2,0.0032717,0.90293
0.99874,0.99843,0.44852,0.018981,0.088551,0.00034749,0.92094,-0.15402,0.03744,1.0593,-0.20001,0.0031932,0.89024
0.99874,0.99843,0.44851,0.018836,0.088562,0.00034172,0.92094,-0.15402,0.037445,1.0593,-0.20001,0.0031984,0.88605
0.99874,0.99843,0.4485,0.018696,0.088572,0.00033767,0.92094,-0.15402,0.03745,1.0593,-0.20001,0.0032028,0.88188
0.99874,0.99843,0.4485,0.018591,0.088576,0.00030233,0.92094,-0.15401,0.037485,1.0593,-0.2,0.0032379,0.88188
0.99873,0.99844,0.44849,0.018418,0.088592,0.0003698,0.92094,-0.15402,0.037417,1.0593,-0.20001,0.0031701,0.8695
0.99873,0.99844,0.44849,0.018375,0.088593,0.00041302,0.92087,-0.15401,0.037547,1.0593,-0.20001,0.0031271,0.86951
0.99873,0.99844,0.44849,0.018386,0.088591,0.00035937,0.92087,-0.15401,0.037601,1.0593,-0.20003,0.0030082,0.86951
0.99873,0.99844,0.44846,0.018124,0.088615,0.00063181,0.92087,-0.15404,0.037328,1.0593,-0.20003,0.0030795,0.84527
0.99873,0.99844,0.44845,0.017927,0.088629,0.0005669,0.92087,-0.15402,0.037393,1.0593,-0.20001,0.0031449,0.84527
0.99872,0.99846,0.44841,0.017594,0.088668,0.00089884,0.9208,-0.15405,0.037257,1.0593,-0.20001,0.0030068,0.81435
0.99872,0.99846,0.4484,0.017279,0.088678,0.0008821,0.9208,-0.15403,0.037078,1.0593,-0.20004,0.0030244,0.79924
0.99871,0.99847,0.44839,0.016959,0.088692,0.0012012,0.92073,-0.15402,0.03727,1.0593,-0.20006,0.0030196,0.78437
0.99871,0.99847,0.44837,0.016688,0.088714,0.001472,0.92066,-0.15403,0.037319,1.0593,-0.20007,0.0030684,0.76974
0.9987,0.99848,0.44835,0.016443,0.088741,0.0017163,0.92059,-0.15403,0.037345,1.0593,-0.20005,0.0030943,0.75536
0.99872,0.99851,0.44835,0.016443,0.088742,0.0017154,0.92052,-0.15403,0.037345,1.0593,-0.20005,0.0030937,0.75536
0.99872,0.99851,0.44835,0.016443,0.088745,0.0017158,0.92049,-0.15403,0.037345,1.0593,-0.20005,0.0030934,0.75536
0.99872,0.99854,0.44829,0.016006,0.088811,0.0021518,0.92046,-0.15407,0.037153,1.0593,-0.20001,0.0029007,0.71396
0.99872,0.99853,0.44827,0.015897,0.088825,0.0022616,0.92043,-0.15403,0.037481,1.0593,-0.20003,0.002791,0.71396
0.99872,0.99856,0.44824,0.015533,0.088861,0.0026232,0.9204,-0.15404,0.037226,1.0593,-0.20002,0.0029731,0.68772
0.99872,0.99856,0.44824,0.015533,0.088861,0.0026234,0.92037,-0.15404,0.037226,1.0593,-0.20002,0.0029729,0.68772
0.99871,0.99857,0.44821,0.01516,0.088892,0.002996,0.92035,-0.15404,0.037217,1.0593,-0.20004,0.0029617,0.66247
0.9987,0.99858,0.44818,0.01488,0.088918,0.0032753,0.92033,-0.15404,0.03731,1.0593,-0.20004,0.003054,0.65022
