140.36
0.44741
0.27894
0.045209
0.22428
0.15317
0.003519
0.1846
0.27637
0.22832
0.12257
0.061068
0.022611
0.0012605
0.0016695
0.00087863
0.0078007
9.3022e-05
0.0024862
0.00093181
0.010778
0.020938
0.0052339
0.0026221
0.0083532
0.0067393
0.0033698
0.0016964
0.0031137
0.002301
0.0011306
9.587e-06
1.2651e-05
0.0016602
0.00081904
0.00071151
0.00047322
0.00025942
6.1443e-05
0.00010776
0.001692
0.00084189
0.00045682
0.00027751
0.00011257
4.1333e-05
2.7002e-05
2.1376e-05
2.2735e-05
1.5972e-05
1.5162e-05
1.5888e-05
1.3776e-05
0.00052722
0.00026658
0.00016297
6.42e-05
6.1471e-05
3.6027e-05
1.3697e-05
1.4751e-05
1.3979e-05
1.1599e-05
1.2102e-05
1.3459e-05
1.0719e-05
9.8091e-06
1.3288e-05
1.4683e-05
1.0394e-05
1.2796e-05
1.5656e-05
1.0806e-05
1.256e-05
1.7721e-05
1.5733e-05
1.2144e-05
1.1415e-05
1.2443e-05
1.0254e-05
2.1003e-05
1.7587e-05
1.5445e-05
2.4637e-05
2.1343e-05
1.6794e-05
1.4576e-05
1.4465e-05
1.1109e-05
4.5383e-05
8.6874e-05
4.4463e-05
4.2997e-05
3.4183e-05
4.3193e-05
8.5654e-05
4.3772e-05
4.4172e-05
4.1107e-05
3.828e-05
3.6089e-05
3.507e-05
3.5298e-05
5.8853e-05
5.0259e-05
6.3686e-05
6.6662e-05
5.5254e-05
4.7562e-05
8.3103e-05
8.1546e-05
3.9733e-05
7.5891e-05
7.5842e-05
6.0681e-05
0.00011161
0.00011814
0.00012369
9.5206e-05
0.00017135
0.00019538
0.00014825
0.00024482
0.0002499
0.00025403
0.00051176
0.00026452
0.00020331
0.00015916
0.00030812
0.00029763
0.00028903
0.00022086
0.00035368
0.00010985
7.2127e-05
0.00053128
0.00040091
0.00067382
0.00063388
0.00064348
0.00054814
0.0004981
3.8136e-05
3.3822e-05
0.00088558
0.0002238
0.0007318
1.6971e-05
0.00074935
