35.064
0.04492
0.0175
0.06304
0.036723
0.0090441
0.10543
0.13628
0.1198
0.0573
0.030518
0.0113
0.0012402
0.0016592
0.00087759
0.007812
0.00018386
0.0049786
0.0018592
0.021538
0.020924
0.0052329
0.0026255
0.0083477
0.0067422
0.0033705
0.00169
0.0031063
0.0022936
0.0011317
2.1434e-05
2.327e-05
0.0033265
0.0016285
0.0014337
0.00093641
0.0005253
0.00012631
0.0002192
0.0033799
0.0016735
0.00091551
0.00055876
0.00022432
7.7058e-05
5.5233e-05
4.7074e-05
4.2303e-05
3.5552e-05
2.9992e-05
2.6881e-05
2.9777e-05
0.0010454
0.00052308
0.00031572
0.00013616
0.00012708
7.0615e-05
2.8787e-05
2.6292e-05
2.8768e-05
2.7491e-05
2.6854e-05
2.5662e-05
2.4096e-05
2.3007e-05
2.8882e-05
2.5199e-05
2.4707e-05
2.9424e-05
2.8318e-05
2.5951e-05
3.0669e-05
2.9896e-05
3.052e-05
2.8163e-05
2.5262e-05
2.387e-05
2.7065e-05
4.3669e-05
3.5233e-05
2.993e-05
4.6057e-05
4.4739e-05
3.6123e-05
2.9964e-05
2.6574e-05
2.4341e-05
9.1167e-05
8.6744e-05
4.5873e-05
4.4113e-05
3.5926e-05
4.4468e-05
4.33e-05
2.0424e-05
2.095e-05
1.9111e-05
1.7545e-05
1.6871e-05
1.6023e-05
1.5651e-05
2.8747e-05
2.3885e-05
3.0933e-05
3.2589e-05
2.6389e-05
2.2297e-05
4.0921e-05
4.0145e-05
1.8035e-05
3.6741e-05
3.6845e-05
2.9754e-05
5.5272e-05
5.884e-05
6.147e-05
4.6896e-05
8.5133e-05
9.7651e-05
7.3943e-05
0.0001219
0.00012432
0.00012655
0.00012759
6.6115e-05
5.0873e-05
3.9931e-05
7.7239e-05
7.4479e-05
7.2212e-05
5.5305e-05
8.8294e-05
2.7926e-05
1.8403e-05
0.00013283
0.00010009
0.00016828
0.00015844
0.00016088
0.00013698
0.00012438
2.0146e-05
1.5383e-05
0.00044201
0.00011198
0.0003654
1.6194e-05
0.00074901
0.00056195
