0.5016
0.0074034
-0.0024144
-0.0030406
-0.001519
-0.00053649
0.011355
0.0025288
-0.0037769
-0.0025195
-0.00031649
0.0010208
0.00059077
3.9153e-05
-0.00026515
0.03209
0.016061
1.1088e-05
5.7759e-06
3.1945e-06
1.3975e-06
7.4871e-07
-0.00025069
-0.00018901
-6.6812e-05
7.557e-06
3.5152e-05
1.7637e-05
5.8189e-06
-1.693e-06
-4.2583e-06
-1.5974e-06
-7.328e-07
3.9837e-07
1.8092e-07
1.3125e-08
4.5173e-08
7.7521e-08
1.0957e-07
-2.081e-07
2.4087e-08
5.6135e-08
8.8184e-08
1.2053e-07
-1.9714e-07
3.5049e-08
6.7098e-08
9.9146e-08
1.3149e-07
-1.8618e-07
4.5713e-08
7.8061e-08
1.1011e-07
-2.0756e-07
2.4629e-08
5.6679e-08
8.8729e-08
1.2108e-07
-1.9659e-07
3.5601e-08
6.765e-08
9.9701e-08
1.3205e-07
-1.8562e-07
4.6272e-08
7.8623e-08
1.1067e-07
-2.07e-07
2.5192e-08
5.7242e-08
8.9293e-08
1.2164e-07
-1.9603e-07
3.5866e-08
6.8218e-08
1.0027e-07
8.2662e-08
6.4753e-08
4.6846e-08
2.9239e-08
1.1331e-08
-6.5758e-09
-2.4183e-08
-4.2091e-08
-5.9997e-08
-7.7605e-08
-9.5511e-08
-1.1342e-07
2.1869e-07
9.4575e-10
-1.696e-08
-3.4567e-08
-5.2473e-08
-7.0379e-08
-8.7986e-08
-1.0589e-07
2.2592e-07
8.4784e-09
-9.4274e-09
-2.7333e-08
-4.4938e-08
-6.2844e-08
-8.0748e-08
-9.8353e-08
-1.1626e-07
2.1556e-07
-1.8879e-09
-1.9792e-08
-3.7696e-08
-5.5301e-08
-7.3205e-08
-9.1109e-08
-1.0872e-07
2.231e-07
5.3575e-09
-1.2246e-08
-3.015e-08
-4.8052e-08
-6.5655e-08
-8.3558e-08
-1.0146e-07
2.3066e-07
1.2914e-08
-4.9883e-09
-2.2591e-08
-4.0492e-08
-5.8394e-08
-7.5995e-08
-9.3897e-08
-1.118e-07
2.2032e-07
2.5769e-09
-1.5324e-08
-3.2926e-08
-5.0826e-08
-6.8727e-08
-8.6328e-08
-1.0423e-07
2.2759e-07
1.0149e-08
-7.7512e-09
-2.5652e-08
-4.3252e-08
-6.1152e-08
-7.9052e-08
-9.6652e-08
-1.1455e-07
2.1727e-07
-1.7123e-10
-1.8071e-08
-3.5971e-08
-5.4688e-08
-9.0473e-08
-1.2626e-07
-1.6144e-07
-1.9723e-07
-2.3301e-07
4.3097e-07
-4.3388e-09
-4.0122e-08
-7.5905e-08
-1.1109e-07
-1.4687e-07
-1.8266e-07
-2.1784e-07
4.4554e-07
1.0233e-08
-2.4949e-08
-6.0731e-08
-9.6511e-08
-1.317e-07
-1.6748e-07
-2.0326e-07
-3.8677e-08
1.2531e-07
2.8928e-07
1.5422e-07
1.8561e-08
-1.171e-07
-2.5276e-07
-8.8174e-08
-2.4073e-08
4.0028e-08
1.0473e-07
1.6883e-07
2.3293e-07
-4.0153e-07
6.2092e-08
1.262e-07
1.909e-07
2.55e-07
-3.8006e-07
-1.6314e-08
-5.1492e-08
-8.7268e-08
-1.2304e-07
-1.5822e-07
-1.94e-07
-2.2977e-07
4.3421e-07
