1.1,1.1,-0.23704,-0.010004,3.6863,-0.00036866,12.354,-0.009994,-0.009994,-0.010004,-0.010004,-0.010004,-0.010004
1.1,1.1,-0.24595,0.0069609,0.75382,0.0021836,12.305,2.9425,0.0069709,-0.0061012,1.9616,0.0046432,-0.0061012
0.99744,1.1,-0.24634,0.0030713,1.2371,0.005929,12.315,2.4592,0.0030813,-0.0015057,0.49278,0.00025118,-0.0015057
1.0247,1.0234,-0.24648,0.0041927,1.5418,0.0094626,12.321,2.155,0.0042027,-0.00020501,0.062862,0.00045752,-0.00020501
1.0245,0.99913,-0.24651,0.0049527,1.6939,0.010179,12.324,2.0031,0.0049627,0.00011688,-0.044534,0.00060875,0.00011688
1.0121,0.99942,-0.24651,0.0050164,1.7476,0.010096,12.325,0.46411,0.010742,0.52526,-0.049091,0.00033623,0.00013902
1.0036,1.0007,-0.24605,0.0087833,1.1794,0.0062474,12.314,1.0323,0.014509,0.52342,0.5191,0.0041031,-0.0005676
1.0079,0.99237,-0.24613,0.0076025,0.92666,0.0079339,12.309,1.2851,0.013329,0.52268,0.7719,0.0029223,-0.00086682
1.0011,0.99702,-0.24633,0.007528,1.1157,0.007726,12.313,1.096,0.013255,0.52325,0.58285,0.0028478,-9.661e-05
1.0009,0.99624,-0.24636,0.0075467,1.2417,0.0077545,12.316,0.97001,0.013274,0.52363,0.45685,0.0028665,0.00014293
1.0004,0.99639,-0.24633,0.0075414,1.2575,0.0077505,12.316,0.95421,0.013269,0.52368,0.44105,0.0028612,9.5565e-05
1.0001,0.99654,-0.24629,0.0075379,1.232,0.0077448,12.315,0.97977,0.013266,0.52361,0.46661,0.0028577,5.987e-06
1.0001,0.99644,-0.24628,0.007539,1.2172,0.0077501,12.315,0.99455,0.013267,0.52356,0.48139,0.0028588,-1.349e-05
1.0001,0.9964,-0.2463,0.00754,1.2162,0.0077515,12.315,0.99551,0.013268,0.52356,0.48235,0.0028598,-5.2295e-06
1,0.99644,-0.24631,0.0075396,1.2195,0.0077497,12.315,0.18326,-0.0054938,0.035006,0.47903,0.0028594,5.6197e-06
1.0007,0.99511,-0.2455,0.009495,0.81758,0.0058757,12.307,0.38417,-0.0045162,0.034365,0.67993,0.003837,-0.00063485
1.0019,0.99295,-0.24566,0.010027,0.41624,0.0054742,12.299,0.58474,-0.0044872,0.033755,0.88051,0.003866,-0.0012455
1.0011,0.99266,-0.24598,0.0095572,0.41626,0.0059616,12.299,0.38392,-0.0052255,0.034387,0.67969,0.0031277,-0.00061256
1.0009,0.99204,-0.24598,0.0095924,0.41612,0.005964,12.299,0.2836,-0.0053422,0.034696,0.57938,0.003011,-0.00030404
1.0006,0.99177,-0.24598,0.0096142,0.41604,0.0059586,12.299,0.23341,-0.0054072,0.034851,0.52918,0.002946,-0.00014948
1.0004,0.99161,-0.24598,0.0096276,0.41601,0.0059553,12.299,0.20829,-0.0054439,0.034928,0.50407,0.0029093,-7.2006e-05
1.0002,0.99153,-0.24598,0.0096357,0.41599,0.0059524,12.299,0.20831,-0.0054649,0.034967,0.4915,0.0028883,-3.3168e-05
1.0002,0.99145,-0.24599,0.0096412,0.42227,0.0059521,12.299,0.20204,-0.0054767,0.034996,0.48207,0.0028765,-4.131e-06
1,0.99152,-0.24599,0.0096429,0.42699,0.0059462,12.299,0.19732,-0.0054845,0.035008,0.47813,0.0028687,8.0718e-06
1.0001,0.99138,-0.24598,0.0096505,0.43032,0.0059472,12.299,0.19399,-0.0054826,0.035014,0.47617,0.0028706,1.3979e-05
1,0.99146,-0.24598,0.0096454,0.42994,0.0059472,12.299,0.19437,-0.0054908,0.035009,0.47773,0.0028624,9.4834e-06
1,0.99147,-0.24598,0.0096446,0.42906,0.0059473,12.299,0.19525,-0.0054932,0.035006,0.47881,0.00286,6.2672e-06
0.99999,0.99149,-0.24598,0.0096452,0.42862,0.0059457,12.299,0.19569,-0.0054933,0.035005,0.47908,0.0028599,5.4442e-06
1,0.99148,-0.24598,0.0096455,0.42833,0.0059456,12.299,0.19598,-0.0054933,0.035005,0.47922,0.0028599,5.0194e-06
1,0.99148,-0.24598,0.009645,0.42841,0.0059456,12.299,0.1959,-0.0054939,0.035006,0.47903,0.0028593,5.6329e-06
1,0.99148,-0.24598,0.0096448,0.42852,0.0059453,12.299,0.19579,-0.005494,0.035006,0.47891,0.0028592,5.9771e-06
0.99999,0.99149,-0.24598,0.0096445,0.42856,0.0059449,12.299,0.19575,-0.0054942,0.035006,0.47889,0.002859,6.0524e-06
1,0.99148,-0.24598,0.0096445,0.4286,0.0059452,12.299,0.19571,-0.0054941,0.035006,0.47887,0.0028591,6.1026e-06
0.99999,0.99149,-0.24598,0.0096443,0.42858,0.0059448,12.299,0.19573,-0.0054942,0.035006,0.4789,0.002859,6.0229e-06
1,0.99148,-0.24598,0.0096443,0.42857,0.0059452,12.299,0.19574,-0.0054941,0.035006,0.47891,0.0028591,5.9918e-06
1,0.99148,-0.24598,0.0096443,0.42857,0.0059449,12.299,0.19574,-0.005494,0.035006,0.47891,0.0028592,5.9866e-06
0.99999,0.99149,-0.24598,0.009644,0.42857,0.0059445,12.299,0.19574,-0.0054942,0.035006,0.47891,0.002859,5.9851e-06
1,0.99148,-0.24598,0.0096441,0.42857,0.0059448,12.299,0.19574,-0.005494,0.035006,0.47891,0.0028592,5.9768e-06
1,0.99148,-0.24598,0.0096439,0.42856,0.0059446,12.299,0.19575,-0.0054941,0.035006,0.47892,0.0028591,5.9746e-06
0.99999,0.99149,-0.24598,0.0096437,0.42857,0.0059441,12.299,0.19574,-0.0054942,0.035006,0.47891,0.002859,5.9937e-06
1,0.99148,-0.24598,0.0096437,0.42857,0.0059444,12.299,0.19574,-0.0054941,0.035006,0.47891,0.0028591,5.9861e-06
1,0.99148,-0.24598,0.0096436,0.42857,0.005944,12.299,0.19574,-0.0054941,0.035006,0.47891,0.0028591,5.9824e-06
0.99999,0.99149,-0.24598,0.0096433,0.42857,0.0059436,12.299,0.19574,-0.0054942,0.035006,0.47891,0.002859,5.981e-06
1,0.99148,-0.24598,0.0096432,0.42856,0.005944,12.299,0.19575,-0.0054942,0.035006,0.47892,0.002859,5.9741e-06
0.99999,0.99149,-0.24598,0.0096431,0.42857,0.0059435,12.299,0.19574,-0.0054941,0.035006,0.47891,0.0028591,5.9909e-06
1,0.99148,-0.24598,0.009643,0.42857,0.0059441,12.299,0.19574,-0.0054941,0.035006,0.47891,0.0028591,5.9848e-06
1,0.99148,-0.24598,0.0096431,0.42857,0.0059437,12.299,0.19574,-0.005494,0.035006,0.47891,0.0028592,5.9781e-06
0.99999,0.99149,-0.24598,0.0096429,0.42857,0.0059434,12.299,0.19574,-0.0054941,0.035006,0.47891,0.0028591,5.9767e-06
1,0.99148,-0.24598,0.0096429,0.42856,0.0059438,12.299,0.19575,-0.0054941,0.035006,0.47892,0.0028591,5.9698e-06
1,0.99148,-0.24598,0.0096428,0.42857,0.0059435,12.299,0.19574,-0.0054941,0.035006,0.47891,0.0028591,5.9874e-06
0.99999,0.99149,-0.24598,0.0096427,0.42857,0.005943,12.299,0.19574,-0.0054941,0.035006,0.47891,0.0028591,5.9837e-06
1,0.99148,-0.24598,0.0096426,0.42857,0.0059435,12.299,0.19574,-0.0054941,0.035006,0.47891,0.0028591,5.9783e-06
1,0.99148,-0.24598,0.0096425,0.42856,0.0059431,12.299,0.19575,-0.0054941,0.035006,0.47892,0.0028591,5.9731e-06
0.99999,0.99149,-0.24598,0.0096423,0.42857,0.0059426,12.299,0.19574,-0.0054941,0.035006,0.47891,0.0028591,5.9929e-06
1,0.99148,-0.24598,0.0096422,0.42857,0.0059431,12.299,0.19574,-0.0054941,0.035006,0.47891,0.0028591,5.9876e-06
1,0.99148,-0.24598,0.0096421,0.42857,0.0059427,12.299,0.19574,-0.0054941,0.035006,0.47891,0.0028591,5.9823e-06
0.99999,0.99149,-0.24598,0.0096418,0.42857,0.0059422,12.299,0.19574,-0.0054942,0.035006,0.47891,0.002859,5.9794e-06
1,0.99148,-0.24598,0.0096418,0.42856,0.0059425,12.299,0.19575,-0.0054941,0.035006,0.47892,0.0028591,5.9717e-06
0.99999,0.99149,-0.24598,0.0096417,0.42857,0.0059421,12.299,0.19574,-0.0054941,0.035006,0.47891,0.0028591,5.9908e-06
1,0.99148,-0.24598,0.0096416,0.42857,0.0059427,12.299,0.19574,-0.0054941,0.035006,0.47891,0.0028591,5.9847e-06
1,0.99148,-0.24598,0.0096417,0.42857,0.0059423,12.299,0.19574,-0.005494,0.035006,0.47891,0.0028592,5.9779e-06
0.99999,0.99149,-0.24598,0.0096415,0.42857,0.005942,12.299,0.19574,-0.0054941,0.035006,0.47891,0.0028591,5.9765e-06
1,0.99148,-0.24598,0.0096415,0.42856,0.0059424,12.299,0.19575,-0.0054941,0.035006,0.47892,0.0028591,5.9696e-06
1,0.99148,-0.24598,0.0096414,0.42857,0.0059421,12.299,0.19574,-0.0054941,0.035006,0.47891,0.0028591,5.9871e-06
0.99999,0.99149,-0.24598,0.0096413,0.42857,0.0059416,12.299,0.19574,-0.0054941,0.035006,0.47891,0.0028591,5.9834e-06
1,0.99148,-0.24598,0.0096412,0.42857,0.0059421,12.299,0.19574,-0.0054941,0.035006,0.47891,0.0028591,5.978e-06
1,0.99148,-0.24598,0.0096411,0.42856,0.0059418,12.299,0.19575,-0.0054941,0.035006,0.47892,0.0028591,5.9728e-06
0.99999,0.99149,-0.24598,0.009641,0.42857,0.0059413,12.299,0.19574,-0.0054941,0.035006,0.47891,0.0028591,5.9919e-06
1,0.99148,-0.24598,0.0096409,0.42857,0.0059418,12.299,0.19574,-0.0054941,0.035006,0.47891,0.0028591,5.9865e-06
1,0.99148,-0.24598,0.0096408,0.42857,0.0059414,12.299,0.19574,-0.0054941,0.035006,0.47891,0.0028591,5.9812e-06
0.99999,0.99149,-0.24598,0.0096405,0.42857,0.0059409,12.299,0.19574,-0.0054942,0.035006,0.47891,0.002859,5.9782e-06
1,0.99148,-0.24598,0.0096405,0.42856,0.0059412,12.299,0.19575,-0.0054941,0.035006,0.47892,0.0028591,5.9706e-06
1,0.99148,-0.24598,0.0096404,0.42857,0.0059408,12.299,0.19574,-0.0054941,0.035006,0.47891,0.0028591,5.9896e-06
0.99999,0.99149,-0.24598,0.0096401,0.42857,0.0059404,12.299,0.19574,-0.0054942,0.035006,0.47891,0.002859,5.9882e-06
1,0.99148,-0.24598,0.0096401,0.42857,0.0059407,12.299,0.19574,-0.0054941,0.035006,0.47891,0.0028591,5.9813e-06
0.99999,0.99149,-0.24598,0.0096398,0.42856,0.0059405,12.299,0.19574,-0.0054942,0.035006,0.47891,0.002859,5.9783e-06
1,0.99148,-0.24598,0.00964,0.42856,0.0059408,12.299,0.19574,-0.005494,0.035006,0.47891,0.0028592,5.9649e-06
1,0.99148,-0.24598,0.0096398,0.42856,0.0059407,12.299,0.19574,-0.0054941,0.035006,0.47891,0.0028591,5.9695e-06
0.99999,0.99149,-0.24598,0.0096397,0.42856,0.0059403,12.299,0.19574,-0.0054941,0.035006,0.47891,0.0028591,5.9719e-06
1,0.99148,-0.24598,0.0096398,0.42856,0.0059407,12.299,0.19574,-0.005494,0.035006,0.47891,0.0028592,5.9718e-06
1,0.99148,-0.24598,0.0096398,0.42856,0.0059404,12.299,0.19574,-0.005494,0.035006,0.47891,0.0028592,5.9756e-06
0.99999,0.99149,-0.24598,0.0096396,0.42856,0.0059401,12.299,0.19574,-0.0054941,0.035006,0.47891,0.0028591,5.9817e-06
1,0.99148,-0.24598,0.0096396,0.42856,0.0059405,12.299,0.19574,-0.0054941,0.035006,0.47891,0.0028591,5.9824e-06
1,0.99148,-0.24598,0.0096395,0.42856,0.0059402,12.299,0.19574,-0.0054941,0.035006,0.47891,0.0028591,5.9847e-06
0.99999,0.99149,-0.24598,0.0096394,0.42856,0.0059397,12.299,0.19574,-0.0054941,0.035006,0.47891,0.0028591,5.9886e-06
1,0.99148,-0.24598,0.0096393,0.42856,0.0059402,12.299,0.19574,-0.0054941,0.035006,0.47891,0.0028591,5.9908e-06
1,0.99148,-0.24598,0.0096392,0.42856,0.0059399,12.299,0.19574,-0.0054941,0.035006,0.47891,0.0028591,5.9931e-06
0.99999,0.99149,-0.24598,0.0096391,0.42857,0.0059394,12.299,0.19573,-0.0054941,0.035006,0.4789,0.0028591,5.9969e-06
1,0.99148,-0.24598,0.009639,0.42856,0.0059399,12.299,0.19574,-0.0054941,0.035006,0.47891,0.0028591,5.9763e-06
1,0.99148,-0.24598,0.0096389,0.42856,0.0059396,12.299,0.19574,-0.0054941,0.035006,0.47891,0.0028591,5.9786e-06
0.99999,0.99149,-0.24598,0.0096388,0.42856,0.0059391,12.299,0.19574,-0.0054941,0.035006,0.47891,0.0028591,5.9824e-06
1,0.99148,-0.24598,0.0096387,0.42856,0.0059396,12.299,0.19574,-0.0054941,0.035006,0.47891,0.0028591,5.9846e-06
1,0.99148,-0.24598,0.0096386,0.42856,0.0059393,12.299,0.19574,-0.0054941,0.035006,0.47891,0.0028591,5.9869e-06
0.99999,0.99149,-0.24598,0.0096385,0.42856,0.0059388,12.299,0.19574,-0.0054941,0.035006,0.47891,0.0028591,5.9907e-06
1,0.99148,-0.24598,0.0096384,0.42856,0.0059393,12.299,0.19574,-0.0054941,0.035006,0.47891,0.0028591,5.9929e-06
1,0.99148,-0.24598,0.0096383,0.42857,0.0059389,12.299,0.19573,-0.0054941,0.035006,0.4789,0.0028591,5.9952e-06
0.99999,0.99149,-0.24598,0.009638,0.42856,0.0059385,12.299,0.19574,-0.0054942,0.035006,0.47891,0.002859,5.977e-06
1,0.99148,-0.24598,0.0096381,0.42856,0.0059388,12.299,0.19574,-0.005494,0.035006,0.47891,0.0028592,5.9761e-06
1,0.99148,-0.24598,0.0096379,0.42856,0.0059386,12.299,0.19574,-0.0054941,0.035006,0.47891,0.0028591,5.9814e-06
0.99999,0.99149,-0.24598,0.0096377,0.42856,0.0059381,12.299,0.19574,-0.0054942,0.035006,0.47891,0.002859,5.9852e-06
1,0.99148,-0.24598,0.0096377,0.42856,0.0059384,12.299,0.19574,-0.0054941,0.035006,0.47891,0.0028591,5.9851e-06
1,0.99148,-0.24598,0.0096376,0.42856,0.005938,12.299,0.19574,-0.0054941,0.035006,0.47891,0.0028591,5.9889e-06
0.99999,0.99149,-0.24598,0.0096373,0.42856,0.0059376,12.299,0.19574,-0.0054942,0.035006,0.47891,0.002859,5.995e-06
1,0.99148,-0.24598,0.0096373,0.42856,0.005938,12.299,0.19574,-0.0054941,0.035006,0.47891,0.0028591,5.9957e-06
1,0.99148,-0.24598,0.0096371,0.42857,0.0059377,12.299,0.19573,-0.0054942,0.035006,0.4789,0.002859,5.9995e-06
0.99999,0.99149,-0.24598,0.0096369,0.42856,0.0059372,12.299,0.19574,-0.0054942,0.035006,0.47891,0.002859,5.9797e-06
1,0.99148,-0.24598,0.0096369,0.42856,0.0059375,12.299,0.19574,-0.0054941,0.035006,0.47891,0.0028591,5.9803e-06
1,0.99148,-0.24598,0.0096366,0.42856,0.0059373,12.299,0.19574,-0.0054942,0.035006,0.47891,0.002859,5.9849e-06
0.99999,0.99149,-0.24598,0.0096364,0.42856,0.0059368,12.299,0.19574,-0.0054942,0.035006,0.47891,0.002859,5.9872e-06
1,0.99148,-0.24598,0.0096364,0.42856,0.0059371,12.299,0.19574,-0.0054941,0.035006,0.47891,0.0028591,5.987e-06
1,0.99148,-0.24598,0.0096363,0.42856,0.0059367,12.299,0.19574,-0.0054941,0.035006,0.47891,0.0028591,5.9908e-06
0.99999,0.99149,-0.24598,0.009636,0.42856,0.0059363,12.299,0.19574,-0.0054942,0.035006,0.47891,0.002859,5.9969e-06
1,0.99148,-0.24598,0.0096359,0.42857,0.0059367,12.299,0.19573,-0.0054942,0.035006,0.4789,0.002859,5.9975e-06
1,0.99148,-0.24598,0.0096358,0.42856,0.0059363,12.299,0.19574,-0.0054941,0.035006,0.47891,0.0028591,5.9762e-06
0.99999,0.99149,-0.24598,0.0096355,0.42856,0.0059359,12.299,0.19574,-0.0054942,0.035006,0.47891,0.002859,5.9815e-06
1,0.99148,-0.24598,0.0096355,0.42856,0.0059362,12.299,0.19574,-0.0054941,0.035006,0.47891,0.0028591,5.9814e-06
1,0.99148,-0.24598,0.0096354,0.42856,0.0059358,12.299,0.19574,-0.0054941,0.035006,0.47891,0.0028591,5.9851e-06
0.99999,0.99149,-0.24598,0.009635,0.42856,0.0059355,12.299,0.19574,-0.0054943,0.035006,0.47891,0.0028589,5.9912e-06
1,0.99148,-0.24598,0.0096351,0.42856,0.0059357,12.299,0.19574,-0.0054941,0.035006,0.47891,0.0028591,5.9888e-06
1,0.99148,-0.24598,0.0096349,0.42856,0.0059355,12.299,0.19574,-0.0054941,0.035006,0.47891,0.0028591,5.9933e-06
0.99999,0.99149,-0.24598,0.0096346,0.42857,0.0059351,12.299,0.19573,-0.0054942,0.035006,0.4789,0.002859,5.9978e-06
1,0.99148,-0.24598,0.0096346,0.42856,0.0059354,12.299,0.19574,-0.0054941,0.035006,0.47891,0.0028591,5.9741e-06
1,0.99148,-0.24598,0.0096345,0.42856,0.005935,12.299,0.19574,-0.0054941,0.035006,0.47891,0.0028591,5.9771e-06
0.99999,0.99149,-0.24598,0.0096342,0.42856,0.0059346,12.299,0.19574,-0.0054942,0.035006,0.47891,0.002859,5.9824e-06
1,0.99148,-0.24598,0.0096342,0.42856,0.0059349,12.299,0.19574,-0.0054941,0.035006,0.47891,0.0028591,5.9822e-06
1,0.99148,-0.24598,0.0096341,0.42856,0.0059345,12.299,0.19574,-0.0054941,0.035006,0.47891,0.0028591,5.986e-06
0.99999,0.99149,-0.24598,0.0096338,0.42856,0.0059342,12.299,0.19574,-0.0054942,0.035006,0.47891,0.002859,5.992e-06
1,0.99148,-0.24598,0.0096338,0.42856,0.0059346,12.299,0.19574,-0.0054941,0.035006,0.47891,0.0028591,5.9919e-06
1,0.99148,-0.24598,0.0096337,0.42856,0.0059343,12.299,0.19574,-0.0054941,0.035006,0.47891,0.0028591,5.9948e-06
0.99999,0.99149,-0.24598,0.0096334,0.42857,0.0059339,12.299,0.19573,-0.0054942,0.035006,0.4789,0.002859,5.9993e-06
1,0.99148,-0.24598,0.0096334,0.42856,0.0059342,12.299,0.19574,-0.0054941,0.035006,0.47891,0.0028591,5.9756e-06
1,0.99148,-0.24598,0.0096333,0.42856,0.0059338,12.299,0.19574,-0.0054941,0.035006,0.47891,0.0028591,5.9786e-06
0.99999,0.99149,-0.24598,0.009633,0.42856,0.0059334,12.299,0.19574,-0.0054942,0.035006,0.47891,0.002859,5.9839e-06
1,0.99148,-0.24598,0.009633,0.42856,0.0059337,12.299,0.19574,-0.0054941,0.035006,0.47891,0.0028591,5.9837e-06
1,0.99148,-0.24598,0.0096329,0.42856,0.0059334,12.299,0.19574,-0.0054941,0.035006,0.47891,0.0028591,5.9874e-06
0.99999,0.99149,-0.24598,0.0096326,0.42856,0.0059331,12.299,0.19574,-0.0054942,0.035006,0.47891,0.002859,5.9927e-06
1,0.99148,-0.24598,0.0096326,0.42856,0.0059335,12.299,0.19574,-0.0054941,0.035006,0.47891,0.0028591,5.9917e-06
1,0.99148,-0.24598,0.0096325,0.42857,0.0059331,12.299,0.19573,-0.0054941,0.035006,0.4789,0.0028591,5.994e-06
0.99999,0.99149,-0.24598,0.0096323,0.42856,0.0059327,12.299,0.19574,-0.0054941,0.035006,0.47891,0.0028591,5.9757e-06
1,0.99148,-0.24598,0.0096322,0.42856,0.0059332,12.299,0.19574,-0.0054941,0.035006,0.47891,0.0028591,5.977e-06
1,0.99148,-0.24598,0.0096322,0.42856,0.0059328,12.299,0.19574,-0.005494,0.035006,0.47891,0.0028592,5.9784e-06
0.99999,0.99149,-0.24598,0.009632,0.42856,0.0059324,12.299,0.19574,-0.0054941,0.035006,0.47891,0.0028591,5.9844e-06
1,0.99148,-0.24598,0.0096319,0.42856,0.0059329,12.299,0.19574,-0.0054941,0.035006,0.47891,0.0028591,5.9858e-06
1,0.99148,-0.24598,0.0096318,0.42856,0.0059326,12.299,0.19574,-0.0054941,0.035006,0.47891,0.0028591,5.9872e-06
0.99999,0.99149,-0.24598,0.0096317,0.42856,0.0059321,12.299,0.19574,-0.0054941,0.035006,0.47891,0.0028591,5.9902e-06
1,0.99148,-0.24598,0.0096317,0.42856,0.0059326,12.299,0.19574,-0.005494,0.035006,0.47891,0.0028592,5.9915e-06
1,0.99148,-0.24598,0.0096316,0.42857,0.0059323,12.299,0.19573,-0.0054941,0.035006,0.4789,0.0028591,5.9952e-06
0.99999,0.99149,-0.24598,0.0096315,0.42856,0.0059318,12.299,0.19574,-0.0054941,0.035006,0.47891,0.0028591,5.9762e-06
1,0.99148,-0.24598,0.0096314,0.42856,0.0059323,12.299,0.19574,-0.0054941,0.035006,0.47891,0.0028591,5.9783e-06
1,0.99148,-0.24598,0.0096314,0.42856,0.005932,12.299,0.19574,-0.005494,0.035006,0.47891,0.0028592,5.9804e-06
0.99999,0.99149,-0.24598,0.0096311,0.42856,0.0059317,12.299,0.19574,-0.0054942,0.035006,0.47891,0.002859,5.9864e-06
1,0.99148,-0.24598,0.0096312,0.42856,0.005932,12.299,0.19574,-0.005494,0.035006,0.47891,0.0028592,5.9804e-06
1,0.99148,-0.24598,0.009631,0.42856,0.0059318,12.299,0.19574,-0.0054941,0.035006,0.47891,0.0028591,5.9848e-06
0.99999,0.99149,-0.24598,0.0096309,0.42856,0.0059313,12.299,0.19574,-0.0054941,0.035006,0.47891,0.0028591,5.9878e-06
1,0.99148,-0.24598,0.0096309,0.42856,0.0059318,12.299,0.19574,-0.005494,0.035006,0.47891,0.0028592,5.9891e-06
1,0.99148,-0.24598,0.0096308,0.42856,0.0059315,12.299,0.19574,-0.0054941,0.035006,0.47891,0.0028591,5.9928e-06
0.99999,0.99149,-0.24598,0.0096307,0.42857,0.0059311,12.299,0.19573,-0.0054941,0.035006,0.4789,0.0028591,5.9965e-06
1,0.99148,-0.24598,0.0096307,0.42856,0.0059316,12.299,0.19574,-0.005494,0.035006,0.47891,0.0028592,5.975e-06
1,0.99148,-0.24598,0.0096306,0.42856,0.0059314,12.299,0.19574,-0.0054941,0.035006,0.47891,0.0028591,5.9777e-06
1,0.99148,-0.24598,0.0096305,0.42856,0.005931,12.299,0.19574,-0.0054941,0.035006,0.47891,0.0028591,5.9807e-06
0.99999,0.99149,-0.24598,0.0096302,0.42856,0.0059306,12.299,0.19574,-0.0054942,0.035006,0.47891,0.002859,5.9859e-06
1,0.99148,-0.24598,0.0096302,0.42856,0.0059309,12.299,0.19574,-0.0054941,0.035006,0.47891,0.0028591,5.9857e-06
1,0.99148,-0.24598,0.0096301,0.42856,0.0059305,12.299,0.19574,-0.0054941,0.035006,0.47891,0.0028591,5.9894e-06
0.99999,0.99149,-0.24598,0.0096298,0.42856,0.0059302,12.299,0.19574,-0.0054942,0.035006,0.47891,0.002859,5.9954e-06
1,0.99148,-0.24598,0.0096298,0.42857,0.0059306,12.299,0.19573,-0.0054941,0.035006,0.4789,0.0028591,5.9951e-06
1,0.99148,-0.24598,0.0096297,0.42856,0.0059303,12.299,0.19574,-0.0054941,0.035006,0.47891,0.0028591,5.9753e-06
0.99999,0.99149,-0.24598,0.0096294,0.42856,0.00593,12.299,0.19574,-0.0054942,0.035006,0.47891,0.002859,5.9797e-06
1,0.99148,-0.24598,0.0096295,0.42856,0.0059303,12.299,0.19574,-0.005494,0.035006,0.47891,0.0028592,5.978e-06
1,0.99148,-0.24598,0.0096293,0.42856,0.0059301,12.299,0.19574,-0.0054941,0.035006,0.47891,0.0028591,5.9854e-06
0.99999,0.99149,-0.24598,0.0096292,0.42856,0.0059296,12.299,0.19574,-0.0054941,0.035006,0.47891,0.0028591,5.9884e-06
1,0.99148,-0.24598,0.0096291,0.42856,0.0059301,12.299,0.19574,-0.0054941,0.035006,0.47891,0.0028591,5.9897e-06
1,0.99148,-0.24598,0.0096291,0.42856,0.0059297,12.299,0.19574,-0.005494,0.035006,0.47891,0.0028592,5.9911e-06
0.99999,0.99149,-0.24598,0.0096289,0.42856,0.0059294,12.299,0.19573,-0.0054941,0.035006,0.4789,0.0028591,5.997e-06
1,0.99148,-0.24598,0.009629,0.42856,0.0059298,12.299,0.19573,-0.005494,0.035006,0.4789,0.0028592,5.9824e-06
1,0.99148,-0.24598,0.0096288,0.42856,0.0059297,12.299,0.19573,-0.0054941,0.035006,0.4789,0.0028591,5.9716e-06
0.99999,0.99149,-0.24598,0.0096287,0.42855,0.0059293,12.299,0.19574,-0.0054941,0.035006,0.47891,0.0028591,5.9586e-06
1,0.99148,-0.24598,0.0096288,0.42855,0.0059297,12.299,0.19574,-0.005494,0.035006,0.47891,0.0028592,5.9539e-06
1,0.99148,-0.24598,0.0096288,0.42855,0.0059294,12.299,0.19574,-0.005494,0.035006,0.47891,0.0028592,5.9652e-06
1,0.99148,-0.24598,0.0096286,0.42855,0.0059291,12.299,0.19574,-0.0054941,0.035006,0.47891,0.0028591,5.9787e-06
0.99999,0.99149,-0.24598,0.0096283,0.42856,0.0059287,12.299,0.19573,-0.0054942,0.035006,0.4789,0.002859,5.9915e-06
1,0.99148,-0.24598,0.0096283,0.42856,0.0059291,12.299,0.19573,-0.0054941,0.035006,0.47891,0.0028591,5.9761e-06
1,0.99148,-0.24598,0.0096282,0.42856,0.0059288,12.299,0.19573,-0.0054941,0.035006,0.47891,0.0028591,5.9714e-06
0.99999,0.99149,-0.24598,0.0096279,0.42856,0.0059285,12.299,0.19573,-0.0054942,0.035006,0.47891,0.002859,5.9682e-06
1,0.99148,-0.24598,0.009628,0.42856,0.0059288,12.299,0.19573,-0.005494,0.035006,0.47891,0.0028592,5.9589e-06
1,0.99148,-0.24598,0.0096278,0.42856,0.0059286,12.299,0.19573,-0.0054941,0.035006,0.47891,0.0028591,5.9557e-06
0.99999,0.99149,-0.24598,0.0096277,0.42855,0.0059281,12.299,0.19574,-0.0054941,0.035006,0.47892,0.0028591,5.951e-06
1,0.99148,-0.24598,0.0096277,0.42856,0.0059286,12.299,0.19573,-0.005494,0.035006,0.47891,0.0028592,5.9675e-06
1,0.99148,-0.24598,0.0096276,0.42856,0.0059283,12.299,0.19573,-0.0054941,0.035006,0.47891,0.0028591,5.9635e-06
0.99999,0.99149,-0.24598,0.0096275,0.42856,0.0059279,12.299,0.19573,-0.0054941,0.035006,0.47891,0.0028591,5.9596e-06
1,0.99148,-0.24598,0.0096274,0.42856,0.0059284,12.299,0.19573,-0.0054941,0.035006,0.47891,0.0028591,5.9533e-06
1,0.99148,-0.24598,0.0096274,0.42855,0.0059281,12.299,0.19574,-0.005494,0.035006,0.47892,0.0028592,5.9471e-06
1,0.99148,-0.24598,0.0096272,0.42856,0.0059278,12.299,0.19573,-0.0054941,0.035006,0.47892,0.0028591,5.9674e-06
0.99999,0.99149,-0.24598,0.0096269,0.42856,0.0059274,12.299,0.19573,-0.0054941,0.035006,0.47892,0.002859,5.9718e-06
1,0.99148,-0.24598,0.0096269,0.42856,0.0059277,12.299,0.19573,-0.0054941,0.035006,0.47892,0.002859,5.9716e-06
1,0.99148,-0.24598,0.0096269,0.42856,0.0059273,12.299,0.19573,-0.005494,0.035006,0.47892,0.0028591,5.9737e-06
0.99999,0.99149,-0.24598,0.0096266,0.42856,0.0059269,12.299,0.19573,-0.0054942,0.035006,0.47892,0.0028589,5.9804e-06
1,0.99148,-0.24598,0.0096266,0.42856,0.0059273,12.299,0.19573,-0.0054941,0.035006,0.47892,0.002859,5.9801e-06
1,0.99148,-0.24598,0.0096265,0.42856,0.005927,12.299,0.19573,-0.0054941,0.035006,0.47892,0.002859,5.983e-06
0.99999,0.99149,-0.24598,0.0096263,0.42857,0.0059267,12.299,0.19572,-0.0054941,0.035006,0.47891,0.002859,5.9874e-06
1,0.99148,-0.24598,0.0096263,0.42856,0.0059272,12.299,0.19573,-0.0054941,0.035006,0.47892,0.002859,5.9651e-06
