0.0013502,-0.0013519,-0.49041,-0.0011608,0.49042,0.0012413,-2.1203e-06,-0.49041,-0.0011608,0.0015253,-0.49041,-0.0011608,0.0015253
0.0012782,-0.0012782,-0.24639,-0.00012559,0.2464,0.00020331,-1.1929e-06,-0.24639,-0.00012559,0.00075284,-0.24639,-0.00012559,0.00075284
-0.024669,0.024669,-0.062862,-0.00045752,0.062712,-0.0010423,2.3026e-05,-0.062862,-0.00045752,0.00020501,-0.062862,-0.00045752,0.00020501
-0.024473,0.024473,0.044534,-0.00060875,-0.044682,-0.00087921,2.2843e-05,0.044534,-0.00060875,-0.00011688,0.044534,-0.00060875,-0.00011688
-0.012082,0.012082,0.049091,-0.00033623,-0.049165,-0.00039834,1.1277e-05,0.049091,-0.00033623,-0.00013902,0.049091,-0.00033623,-0.00013902
-0.0071579,0.0071579,-0.34607,-0.0027354,0.34603,0.0023002,6.6812e-06,-0.34607,-0.0027354,0.0011352,-0.34607,-0.0027354,0.0011352
-0.0079314,0.0079314,-0.28389,-0.00012459,0.28384,-0.00035763,7.4032e-06,-0.28389,-0.00012459,0.00086682,-0.28389,-0.00012459,0.00086682
-0.0021899,0.0021899,-0.063226,-3.3366e-05,0.063213,-9.9781e-05,2.0441e-06,-0.063226,-3.3366e-05,0.00019322,-0.063226,-3.3366e-05,0.00019322
-0.0018712,0.0018712,0.094388,-3.5335e-05,-0.0944,-7.8433e-05,1.7466e-06,0.094388,-3.5335e-05,-0.00028587,0.094388,-3.5335e-05,-0.00028587
-0.00078274,0.00078274,0.062994,-1.2349e-05,-0.062999,-3.5242e-05,7.3061e-07,0.062994,-1.2349e-05,-0.00019113,0.062994,-1.2349e-05,-0.00019113
-0.00031973,0.00031973,0.0079139,-3.6086e-06,-0.0079158,-1.5831e-05,2.9844e-07,0.0079139,-3.6086e-06,-2.3948e-05,0.0079139,-3.6086e-06,-2.3948e-05
-0.0003683,0.0003683,-0.025588,-3.9246e-06,0.025586,-1.8468e-05,3.4377e-07,-0.025588,-3.9246e-06,7.7906e-05,-0.025588,-3.9246e-06,7.7906e-05
-0.00026159,0.00026159,-0.01472,-3.9187e-06,0.014718,-1.1986e-05,2.4416e-07,-0.01472,-3.9187e-06,4.4866e-05,-0.01472,-3.9187e-06,4.4866e-05
-7.8121e-05,7.8121e-05,-0.00095129,-1.5323e-06,0.00095081,-3.2175e-06,7.2918e-08,-0.00095129,-1.5323e-06,2.9385e-06,-0.00095129,-1.5323e-06,2.9385e-06
-0.0053884,0.0053884,-1.6082,-0.0078221,1.6082,0.0074945,5.0296e-06,-1.6082,-0.0078221,0.0051267,-1.6082,-0.0078221,0.0051267
-0.0075404,0.0075404,-1.6064,-0.0040272,1.6063,0.0035688,7.0382e-06,-1.6064,-0.0040272,0.0050058,-1.6064,-0.0040272,0.0050058
-0.0043475,0.0043475,-0.80313,-0.0010739,0.80311,0.00080952,4.058e-06,-0.80313,-0.0010739,0.0024742,-0.80313,-0.0010739,0.0024742
-0.0034084,0.0034084,-0.40186,-0.00060731,0.40184,0.00040008,3.1814e-06,-0.40186,-0.00060731,0.0012401,-0.40186,-0.00060731,0.0012401
-0.0022469,0.0022469,-0.20108,-0.00034737,0.20107,0.00021076,2.0972e-06,-0.20108,-0.00034737,0.00062185,-0.20108,-0.00034737,0.00062185
-0.0014547,0.0014547,-0.10062,-0.00020057,0.10061,0.00011212,1.3578e-06,-0.10062,-0.00020057,0.00031197,-0.10062,-0.00020057,0.00031197
-0.00089736,0.00089736,-0.050355,-0.00011638,0.05035,6.1822e-05,8.3759e-07,-0.050355,-0.00011638,0.00015662,-0.050355,-0.00011638,0.00015662
-0.0006193,0.0006193,-0.012621,-6.9208e-05,0.012617,3.1554e-05,5.7806e-07,-0.012621,-6.9208e-05,4.0472e-05,-0.012621,-6.9208e-05,4.0472e-05
-0.00017257,0.00017257,0.0031233,-3.8012e-05,-0.0031243,2.752e-05,1.6108e-07,0.0031233,-3.8012e-05,-8.3392e-06,0.0031233,-3.8012e-05,-8.3392e-06
-0.00024935,0.00024935,0.0054867,-2.2884e-05,-0.0054882,7.7235e-06,2.3274e-07,0.0054867,-2.2884e-05,-1.5984e-05,0.0054867,-2.2884e-05,-1.5984e-05
-4.0706e-05,4.0706e-05,0.0023638,-6.3512e-06,-0.002364,3.8763e-06,3.7995e-08,0.0023638,-6.3512e-06,-6.9928e-06,0.0023638,-6.3512e-06,-6.9928e-06
-1.092e-05,1.092e-05,0.00040061,-3.1901e-06,-0.00040068,2.5262e-06,1.0192e-08,0.00040061,-3.1901e-06,-1.1209e-06,0.00040061,-3.1901e-06,-1.1209e-06
2.6457e-05,-2.6457e-05,-0.00068576,-2.8449e-06,0.00068593,4.4534e-06,-2.4695e-08,-0.00068576,-2.8449e-06,2.1712e-06,-0.00068576,-2.8449e-06,2.1712e-06
1.9326e-06,-1.9326e-06,-0.00062223,-1.4387e-06,0.00062224,1.5562e-06,-1.8039e-09,-0.00062223,-1.4387e-06,1.9353e-06,-0.00062223,-1.4387e-06,1.9353e-06
8.9742e-06,-8.9742e-06,-0.00023044,-2.5261e-07,0.00023049,7.9825e-07,-8.3766e-09,-0.00023044,-2.5261e-07,7.082e-07,-0.00023044,-2.5261e-07,7.082e-07
1.5944e-05,-1.5944e-05,-1.3647e-05,6.6344e-08,1.3744e-05,9.0305e-07,-1.4882e-08,-1.3647e-05,6.6344e-08,3.947e-08,-1.3647e-05,6.6344e-08,3.947e-08
3.0148e-05,-3.0148e-05,7.9938e-05,6.1356e-07,-7.9754e-05,1.2194e-06,-2.814e-08,7.9938e-05,6.1356e-07,-2.6166e-07,7.9938e-05,6.1356e-07,-2.6166e-07
4.5324e-06,-4.5324e-06,7.3462e-05,2.5828e-07,-7.3435e-05,1.7286e-08,-4.2305e-09,7.3462e-05,2.5828e-07,-2.3118e-07,7.3462e-05,2.5828e-07,-2.3118e-07
1.1804e-05,-1.1804e-05,2.0255e-05,3.3728e-07,-2.0183e-05,3.8043e-07,-1.1018e-08,2.0255e-05,3.3728e-07,-7.1829e-08,2.0255e-05,3.3728e-07,-7.1829e-08
-9.3546e-07,9.3546e-07,2.0174e-06,1.1183e-07,-2.0231e-06,-1.6871e-07,8.7316e-10,2.0174e-06,1.1183e-07,-9.5326e-09,2.0174e-06,1.1183e-07,-9.5326e-09
6.3032e-06,-6.3032e-06,-1.1898e-06,8.9741e-08,1.2281e-06,2.9349e-07,-5.8834e-09,-1.1898e-06,8.9741e-08,8.8888e-10,-1.1898e-06,8.9741e-08,8.8888e-10
1.3531e-05,-1.3531e-05,-4.397e-06,3.1745e-07,4.4793e-06,5.0524e-07,-1.263e-08,-4.397e-06,3.1745e-07,3.7163e-09,-4.397e-06,3.1745e-07,3.7163e-09
7.5814e-07,-7.5814e-07,-7.6346e-06,9.1382e-08,7.6392e-06,-4.5287e-08,-7.0765e-10,-7.6346e-06,9.1382e-08,2.0431e-08,-7.6346e-06,9.1382e-08,2.0431e-08
7.9786e-06,-7.9786e-06,-1.0842e-05,2.6915e-07,1.089e-05,2.1595e-07,-7.4472e-09,-1.0842e-05,2.6915e-07,2.4777e-08,-1.0842e-05,2.6915e-07,2.4777e-08
1.5169e-05,-1.5169e-05,9.508e-07,3.4584e-07,-8.5857e-07,5.7641e-07,-1.4158e-08,9.508e-07,3.4584e-07,-1.3404e-08,9.508e-07,3.4584e-07,-1.3404e-08
2.3734e-06,-2.3734e-06,-2.2869e-06,1.6928e-07,2.3013e-06,-2.4979e-08,-2.2153e-09,-2.2869e-06,1.6928e-07,1.8059e-09,-2.2869e-06,1.6928e-07,1.8059e-09
9.5665e-06,-9.5665e-06,-5.4942e-06,2.4654e-07,5.5523e-06,3.351e-07,-8.9294e-09,-5.4942e-06,2.4654e-07,9.2075e-09,-5.4942e-06,2.4654e-07,9.2075e-09
1.674e-05,-1.674e-05,-8.7015e-06,4.7349e-07,8.8033e-06,5.443e-07,-1.5625e-08,-8.7015e-06,4.7349e-07,1.2059e-08,-8.7015e-06,4.7349e-07,1.2059e-08
3.9155e-06,-3.9155e-06,-1.1939e-05,3.4666e-07,1.1963e-05,-1.0859e-07,-3.6548e-09,-1.1939e-05,3.4666e-07,2.5757e-08,-1.1939e-05,3.4666e-07,2.5757e-08
1.1065e-05,-1.1065e-05,-1.4643e-07,2.7281e-07,2.1371e-07,3.9992e-07,-1.0328e-08,-1.4643e-07,2.7281e-07,-7.8482e-09,-1.4643e-07,2.7281e-07,-7.8482e-09
-1.764e-06,1.764e-06,-3.3841e-06,1.9574e-07,3.3734e-06,-3.0299e-07,1.6465e-09,-3.3841e-06,1.9574e-07,4.3374e-09,-3.3841e-06,1.9574e-07,4.3374e-09
5.4048e-06,-5.4048e-06,-6.5914e-06,7.2742e-08,6.6243e-06,2.5587e-07,-5.0449e-09,-6.5914e-06,7.2742e-08,1.7827e-08,-6.5914e-06,7.2742e-08,1.7827e-08
1.256e-05,-1.256e-05,-9.7987e-06,2.9948e-07,9.8751e-06,4.6417e-07,-1.1723e-08,-9.7987e-06,2.9948e-07,2.0684e-08,-9.7987e-06,2.9948e-07,2.0684e-08
-2.7661e-07,2.7661e-07,-1.3036e-05,1.7253e-07,1.3035e-05,-1.8934e-07,2.5819e-10,-1.3036e-05,1.7253e-07,3.4386e-08,-1.3036e-05,1.7253e-07,3.4386e-08
6.8618e-06,-6.8618e-06,-1.2436e-06,1.4856e-07,1.2853e-06,2.6864e-07,-6.4048e-09,-1.2436e-06,1.4856e-07,-7.357e-10,-1.2436e-06,1.4856e-07,-7.357e-10
1.4e-05,-1.4e-05,-4.451e-06,2.2497e-07,4.5361e-06,6.2625e-07,-1.3068e-08,-4.451e-06,2.2497e-07,6.6919e-09,-4.451e-06,2.2497e-07,6.6919e-09
1.1421e-06,-1.1421e-06,-7.6887e-06,1.9754e-07,7.6957e-06,-1.2809e-07,-1.0661e-09,-7.6887e-06,1.9754e-07,1.7369e-08,-7.6887e-06,1.9754e-07,1.7369e-08
8.2775e-06,-8.2775e-06,-1.0896e-05,1.7408e-07,1.0946e-05,3.2919e-07,-7.7262e-09,-1.0896e-05,1.7408e-07,2.7832e-08,-1.0896e-05,1.7408e-07,2.7832e-08
1.5378e-05,-1.5378e-05,8.9662e-07,2.9941e-07,-8.0312e-07,6.3557e-07,-1.4354e-08,8.9662e-07,2.9941e-07,-1.1828e-08,8.9662e-07,2.9941e-07,-1.1828e-08
2.4958e-06,-2.4958e-06,-2.3412e-06,2.7147e-07,2.3563e-06,-1.1972e-07,-2.3296e-09,-2.3412e-06,2.7147e-07,-1.1356e-09,-2.3412e-06,2.7147e-07,-1.1356e-09
9.6069e-06,-9.6069e-06,-5.5486e-06,2.4751e-07,5.607e-06,3.366e-07,-8.9671e-09,-5.5486e-06,2.4751e-07,9.3435e-09,-5.5486e-06,2.4751e-07,9.3435e-09
1.6698e-05,-1.6698e-05,-8.756e-06,3.7326e-07,8.8575e-06,6.42e-07,-1.5586e-08,-8.756e-06,3.7326e-07,1.5271e-08,-8.756e-06,3.7326e-07,1.5271e-08
3.787e-06,-3.787e-06,-1.1994e-05,1.9515e-07,1.2017e-05,3.5098e-08,-3.5348e-09,-1.1994e-05,1.9515e-07,3.0529e-08,-1.1994e-05,1.9515e-07,3.0529e-08
1.085e-05,-1.085e-05,-2.0151e-07,2.6995e-07,2.6748e-07,3.897e-07,-1.0127e-08,-2.0151e-07,2.6995e-07,-7.5939e-09,-2.0151e-07,2.6995e-07,-7.5939e-09
-2.064e-06,2.064e-06,-3.4393e-06,1.9159e-07,3.4268e-06,-3.1708e-07,1.9266e-09,-3.4393e-06,1.9159e-07,4.6313e-09,-3.4393e-06,1.9159e-07,4.6313e-09
5.0198e-06,-5.0198e-06,-6.6467e-06,6.7302e-08,6.6773e-06,2.379e-07,-4.6855e-09,-6.6467e-06,6.7302e-08,1.816e-08,-6.6467e-06,6.7302e-08,1.816e-08
1.209e-05,-1.209e-05,-9.8542e-06,2.9275e-07,9.9277e-06,4.4232e-07,-1.1285e-08,-9.8542e-06,2.9275e-07,2.1057e-08,-9.8542e-06,2.9275e-07,2.1057e-08
-8.3161e-07,8.3161e-07,-1.3092e-05,1.6451e-07,1.3087e-05,-2.1507e-07,7.7623e-10,-1.3092e-05,1.6451e-07,3.4799e-08,-1.3092e-05,1.6451e-07,3.4799e-08
6.2218e-06,-6.2218e-06,-1.2995e-06,1.3925e-07,1.3374e-06,2.3904e-07,-5.8075e-09,-1.2995e-06,1.3925e-07,-2.8262e-10,-1.2995e-06,1.3925e-07,-2.8262e-10
1.3275e-05,-1.3275e-05,-4.507e-06,2.1437e-07,4.5877e-06,5.9276e-07,-1.2391e-08,-4.507e-06,2.1437e-07,7.1844e-09,-4.507e-06,2.1437e-07,7.1844e-09
3.3213e-07,-3.3213e-07,-7.7449e-06,1.8565e-07,7.7469e-06,-1.6546e-07,-3.1001e-10,-7.7449e-06,1.8565e-07,1.7901e-08,-7.7449e-06,1.8565e-07,1.7901e-08
7.3825e-06,-7.3825e-06,-1.0952e-05,1.6091e-07,1.0997e-05,2.8795e-07,-6.8909e-09,-1.0952e-05,1.6091e-07,2.8404e-08,-1.0952e-05,1.6091e-07,2.8404e-08
1.4403e-05,-1.4403e-05,8.4039e-07,2.3505e-07,-7.5282e-07,6.4063e-07,-1.3443e-08,8.4039e-07,2.3505e-07,-9.7002e-09,8.4039e-07,2.3505e-07,-9.7002e-09
1.4419e-06,-1.4419e-06,-2.3975e-06,2.0593e-07,2.4063e-06,-1.1826e-07,-1.3459e-09,-2.3975e-06,2.0593e-07,1.0281e-09,-2.3975e-06,2.0593e-07,1.0281e-09
8.4741e-06,-8.4741e-06,-5.605e-06,1.8078e-07,5.6565e-06,3.3444e-07,-7.9097e-09,-5.605e-06,1.8078e-07,1.1543e-08,-5.605e-06,1.8078e-07,1.1543e-08
1.5487e-05,-1.5487e-05,-8.8125e-06,3.0535e-07,8.9067e-06,6.3624e-07,-1.4455e-08,-8.8125e-06,3.0535e-07,1.7508e-08,-8.8125e-06,3.0535e-07,1.7508e-08
2.4971e-06,-2.4971e-06,-1.205e-05,1.2607e-07,1.2066e-05,2.5751e-08,-2.3308e-09,-1.205e-05,1.2607e-07,3.2801e-08,-1.205e-05,1.2607e-07,3.2801e-08
9.4807e-06,-9.4807e-06,-2.5784e-07,1.9969e-07,3.1548e-07,3.7674e-07,-8.8493e-09,-2.5784e-07,1.9969e-07,-5.2867e-09,-2.5784e-07,1.9969e-07,-5.2867e-09
1.646e-05,-1.646e-05,-3.4655e-06,4.2357e-07,3.5655e-06,5.7718e-07,-1.5364e-08,-3.4655e-06,4.2357e-07,-2.3417e-09,-3.4655e-06,4.2357e-07,-2.3417e-09
3.4412e-06,-3.4412e-06,-6.7035e-06,2.9368e-07,6.7244e-06,-8.4451e-08,-3.2121e-09,-6.7035e-06,2.9368e-07,1.1451e-08,-6.7035e-06,2.9368e-07,1.1451e-08
1.0411e-05,-1.0411e-05,-9.9111e-06,4.176e-07,9.9744e-06,2.154e-07,-9.7178e-09,-9.9111e-06,4.176e-07,1.7435e-08,-9.9111e-06,4.176e-07,1.7435e-08
-2.6533e-06,2.6533e-06,-8.1492e-06,8.7021e-08,8.133e-06,-2.4834e-07,2.4766e-09,-8.1492e-06,8.7021e-08,2.2128e-08,-8.1492e-06,8.7021e-08,2.2128e-08
4.2772e-06,-4.2772e-06,-6.3568e-06,2.1036e-07,6.3829e-06,4.9696e-08,-3.9923e-09,-6.3568e-06,2.1036e-07,1.293e-08,-6.3568e-06,2.1036e-07,1.293e-08
1.1197e-05,-1.1197e-05,-4.5645e-06,1.8353e-07,4.6326e-06,4.9725e-07,-1.0451e-08,-4.5645e-06,1.8353e-07,8.2966e-09,-4.5645e-06,1.8353e-07,8.2966e-09
-1.8749e-06,1.8749e-06,-2.8026e-06,2.8659e-09,2.7912e-06,-1.1686e-07,1.75e-09,-2.8026e-06,2.8659e-09,8.4327e-09,-2.8026e-06,2.8659e-09,8.4327e-09
5.048e-06,-5.048e-06,-1.0103e-06,7.6006e-08,1.041e-06,2.3091e-07,-4.7118e-09,-1.0103e-06,7.6006e-08,7.6068e-10,-1.0103e-06,7.6006e-08,7.6068e-10
1.1957e-05,-1.1957e-05,7.8198e-07,2.9881e-07,-7.0928e-07,4.2819e-07,-1.1161e-08,7.8198e-07,2.9881e-07,-1.1461e-08,7.8198e-07,2.9881e-07,-1.1461e-08
-1.1255e-06,1.1255e-06,2.5439e-06,1.6781e-07,-2.5507e-06,-2.3624e-07,1.0506e-09,2.5439e-06,1.6781e-07,-1.2835e-08,2.5439e-06,1.6781e-07,-1.2835e-08
5.7822e-06,-5.7822e-06,4.3362e-06,1.406e-07,-4.301e-06,2.1095e-07,-5.3971e-09,4.3362e-06,1.406e-07,-1.7456e-08,4.3362e-06,1.406e-07,-1.7456e-08
1.2675e-05,-1.2675e-05,6.1284e-06,2.1308e-07,-6.0514e-06,5.5754e-07,-1.1831e-08,6.1284e-06,2.1308e-07,-2.5108e-08,6.1284e-06,2.1308e-07,-2.5108e-08
-4.2877e-07,4.2877e-07,7.8903e-06,1.8161e-07,-7.8929e-06,-2.0768e-07,4.0022e-10,7.8903e-06,1.8161e-07,-2.9507e-08,7.8903e-06,1.8161e-07,-2.9507e-08
6.4607e-06,-6.4607e-06,9.6825e-06,1.54e-07,-9.6433e-06,2.3881e-07,-6.0305e-09,9.6825e-06,1.54e-07,-3.4117e-08,9.6825e-06,1.54e-07,-3.4117e-08
1.3335e-05,-1.3335e-05,1.1475e-05,2.2608e-07,-1.1394e-05,5.8469e-07,-1.2447e-08,1.1475e-05,2.2608e-07,-4.1756e-08,1.1475e-05,2.2608e-07,-4.1756e-08
2.2821e-07,-2.2821e-07,-1.7631e-06,1.9513e-07,1.7645e-06,-1.8125e-07,-2.1301e-10,-1.7631e-06,1.9513e-07,-5.7218e-10,-1.7631e-06,1.9513e-07,-5.7218e-10
7.0995e-06,-7.0995e-06,2.913e-08,1.6746e-07,1.4035e-08,2.6419e-07,-6.6267e-09,2.913e-08,1.6746e-07,-5.1794e-09,2.913e-08,1.6746e-07,-5.1794e-09
1.3956e-05,-1.3956e-05,1.8213e-06,2.3948e-07,-1.7365e-06,6.0902e-07,-1.3026e-08,1.8213e-06,2.3948e-07,-1.2817e-08,1.8213e-06,2.3948e-07,-1.2817e-08
8.158e-07,-8.158e-07,3.5831e-06,2.0756e-07,-3.5782e-06,-1.5796e-07,-7.6147e-10,3.5831e-06,2.0756e-07,-1.7202e-08,3.5831e-06,2.0756e-07,-1.7202e-08
7.6689e-06,-7.6689e-06,5.3753e-06,1.7949e-07,-5.3287e-06,2.8678e-07,-7.1581e-09,5.3753e-06,1.7949e-07,-2.1797e-08,5.3753e-06,1.7949e-07,-2.1797e-08
1.4507e-05,-1.4507e-05,7.1675e-06,2.5111e-07,-7.0793e-06,6.309e-07,-1.3541e-08,7.1675e-06,2.5111e-07,-2.9423e-08,7.1675e-06,2.5111e-07,-2.9423e-08
1.3486e-06,-1.3486e-06,8.9293e-06,2.1878e-07,-8.9211e-06,-1.3679e-07,-1.2588e-09,8.9293e-06,2.1878e-07,-3.3796e-08,8.9293e-06,2.1878e-07,-3.3796e-08
8.1835e-06,-8.1835e-06,1.0721e-05,1.9031e-07,-1.0672e-05,3.0725e-07,-7.6385e-09,1.0721e-05,1.9031e-07,-3.8379e-08,1.0721e-05,1.9031e-07,-3.8379e-08
1.5014e-05,-1.5014e-05,-2.4866e-06,3.1236e-07,2.5779e-06,6.0048e-07,-1.4014e-08,-2.4866e-06,3.1236e-07,-1.9364e-09,-2.4866e-06,3.1236e-07,-1.9364e-09
1.8313e-06,-1.8313e-06,-7.2484e-07,7.9961e-08,7.3598e-07,3.1382e-08,-1.7093e-09,-7.2484e-07,7.9961e-08,-2.273e-10,-7.2484e-07,7.9961e-08,-2.273e-10
8.6419e-06,-8.6419e-06,1.0673e-06,2.5128e-07,-1.0147e-06,2.7414e-07,-8.0663e-09,1.0673e-06,2.5128e-07,-1.0884e-08,1.0673e-06,2.5128e-07,-1.0884e-08
1.5437e-05,-1.5437e-05,2.8594e-06,3.2234e-07,-2.7655e-06,6.1625e-07,-1.4409e-08,2.8594e-06,3.2234e-07,-1.8492e-08,2.8594e-06,3.2234e-07,-1.8492e-08
2.2315e-06,-2.2315e-06,4.6211e-06,1.3944e-07,-4.6075e-06,-3.7626e-09,-2.0829e-09,4.6211e-06,1.3944e-07,-1.8287e-08,4.6211e-06,1.3944e-07,-1.8287e-08
9.0148e-06,-9.0148e-06,6.4132e-06,2.1026e-07,-6.3584e-06,3.3784e-07,-8.4144e-09,6.4132e-06,2.1026e-07,-2.5888e-08,6.4132e-06,2.1026e-07,-2.5888e-08
1.5778e-05,-1.5778e-05,8.2052e-06,4.3065e-07,-8.1093e-06,5.2867e-07,-1.4728e-08,8.2052e-06,4.3065e-07,-3.8036e-08,8.2052e-06,4.3065e-07,-3.8036e-08
2.5437e-06,-2.5437e-06,9.9669e-06,2.9714e-07,-9.9514e-06,-1.4248e-07,-2.3743e-09,9.9669e-06,2.9714e-07,-3.9332e-08,9.9669e-06,2.9714e-07,-3.9332e-08
9.3027e-06,-9.3027e-06,1.1759e-05,3.6743e-07,-1.1702e-05,1.9818e-07,-8.6831e-09,1.1759e-05,3.6743e-07,-4.6917e-08,1.1759e-05,3.6743e-07,-4.6917e-08
1.6057e-05,-1.6057e-05,-1.449e-06,3.883e-07,1.5466e-06,5.8797e-07,-1.4988e-08,-1.449e-06,3.883e-07,-7.3994e-09,-1.449e-06,3.883e-07,-7.3994e-09
2.7984e-06,-2.7984e-06,3.1264e-07,2.5466e-07,-2.9563e-07,-8.4514e-08,-2.612e-09,3.1264e-07,2.5466e-07,-8.692e-09,3.1264e-07,2.5466e-07,-8.692e-09
9.5285e-06,-9.5285e-06,2.1046e-06,3.7472e-07,-2.0467e-06,2.0462e-07,-8.894e-09,2.1046e-06,3.7472e-07,-1.779e-08,2.1046e-06,3.7472e-07,-1.779e-08
1.6242e-05,-1.6242e-05,3.8966e-06,3.4452e-07,-3.7978e-06,6.4299e-07,-1.516e-08,3.8966e-06,3.4452e-07,-2.2319e-08,3.8966e-06,3.4452e-07,-2.2319e-08
2.9576e-06,-2.9576e-06,5.6582e-06,1.604e-07,-5.6402e-06,1.9426e-08,-2.7606e-09,5.6582e-06,1.604e-07,-2.2077e-08,5.6582e-06,1.604e-07,-2.2077e-08
9.6619e-06,-9.6619e-06,7.4502e-06,2.2999e-07,-7.3914e-06,3.5746e-07,-9.0185e-09,7.4502e-06,2.2999e-07,-2.964e-08,7.4502e-06,2.2999e-07,-2.964e-08
1.6346e-05,-1.6346e-05,9.2421e-06,4.4915e-07,-9.1427e-06,5.4472e-07,-1.5258e-08,9.2421e-06,4.4915e-07,-4.175e-08,9.2421e-06,4.4915e-07,-4.175e-08
3.0328e-06,-3.0328e-06,1.1004e-05,3.1441e-07,-1.0985e-05,-1.3002e-07,-2.8308e-09,1.1004e-05,3.1441e-07,-4.3009e-08,1.1004e-05,3.1441e-07,-4.3009e-08
9.7235e-06,-9.7235e-06,-2.2041e-06,2.3439e-07,2.2633e-06,3.5679e-07,-9.0759e-09,-2.2041e-06,2.3439e-07,-4.2501e-10,-2.2041e-06,2.3439e-07,-4.2501e-10
1.6382e-05,-1.6382e-05,-4.1222e-07,4.0341e-07,5.1182e-07,5.9264e-07,-1.5291e-08,-4.1222e-07,4.0341e-07,-1.101e-08,-4.1222e-07,4.0341e-07,-1.101e-08
3.043e-06,-3.043e-06,1.3493e-06,2.1854e-07,-1.3308e-06,-3.3524e-08,-2.8403e-09,1.3493e-06,2.1854e-07,-1.0745e-08,1.3493e-06,2.1854e-07,-1.0745e-08
9.6927e-06,-9.6927e-06,3.1412e-06,2.8738e-07,-3.0823e-06,3.0193e-07,-9.0472e-09,3.1412e-06,2.8738e-07,-1.8286e-08,3.1412e-06,2.8738e-07,-1.8286e-08
1.6323e-05,-1.6323e-05,4.933e-06,5.058e-07,-4.8338e-06,4.8662e-07,-1.5236e-08,4.933e-06,5.058e-07,-3.0373e-08,4.933e-06,5.058e-07,-3.0373e-08
2.9551e-06,-2.9551e-06,6.6945e-06,1.7042e-07,-6.6765e-06,9.2512e-09,-2.7583e-09,6.6945e-06,1.7042e-07,-2.5532e-08,6.6945e-06,1.7042e-07,-2.5532e-08
9.5759e-06,-9.5759e-06,8.4863e-06,2.8869e-07,-8.4281e-06,2.9353e-07,-8.9382e-09,8.4863e-06,2.8869e-07,-3.4575e-08,8.4863e-06,2.8869e-07,-3.4575e-08
1.6185e-05,-1.6185e-05,1.0278e-05,4.0671e-07,-1.018e-05,5.7732e-07,-1.5107e-08,1.0278e-05,4.0671e-07,-4.3609e-08,1.0278e-05,4.0671e-07,-4.3609e-08
2.8111e-06,-2.8111e-06,-2.9604e-06,1.7178e-07,2.9775e-06,-8.7158e-10,-2.6239e-09,-2.9604e-06,1.7178e-07,3.7773e-09,-2.9604e-06,1.7178e-07,3.7773e-09
9.4107e-06,-9.4107e-06,-1.1686e-06,1.9e-07,1.2258e-06,3.8217e-07,-8.784e-09,-1.1686e-06,1.9e-07,-2.2235e-09,-1.1686e-06,1.9e-07,-2.2235e-09
1.5991e-05,-1.5991e-05,6.2318e-07,3.578e-07,-5.2596e-07,6.1442e-07,-1.4926e-08,6.2318e-07,3.578e-07,-1.2772e-08,6.2318e-07,3.578e-07,-1.2772e-08
2.573e-06,-2.573e-06,2.3846e-06,1.7173e-07,-2.3689e-06,-1.5287e-08,-2.4017e-09,2.3846e-06,1.7173e-07,-1.247e-08,2.3846e-06,1.7173e-07,-1.247e-08
9.1438e-06,-9.1438e-06,4.1763e-06,2.3936e-07,-4.1208e-06,3.1658e-07,-8.5348e-09,4.1763e-06,2.3936e-07,-1.9973e-08,4.1763e-06,2.3936e-07,-1.9973e-08
1.5695e-05,-1.5695e-05,5.968e-06,4.5657e-07,-5.8726e-06,4.9768e-07,-1.465e-08,5.968e-06,4.5657e-07,-3.2022e-08,5.968e-06,4.5657e-07,-3.2022e-08
2.2527e-06,-2.2527e-06,7.7293e-06,2.6998e-07,-7.7157e-06,-1.3301e-07,-2.1027e-09,7.7293e-06,2.6998e-07,-3.1704e-08,7.7293e-06,2.6998e-07,-3.1704e-08
8.8037e-06,-8.8037e-06,9.521e-06,2.8719e-07,-9.4675e-06,2.4808e-07,-8.2174e-09,9.521e-06,2.8719e-07,-3.7674e-08,9.521e-06,2.8719e-07,-3.7674e-08
1.534e-05,-1.534e-05,1.1313e-05,4.0408e-07,-1.1219e-05,5.2857e-07,-1.4318e-08,1.1313e-05,4.0408e-07,-4.6674e-08,1.1313e-05,4.0408e-07,-4.6674e-08
1.8932e-06,-1.8932e-06,-1.9258e-06,1.6803e-07,1.9373e-06,-5.2919e-08,-1.7671e-09,-1.9258e-06,1.6803e-07,7.4642e-10,-1.9258e-06,1.6803e-07,7.4642e-10
8.4199e-06,-8.4199e-06,-1.3409e-07,1.8512e-07,1.8528e-07,3.2682e-07,-7.8592e-09,-1.3409e-07,1.8512e-07,-5.2199e-09,-1.3409e-07,1.8512e-07,-5.2199e-09
1.4927e-05,-1.4927e-05,1.6576e-06,3.5179e-07,-1.5668e-06,5.5577e-07,-1.3933e-08,1.6576e-06,3.5179e-07,-1.5733e-08,1.6576e-06,3.5179e-07,-1.5733e-08
1.4362e-06,-1.4362e-06,3.4189e-06,1.6458e-07,-3.4101e-06,-7.726e-08,-1.3405e-09,3.4189e-06,1.6458e-07,-1.5397e-08,3.4189e-06,1.6458e-07,-1.5397e-08
7.9341e-06,-7.9341e-06,5.2105e-06,2.3108e-07,-5.1623e-06,2.5131e-07,-7.4057e-09,5.2105e-06,2.3108e-07,-2.2865e-08,5.2105e-06,2.3108e-07,-2.2865e-08
1.4417e-05,-1.4417e-05,7.0021e-06,3.9725e-07,-6.9145e-06,4.7929e-07,-1.3457e-08,7.0021e-06,3.9725e-07,-3.3363e-08,7.0021e-06,3.9725e-07,-3.3363e-08
9.0644e-07,-9.0644e-07,8.7634e-06,1.5963e-07,-8.7578e-06,-1.0452e-07,-8.4607e-10,8.7634e-06,1.5963e-07,-3.1493e-08,8.7634e-06,1.5963e-07,-3.1493e-08
7.3892e-06,-7.3892e-06,1.0555e-05,1.2583e-07,-1.051e-05,3.2343e-07,-6.8971e-09,1.0555e-05,1.2583e-07,-3.5912e-08,1.0555e-05,1.2583e-07,-3.5912e-08
1.3867e-05,-1.3867e-05,-2.6533e-06,2.4255e-07,2.7377e-06,6.0059e-07,-1.2944e-08,-2.6533e-06,2.4255e-07,6.9275e-10,-2.6533e-06,2.4255e-07,6.9275e-10
3.3671e-07,-3.3671e-07,-8.921e-07,1.5481e-07,8.9414e-07,-1.3434e-07,-3.1429e-10,-8.921e-07,1.5481e-07,-1.9943e-09,-8.921e-07,1.5481e-07,-1.9943e-09
6.7997e-06,-6.7997e-06,8.9952e-07,7.0954e-08,-8.5817e-07,3.4247e-07,-6.3469e-09,8.9952e-07,7.0954e-08,-4.8915e-09,8.9952e-07,7.0954e-08,-4.8915e-09
1.3248e-05,-1.3248e-05,2.6911e-06,2.8671e-07,-2.6105e-06,5.1874e-07,-1.2365e-08,2.6911e-06,2.8671e-07,-1.6897e-08,2.6911e-06,2.8671e-07,-1.6897e-08
-3.0051e-07,3.0051e-07,4.4523e-06,1.9858e-07,-4.4541e-06,-2.1685e-07,2.8049e-10,4.4523e-06,1.9858e-07,-1.9572e-08,4.4523e-06,1.9858e-07,-1.9572e-08
6.1443e-06,-6.1443e-06,6.2439e-06,1.1431e-07,-6.2065e-06,2.5926e-07,-5.7351e-09,6.2439e-06,1.1431e-07,-2.2456e-08,6.2439e-06,1.1431e-07,-2.2456e-08
1.2574e-05,-1.2574e-05,8.0354e-06,1.2975e-07,-7.959e-06,6.3475e-07,-1.1736e-08,8.0354e-06,1.2975e-07,-2.8372e-08,8.0354e-06,1.2975e-07,-2.8372e-08
-9.9272e-07,9.9272e-07,9.7966e-06,4.1244e-08,-9.8026e-06,-1.016e-07,9.2661e-10,9.7966e-06,4.1244e-08,-3.1035e-08,9.7966e-06,4.1244e-08,-3.1035e-08
5.4384e-06,-5.4384e-06,1.1588e-05,1.0661e-07,-1.1555e-05,2.2404e-07,-5.0762e-09,1.1588e-05,1.0661e-07,-3.8469e-08,1.1588e-05,1.0661e-07,-3.8469e-08
1.1866e-05,-1.1866e-05,-1.6204e-06,1.7257e-07,1.6925e-06,5.4891e-07,-1.1076e-08,-1.6204e-06,1.7257e-07,-3.2018e-10,-1.6204e-06,1.7257e-07,-3.2018e-10
-1.7174e-06,1.7174e-06,1.4075e-07,1.3399e-07,-1.512e-07,-2.3841e-07,1.603e-09,1.4075e-07,1.3399e-07,-4.5013e-09,1.4075e-07,1.3399e-07,-4.5013e-09
4.6925e-06,-4.6925e-06,1.9323e-06,9.9284e-08,-1.9038e-06,1.8602e-07,-4.38e-09,1.9323e-06,9.9284e-08,-8.8924e-09,1.9323e-06,9.9284e-08,-8.8924e-09
1.1092e-05,-1.1092e-05,3.7238e-06,3.1427e-07,-3.6564e-06,3.6011e-07,-1.0353e-08,3.7238e-06,3.1427e-07,-2.0874e-08,3.7238e-06,3.1427e-07,-2.0874e-08
-2.5051e-06,2.5051e-06,5.4849e-06,2.5457e-08,-5.5002e-06,-1.7777e-07,2.3382e-09,5.4849e-06,2.5457e-08,-1.7448e-08,5.4849e-06,2.5457e-08,-1.7448e-08
1.0287e-05,-1.0287e-05,9.0679e-06,2.5543e-07,-9.0054e-06,3.7004e-07,-9.6022e-09,9.0679e-06,2.5543e-07,-3.5331e-08,9.0679e-06,2.5543e-07,-3.5331e-08
2.3049e-05,-2.3049e-05,1.2651e-05,2.8489e-07,-1.2511e-05,1.1165e-06,-2.1514e-08,1.2651e-05,2.8489e-07,-4.7119e-08,1.2651e-05,2.8489e-07,-4.7119e-08
-4.1816e-06,4.1816e-06,1.6173e-05,1.0647e-07,-1.6199e-05,-3.6071e-07,3.9031e-09,1.6173e-05,1.0647e-07,-5.2403e-08,1.6173e-05,1.0647e-07,-5.2403e-08
8.5835e-06,-8.5835e-06,1.9756e-05,2.358e-07,-1.9704e-05,2.8607e-07,-8.0118e-09,1.9756e-05,2.358e-07,-6.7227e-08,1.9756e-05,2.358e-07,-6.7227e-08
2.1312e-05,-2.1312e-05,2.3339e-05,3.6447e-07,-2.3209e-05,9.3131e-07,-1.9893e-08,2.3339e-05,3.6447e-07,-8.203e-08,2.3339e-05,3.6447e-07,-8.203e-08
-5.9125e-06,5.9125e-06,-3.1388e-06,1.8727e-07,3.1029e-06,-5.4675e-07,5.5187e-09,-3.1388e-06,1.8727e-07,3.8491e-09,-3.1388e-06,1.8727e-07,3.8491e-09
6.8283e-06,-6.8283e-06,4.4413e-07,3.1666e-07,-4.0261e-07,9.8496e-08,-6.3735e-09,4.4413e-07,3.1666e-07,-1.0977e-08,4.4413e-07,3.1666e-07,-1.0977e-08
1.9542e-05,-1.9542e-05,4.027e-06,3.456e-07,-3.9082e-06,8.4253e-07,-1.824e-08,4.027e-06,3.456e-07,-2.2749e-08,4.027e-06,3.456e-07,-2.2749e-08
3.2216e-05,-3.2216e-05,7.6098e-06,6.7372e-07,-7.4139e-06,1.285e-06,-3.007e-08,7.6098e-06,6.7372e-07,-4.3615e-08,7.6098e-06,6.7372e-07,-4.3615e-08
4.8943e-06,-4.8943e-06,1.1132e-05,2.9408e-07,-1.1102e-05,3.5007e-09,-4.5684e-09,1.1132e-05,2.9408e-07,-4.2781e-08,1.1132e-05,2.9408e-07,-4.2781e-08
1.755e-05,-1.755e-05,1.4715e-05,4.2186e-07,-1.4608e-05,6.4519e-07,-1.6381e-08,1.4715e-05,4.2186e-07,-5.7557e-08,1.4715e-05,4.2186e-07,-5.7557e-08
3.0166e-05,-3.0166e-05,1.8298e-05,8.4878e-07,-1.8114e-05,9.8533e-07,-2.8157e-08,1.8298e-05,8.4878e-07,-8.1428e-08,1.8298e-05,8.4878e-07,-8.1428e-08
2.7958e-06,-2.7958e-06,2.182e-05,4.681e-07,-2.1803e-05,-2.9812e-07,-2.6096e-09,2.182e-05,4.681e-07,-8.0562e-08,2.182e-05,4.681e-07,-8.0562e-08
1.5443e-05,-1.5443e-05,-4.5971e-06,4.9689e-07,4.691e-06,4.4202e-07,-1.4414e-08,-4.5971e-06,4.9689e-07,-1.1301e-09,-4.5971e-06,4.9689e-07,-1.1301e-09
2.8029e-05,-2.8029e-05,-1.0144e-06,7.2388e-07,1.1848e-06,9.8028e-07,-2.6162e-08,-1.0144e-06,7.2388e-07,-1.8922e-08,-1.0144e-06,7.2388e-07,-1.8922e-08
6.2842e-07,-6.2842e-07,2.5075e-06,1.4331e-07,-2.5037e-06,-1.0511e-07,-5.8657e-10,2.5075e-06,1.4331e-07,-1.198e-08,2.5075e-06,1.4331e-07,-1.198e-08
1.3214e-05,-1.3214e-05,6.0902e-06,3.7022e-07,-6.0099e-06,4.3322e-07,-1.2334e-08,6.0902e-06,3.7022e-07,-2.9769e-08,6.0902e-06,3.7022e-07,-2.9769e-08
2.577e-05,-2.577e-05,9.6728e-06,3.9652e-07,-9.5162e-06,1.1703e-06,-2.4053e-08,9.6728e-06,3.9652e-07,-4.146e-08,9.6728e-06,3.9652e-07,-4.146e-08
-1.667e-06,1.667e-06,1.3195e-05,2.1495e-07,-1.3205e-05,-3.163e-07,1.556e-09,1.3195e-05,2.1495e-07,-4.6646e-08,1.3195e-05,2.1495e-07,-4.6646e-08
1.0883e-05,-1.0883e-05,1.6778e-05,4.113e-08,-1.6711e-05,6.2053e-07,-1.0158e-08,1.6778e-05,4.113e-08,-5.2254e-08,1.6778e-05,4.113e-08,-5.2254e-08
2.3402e-05,-2.3402e-05,2.036e-05,4.6654e-07,-2.0218e-05,9.5632e-07,-2.1844e-08,2.036e-05,4.6654e-07,-7.6078e-08,2.036e-05,4.6654e-07,-7.6078e-08
-4.123e-06,4.123e-06,3.8819e-06,1.8434e-07,-3.9069e-06,-4.3502e-07,3.8484e-09,3.8819e-06,1.8434e-07,-1.7405e-08,3.8819e-06,1.8434e-07,-1.7405e-08
8.3416e-06,-8.3416e-06,-1.2536e-05,4.1019e-07,1.2586e-05,9.6976e-08,-7.786e-09,-1.2536e-05,4.1019e-07,2.5638e-08,-1.2536e-05,4.1019e-07,2.5638e-08
2.0785e-05,-2.0785e-05,-2.8953e-05,3.3619e-07,2.908e-05,9.2754e-07,-1.9401e-08,-2.8953e-05,3.3619e-07,7.7798e-08,-2.8953e-05,3.3619e-07,7.7798e-08
-6.7856e-06,6.7856e-06,-1.5431e-05,-4.6872e-08,1.539e-05,-3.6569e-07,6.3337e-09,-1.5431e-05,-4.6872e-08,4.8337e-08,-1.5431e-05,-4.6872e-08,4.8337e-08
5.6334e-06,-5.6334e-06,-1.8486e-06,7.7813e-08,1.8829e-06,2.647e-07,-5.2582e-09,-1.8486e-06,7.7813e-08,3.2543e-09,-1.8486e-06,7.7813e-08,3.2543e-09
1.8025e-05,-1.8025e-05,1.1734e-05,5.016e-07,-1.1624e-05,5.9432e-07,-1.6825e-08,1.1734e-05,5.016e-07,-5.0919e-08,1.1734e-05,5.016e-07,-5.0919e-08
3.0377e-05,-3.0377e-05,2.5316e-05,8.2442e-07,-2.5131e-05,1.0225e-06,-2.8354e-08,2.5316e-05,8.2442e-07,-1.0202e-07,2.5316e-05,8.2442e-07,-1.0202e-07
2.7639e-06,-2.7639e-06,8.8376e-06,4.411e-07,-8.8208e-06,-2.7305e-07,-2.5799e-09,8.8376e-06,4.411e-07,-4.0276e-08,8.8376e-06,4.411e-07,-4.0276e-08
1.5168e-05,-1.5168e-05,2.4201e-06,4.6585e-07,-2.3279e-06,4.5635e-07,-1.4158e-08,2.4201e-06,4.6585e-07,-2.1519e-08,2.4201e-06,4.6585e-07,-2.1519e-08
2.7541e-05,-2.7541e-05,-3.9975e-06,6.9019e-07,4.1649e-06,9.8433e-07,-2.5707e-08,-3.9975e-06,6.9019e-07,-8.8296e-09,-3.9975e-06,6.9019e-07,-8.8296e-09
-7.2052e-08,7.2052e-08,-1.0476e-05,1.072e-07,1.0475e-05,-1.1158e-07,6.7249e-11,-1.0476e-05,1.072e-07,2.8587e-08,-1.0476e-05,1.072e-07,2.8587e-08
1.2301e-05,-1.2301e-05,-1.6893e-05,3.3192e-07,1.6968e-05,4.1601e-07,-1.1482e-08,-1.6893e-05,3.3192e-07,4.1266e-08,-1.6893e-05,3.3192e-07,4.1266e-08
2.4644e-05,-2.4644e-05,-2.3311e-05,3.5636e-07,2.346e-05,1.142e-06,-2.3003e-08,-2.3311e-05,3.5636e-07,6.0031e-08,-2.3311e-05,3.5636e-07,6.0031e-08
-3.0359e-06,3.0359e-06,2.107e-07,1.7131e-07,-2.2917e-07,-3.5589e-07,2.8337e-09,2.107e-07,1.7131e-07,-5.8485e-09,2.107e-07,1.7131e-07,-5.8485e-09
9.3103e-06,-9.3103e-06,-6.2069e-06,2.954e-07,6.2635e-06,2.7067e-07,-8.6902e-09,-6.2069e-06,2.954e-07,9.8888e-09,-6.2069e-06,2.954e-07,9.8888e-09
2.162e-05,-2.162e-05,-1.2625e-05,4.1906e-07,1.2756e-05,8.9544e-07,-2.018e-08,-1.2625e-05,4.1906e-07,2.5639e-08,-1.2625e-05,4.1906e-07,2.5639e-08
-6.0538e-06,6.0538e-06,-1.9103e-05,2.3523e-07,1.9066e-05,-6.033e-07,5.6506e-09,-1.9103e-05,2.3523e-07,5.0923e-08,-1.9103e-05,2.3523e-07,5.0923e-08
6.259e-06,-6.259e-06,-2.5521e-05,5.9382e-08,2.5559e-05,3.2117e-07,-5.8422e-09,-2.5521e-05,5.9382e-08,7.5777e-08,-2.5521e-05,5.9382e-08,7.5777e-08
1.852e-05,-1.852e-05,-1.9388e-06,3.8132e-07,2.0514e-06,7.447e-07,-1.7287e-08,-1.9388e-06,3.8132e-07,-5.6982e-09,-1.9388e-06,3.8132e-07,-5.6982e-09
3.0802e-05,-3.0802e-05,1.6435e-06,6.0393e-07,-1.4562e-06,1.2689e-06,-2.8751e-08,1.6435e-06,6.0393e-07,-2.3356e-08,1.6435e-06,6.0393e-07,-2.3356e-08
3.0918e-06,-3.0918e-06,5.165e-06,2.1879e-07,-5.1462e-06,-3.0809e-08,-2.8859e-09,5.165e-06,2.1879e-07,-2.2353e-08,5.165e-06,2.1879e-07,-2.2353e-08
1.5353e-05,-1.5353e-05,8.7472e-06,1.4109e-07,-8.6539e-06,7.9237e-07,-1.433e-08,8.7472e-06,1.4109e-07,-3.0881e-08,8.7472e-06,1.4109e-07,-3.0881e-08
2.7584e-05,-2.7584e-05,1.2329e-05,6.6259e-07,-1.2162e-05,1.0145e-06,-2.5747e-08,1.2329e-05,6.6259e-07,-5.7624e-08,1.2329e-05,6.6259e-07,-5.7624e-08
-1.8694e-07,1.8694e-07,1.5851e-05,2.7629e-07,-1.5852e-05,-2.8765e-07,1.7449e-10,1.5851e-05,2.7629e-07,-5.6585e-08,1.5851e-05,2.7629e-07,-5.6585e-08
1.2029e-05,-1.2029e-05,1.9433e-05,2.976e-07,-1.936e-05,4.3375e-07,-1.1228e-08,1.9433e-05,2.976e-07,-6.8123e-08,1.9433e-05,2.976e-07,-6.8123e-08
2.4214e-05,-2.4214e-05,2.3015e-05,5.1827e-07,-2.2868e-05,9.5396e-07,-2.2602e-08,2.3015e-05,5.1827e-07,-8.5721e-08,2.3015e-05,5.1827e-07,-8.5721e-08
-3.5478e-06,3.5478e-06,-3.4634e-06,2.3322e-07,3.4419e-06,-4.4893e-07,3.3115e-09,-3.4634e-06,2.3322e-07,3.4389e-09,-3.4634e-06,2.3322e-07,3.4389e-09
8.6496e-06,-8.6496e-06,1.1874e-07,5.48e-08,-6.615e-08,4.711e-07,-8.0736e-09,1.1874e-07,5.48e-08,-2.0269e-09,1.1874e-07,5.48e-08,-2.0269e-09
