69.766
0.65295
0.32517
0.27304
0.13457
0.72052
0.98363
0.21908
0.32722
0.21828
0.027421
0.088473
0.051166
0.0034273
3.2297
3.2115
1.6065
0.80317
0.40189
0.20108
0.10064
0.025226
0.022594
0.016424
0.0059456
0.0013459
0.0030734
0.0015646
0.00052926
0.00018783
0.00038297
0.00015535
7.1333e-05
4.3119e-05
2.0447e-05
1.2093e-05
1.2083e-05
1.2077e-05
2.1114e-05
2.5979e-05
1.2053e-05
1.2052e-05
1.2026e-05
2.1083e-05
2.596e-05
1.2011e-05
1.2006e-05
1.2006e-05
2.107e-05
2.5926e-05
1.1982e-05
1.1976e-05
2.106e-05
2.593e-05
1.1947e-05
1.1951e-05
1.192e-05
2.1023e-05
2.5913e-05
1.1909e-05
1.1905e-05
1.1905e-05
2.1012e-05
2.588e-05
1.1881e-05
1.1874e-05
2.0999e-05
2.5887e-05
1.1853e-05
1.1857e-05
1.1826e-05
2.097e-05
2.5847e-05
1.1795e-05
1.179e-05
2.0865e-05
1.0432e-05
1.0429e-05
1.0428e-05
1.0421e-05
1.0415e-05
1.0416e-05
1.0406e-05
1.0404e-05
1.0389e-05
1.0382e-05
1.038e-05
2.0215e-05
2.4062e-05
1.0355e-05
1.0341e-05
1.0333e-05
1.0331e-05
1.0317e-05
1.0309e-05
2.0159e-05
2.4004e-05
1.0277e-05
1.0275e-05
1.0256e-05
1.025e-05
1.025e-05
1.0221e-05
1.0213e-05
2.011e-05
2.3964e-05
1.0182e-05
1.0181e-05
1.0151e-05
1.0145e-05
1.0146e-05
1.0117e-05
2.0055e-05
2.3956e-05
1.0079e-05
1.0073e-05
1.0074e-05
1.0044e-05
1.0038e-05
1.0029e-05
2.0035e-05
2.3912e-05
1.0005e-05
9.9744e-06
9.9687e-06
9.9696e-06
9.945e-06
9.9352e-06
9.9332e-06
1.9988e-05
2.3872e-05
9.9087e-06
9.8783e-06
9.8725e-06
9.866e-06
9.8511e-06
9.8431e-06
1.9925e-05
2.381e-05
9.8162e-06
9.8143e-06
9.7982e-06
9.7922e-06
9.7903e-06
9.7742e-06
9.7698e-06
1.9886e-05
2.3783e-05
9.7471e-06
9.7406e-06
9.7342e-06
1.9456e-05
1.9453e-05
1.9421e-05
1.9412e-05
1.9411e-05
3.9764e-05
4.7563e-05
1.9369e-05
1.937e-05
1.9309e-05
1.9297e-05
1.93e-05
1.9251e-05
3.9621e-05
4.75e-05
1.9197e-05
1.9185e-05
1.9181e-05
1.9149e-05
1.9137e-05
1.9134e-05
4.4224e-05
3.7303e-05
3.73e-05
5.0858e-05
3.2318e-05
3.2312e-05
3.2313e-05
4.7399e-05
2.1773e-05
2.177e-05
2.1745e-05
2.1734e-05
2.1731e-05
4.0819e-05
5.0834e-05
2.1694e-05
2.1685e-05
2.1664e-05
4.0852e-05
4.0852e-05
1.8795e-05
1.8774e-05
1.8758e-05
1.872e-05
1.8705e-05
1.8702e-05
3.9423e-05
4.7279e-05
