97.09
96.748
121.83
138.12
122.44
95.324
94.342
107.45
79.936
60.295
41.134
25.98
30.109
22.058
17.147
12.649
8.7019
5.7116
3.7837
2.6878
1.9894
1.457
0.98656
0.69507
0.50817
0.71417
0.55767
0.45131
0.34431
0.27146
0.2383
0.20992
0.18204
0.17178
0.18451
0.1826
0.16258
0.17433
0.16874
0.17299
0.16575
0.1599
0.16507
0.15907
0.15958
0.15915
0.15946
0.1604
0.1587
0.16019
0.15797
0.16218
0.15827
0.16264
0.15836
0.16173
0.15899
0.16042
0.15871
0.16027
0.1586
0.15895
0.15963
0.15898
0.15978
0.15841
0.16121
0.15797
0.16273
0.15848
0.16257
0.15881
0.16119
0.15832
0.15975
0.15897
0.1597
0.15892
0.15851
0.16015
0.15867
0.16165
0.15812
0.16198
0.15799
0.16195
0.15827
0.16223
0.15873
0.16048
0.15857
0.16036
0.1597
0.15925
0.15941
0.15824
0.16078
0.15851
0.1625
0.15812
0.16272
0.15876
0.16163
0.15831
0.16156
0.15822
0.1597
0.15913
0.15986
0.15987
0.15878
0.16033
0.15818
0.16204
0.1585
0.16357
0.15827
0.16194
0.15883
0.16051
0.15858
0.16043
0.15851
0.15916
0.1595
0.15947
0.16053
0.15858
0.16105
0.15813
0.16286
0.1586
0.16161
0.15816
0.16131
0.15816
0.15984
0.15884
0.15977
0.15882
0.15873
0.15996
0.1589
0.16157
0.15826
0.16192
0.15824
0.16218
0.15934
0.16105
0.15858
0.16073
0.15837
0.15926
0.15921
0.15927
0.1593
0.15848
0.16059
0.15786
0.16233
0.15823
0.16286
0.15848
0.16137
0.15938
0.16022
0.15873
0.16011
0.1589
0.15994
0.16024
0.15896
0.16113
0.15833
0.16136
0.15791
0.1624
0.15801
0.16328
0.15883
0.16066
0.15962
0.15957
0.15905
0.15966
0.15927
0.1595
0.16074
0.15872
0.16194
0.15819
0.16268
0.15887
0.16181
0.15833
0.16081
0.15884
0.16049
0.1588
