0.041472
0.041485
0.041609
0.041607
0.041604
0.041601
0.041598
0.041595
0.041592
0.041592
0.041589
0.041586
0.041583
0.04158
0.041577
0.041573
0.04157
0.041567
0.041564
0.041561
0.041558
0.041555
0.041552
0.041549
0.041546
0.041543
0.041541
0.041541
0.041541
0.041541
0.041541
0.041541
0.041541
0.041541
0.041541
0.041541
0.041541
0.041541
0.041541
0.041541
0.041541
0.041541
0.041541
0.041541
0.041541
0.041541
0.041541
0.041541
0.041541
0.041541
0.041541
0.041541
0.041541
0.041541
0.041541
0.041541
0.041541
0.041541
0.041541
0.041541
0.041541
0.041541
0.041541
0.041541
0.041541
0.041541
0.041541
0.04154
0.041537
0.041534
0.041531
0.041528
0.041525
0.04152
0.041517
0.041514
0.041508
0.041502
0.04149
0.041465
0.041441
0.041417
0.041392
0.041368
0.041319
0.041222
0.041125
0.041028
0.040931
0.040834
0.040737
0.04064
0.040447
0.040257
0.040066
0.039878
0.039691
0.039503
0.039319
0.039134
0.03895
