1.1,1.1,-0.15,-0.005,3.8738,-0.00019298,13.642
1.1,1.1,-0.15,0.0072696,-2.1569,-0.0023444,13.646
1.1,1.1,-0.15,0.0030938,-3.8802,0.0028762,13.687
1.0199,1.0642,-0.15,0.0039661,-3.1702,0.0041837,13.686
1.0484,0.97393,-0.15,0.00682,-1.305,0.00682,13.685
1.0477,0.97465,-0.15,0.0067967,0.20479,0.0067967,13.684
0.99141,1.0074,-0.15,0.0058013,0.78221,0.0058013,13.683
1.0193,0.98329,-0.15,0.0065344,0.60499,0.0065344,13.682
1.0052,0.9974,-0.15,0.0061055,0.13877,0.0061055,13.681
1.011,0.99439,-0.15,0.0061758,-0.0056,0.0061758,13.681
0.99689,0.99743,-0.15,0.0060835,-0.38309,0.0060835,13.68
1.0103,0.98406,-0.15,0.0064902,-0.45523,0.0064902,13.679
1.0044,0.98997,-0.15,0.0063105,-0.33874,0.0063105,13.678
0.97818,0.99043,-0.15,0.0062964,-0.18611,0.0062964,13.677
0.97237,0.96498,-0.15,0.00707,-0.091666,0.00707,13.676
0.97503,0.94667,-0.15,0.0076266,-0.073624,0.0076266,13.675
0.96744,0.94656,-0.15,0.0076297,-0.10286,0.0076297,13.674
0.96353,0.94658,-0.15,0.0076292,-0.14104,0.0076292,13.673
0.96166,0.94646,-0.15,0.0076329,-0.16461,0.0076329,13.672
0.96071,0.9464,-0.15,0.0076346,-0.16909,0.0076346,13.671
0.9602,0.94641,-0.15,0.0076343,-0.16179,0.0076343,13.67
0.96017,0.94644,-0.15,0.0076332,-0.15224,0.0076332,13.669
0.95966,0.94672,-0.15,0.0076247,-0.14635,0.0076247,13.668
0.95973,0.94648,-0.15,0.0076318,-0.14522,0.0076318,13.667
0.93742,0.94643,-0.15,0.0076332,-0.14705,0.0076332,13.666
0.95968,0.92417,-0.15,0.0083099,-0.14937,0.0083099,13.665
0.94852,0.93533,-0.15,0.0079706,-0.15034,0.0079706,13.665
0.94852,0.93533,-0.15,0.0079705,-0.15062,0.0079705,13.665
0.92017,0.93533,-0.15,0.0079703,-0.15045,0.0079703,13.665
0.93432,0.90702,-0.15,0.008831,-0.15005,0.008831,13.665
0.93432,0.90703,-0.15,0.0088309,-0.14991,0.0088309,13.665
0.92017,0.9141,-0.15,0.0086159,-0.14994,0.0086159,13.665
0.92032,0.90704,-0.15,0.0088307,-0.14994,0.0088307,13.665
0.92192,0.90021,-0.15,0.0090387,-0.15,0.0090387,13.665
0.91763,0.90187,-0.15,0.008988,-0.15005,0.008988,13.665
0.91762,0.90188,-0.15,0.0089877,-0.15005,0.0089877,13.665
0.9163,0.9032,-0.15,0.0089479,-0.15003,0.0089479,13.665
0.91632,0.90319,-0.15,0.0089485,-0.14999,0.0089485,13.665
0.91336,0.90319,-0.15,0.0089486,-0.14999,0.0089486,13.665
0.91632,0.90024,-0.15,0.0090385,-0.14998,0.0090385,13.665
0.91484,0.90172,-0.15,0.0089935,-0.14999,0.0089935,13.665
0.91484,0.90172,-0.15,0.0089935,-0.15,0.0089935,13.665
0.91484,0.90172,-0.15,0.0089936,-0.15001,0.0089936,13.665
0.91298,0.90172,-0.15,0.0089937,-0.15001,0.0089937,13.665
0.91484,0.90001,-0.15,0.0090502,-0.15,0.0090502,13.665
0.91306,0.90079,-0.15,0.0090265,-0.15,0.0090265,13.665
0.91348,0.90001,-0.15,0.0090546,-0.15,0.0090546,13.665
0.9133,0.90001,-0.15,0.009059,-0.15,0.009059,13.665
0.91322,0.90001,-0.15,0.0090636,-0.15,0.0090636,13.665
0.91336,0.90001,-0.15,0.009068,-0.15,0.009068,13.665
0.91305,0.90009,-0.15,0.0090666,-0.15,0.0090666,13.665
0.91313,0.90001,-0.15,0.0090736,-0.15,0.0090736,13.665
0.91324,0.9,-0.15,0.0090825,-0.15001,0.0090825,13.665
0.91317,0.90001,-0.15,0.0090877,-0.15001,0.0090877,13.665
0.91336,0.90001,-0.15,0.0090934,-0.15001,0.0090934,13.665
0.91303,0.90007,-0.15,0.0090926,-0.15,0.0090926,13.665
0.91309,0.90001,-0.15,0.0091,-0.14999,0.0091,13.665
0.9133,0.9,-0.15,0.0091062,-0.14999,0.0091062,13.665
0.9133,0.90004,-0.15,0.0091062,-0.15,0.0091062,13.665
0.91325,0.90011,-0.15,0.0091046,-0.15,0.0091046,13.665
0.91325,0.90013,-0.15,0.0091044,-0.15001,0.0091044,13.665
0.91325,0.90014,-0.15,0.0091044,-0.15001,0.0091044,13.665
0.91325,0.90015,-0.15,0.0091046,-0.15,0.0091046,13.665
0.91293,0.90014,-0.15,0.0091051,-0.15,0.0091051,13.665
0.91326,0.9,-0.15,0.0091153,-0.14999,0.0091153,13.665
0.91303,0.90002,-0.15,0.0091161,-0.15,0.0091161,13.665
0.91311,0.90001,-0.15,0.0091223,-0.15,0.0091223,13.665
0.91343,0.9,-0.15,0.009132,-0.15,0.0091321,13.664
0.91342,0.90004,-0.15,0.0091319,-0.15,0.0091318,13.663
0.91298,0.90016,-0.15,0.0091283,-0.15,0.0091283,13.662
0.91321,0.90001,-0.15,0.0091377,-0.15,0.0091377,13.661
0.91328,0.90001,-0.15,0.0091399,-0.15,0.0091399,13.66
0.91324,0.90007,-0.15,0.0091385,-0.15,0.0091385,13.659
0.91316,0.90012,-0.15,0.0091377,-0.15,0.0091377,13.658
0.91323,0.90009,-0.15,0.0091399,-0.15,0.0091399,13.657
0.91323,0.90012,-0.15,0.0091399,-0.15,0.0091399,13.656
0.91327,0.90012,-0.15,0.0091409,-0.15,0.0091409,13.654
0.91326,0.90016,-0.15,0.0091405,-0.15,0.0091405,13.652
0.91328,0.9002,-0.15,0.0091411,-0.15,0.0091411,13.648
0.91335,0.90022,-0.15,0.009143,-0.15,0.009143,13.64
0.91445,0.90028,-0.15,0.0091435,-0.15,0.0091435,13.632
0.91446,0.90134,-0.15,0.0091115,-0.15,0.0091116,13.624
0.91391,0.9019,-0.15,0.0090948,-0.15,0.0090947,13.616
0.91444,0.90139,-0.15,0.0091107,-0.15,0.0091107,13.608
0.91445,0.9014,-0.15,0.009111,-0.15,0.009111,13.592
0.91654,0.90144,-0.15,0.009111,-0.15,0.0091111,13.56
0.91609,0.90353,-0.15,0.0090479,-0.15,0.0090479,13.528
0.91629,0.90415,-0.15,0.0090294,-0.15,0.0090294,13.496
0.9167,0.90416,-0.15,0.0090294,-0.15,0.0090293,13.464
0.91771,0.9042,-0.15,0.0090287,-0.15,0.0090287,13.432
0.91689,0.90503,-0.15,0.0090035,-0.15,0.0090036,13.4
0.91739,0.90455,-0.15,0.0090184,-0.15,0.0090184,13.368
0.91866,0.90462,-0.15,0.0090175,-0.15,0.0090171,13.305
0.91738,0.90593,-0.15,0.008978,-0.15,0.008978,13.242
0.91915,0.90534,-0.15,0.0089966,-0.15,0.0089966,13.18
0.91799,0.90652,-0.15,0.0089611,-0.15,0.0089611,13.118
0.91941,0.90599,-0.15,0.0089776,-0.15,0.0089776,13.056
0.91853,0.90689,-0.15,0.0089504,-0.15,0.0089504,12.995
0.91993,0.9065,-0.15,0.0089625,-0.15,0.0089625,12.934
0.91997,0.90752,-0.15,0.0089315,-0.15,0.0089315,12.873
0.91939,0.90811,-0.15,0.0089135,-0.15,0.0089136,12.812
