139.45
2.1357
0.60961
0.25422
0.65961
0.5338
0.20439
0.062725
0.16481
0.21586
0.1335
0.025541
0.041199
0.054727
0.035124
0.0084231
0.010697
0.013579
0.0083748
0.0016972
0.0026371
0.0034162
0.0021432
0.00064024
0.0079441
0.00099999
0.00063643
0.00019805
0.020033
0.010007
0.00010441
0.0099981
0.0097768
0.0037113
0.0018558
2.8861e-06
4.2744e-05
4.4876e-05
0.0041741
2.3783e-05
2.8285e-05
5.6569e-05
1.4147e-05
0.0026294
0.00021238
0.0014252
0.00074402
0.00050256
0.00039575
0.00019827
0.00037815
0.00029558
0.0002435
0.00020933
0.00013463
0.00021659
0.00018713
0.00014175
2.8678e-05
1.4894e-05
1.6487e-05
1.1037e-05
7.4733e-06
0.00023572
0.0001346
0.00018218
0.00015992
0.00051182
0.00050005
0.00051264
0.00050354
0.00050058
0.00050004
0.00025025
0.0002501
0.00025006
0.00025002
0.00025002
0.00025001
0.00025001
0.00025115
0.00025113
0.00025002
0.00025
0.00025
0.00025025
0.00025015
0.00025003
0.00025
0.00025005
0.00024999
0.00024998
0.0002461
0.00024608
0.00024219
0.00024217
0.00024218
0.00023827
0.00023828
0.00023829
0.00023827
