11.763
0.4205
4.8461e-08
2.5281e-08
9.6481e-10
9.978e-09
0.2611
0.64449
0.83608
0.96477
1.0825
1.1967
1.311
1.4242
1.5356
1.6453
1.7536
1.8605
1.9662
2.0706
2.1737
2.2754
2.3758
2.4749
2.5726
2.6689
2.7641
2.8579
2.9503
3.0414
3.1311
3.2196
3.3066
3.3924
3.4765
3.5594
3.6408
3.721
3.7999
3.8775
3.954
4.0289
4.1029
4.1763
4.2475
4.3176
4.3865
4.4543
4.5211
4.5868
4.6516
4.7154
4.7783
4.8404
4.9015
4.9619
5.0214
5.0801
5.1382
5.1955
5.2523
5.3085
5.3641
5.4192
5.4739
5.5279
5.5816
5.6347
5.6873
5.7397
5.7915
5.8428
5.8938
5.9444
5.9945
6.0442
6.0934
6.1422
6.1904
6.2381
6.2856
6.3325
6.379
6.425
6.4705
6.5158
6.5441
6.5699
6.594
6.6163
6.637
6.6847
6.7277
6.7682
6.8069
6.845
6.8827
6.9203
6.9572
6.9941
7.0305
7.0664
7.1021
7.1374
7.1724
7.2071
7.2414
7.2753
7.3089
7.342
7.375
7.4075
7.4396
7.4714
7.5027
7.5338
7.5645
7.5947
7.6247
7.6541
7.6833
7.712
7.7404
7.768
7.7956
7.8226
7.8493
7.8756
7.9013
7.9268
7.9518
7.9763
8.0005
8.0242
8.0475
8.0705
8.0929
8.1152
8.1369
8.1582
8.1792
8.1997
8.2201
8.2398
8.2591
8.2782
8.2968
8.3151
8.333
8.3507
8.3678
8.3848
8.4013
8.4175
8.4333
8.4489
8.4642
8.4791
8.4938
8.5083
8.5225
8.5364
8.5498
8.5631
8.576
8.5888
8.6014
8.6137
8.6259
8.6377
8.65
8.6616
8.6731
8.6842
8.6953
8.7061
8.7169
8.7237
8.7339
8.7441
8.7539
8.7637
8.7732
