137.33
4.2818
0.4742
7.978
2.2309
2.998
4.7814
7.4053
8.0254
8.1781
8.3663
8.6531
9.0666
9.585
10.18
10.832
11.524
12.244
12.983
13.736
14.497
15.262
16.03
16.798
17.563
18.326
19.084
19.836
20.583
21.323
22.055
22.78
23.497
24.206
24.905
25.597
26.278
26.951
27.615
28.269
28.916
29.551
30.178
30.799
31.407
32.007
32.598
33.179
33.752
34.315
34.871
35.418
35.958
36.49
37.014
37.531
38.041
38.543
39.039
39.528
40.011
40.488
40.96
41.426
41.888
42.345
42.797
43.244
43.687
44.127
44.562
44.993
45.421
45.845
46.264
46.68
47.092
47.5
47.904
48.304
48.702
49.097
49.487
49.873
50.255
50.636
50.98
51.301
51.601
51.881
52.141
52.433
52.733
53.036
53.338
53.642
53.945
54.249
54.55
54.852
55.151
55.448
55.743
56.036
56.327
56.616
56.903
57.188
57.469
57.748
58.025
58.3
58.571
58.84
59.104
59.367
59.628
59.885
60.139
60.39
60.639
60.884
61.127
61.366
61.602
61.835
62.063
62.29
62.513
62.733
62.95
63.163
63.373
63.58
63.783
63.983
64.18
64.375
64.565
64.752
64.937
65.117
65.296
65.47
65.641
65.81
65.974
66.137
66.295
66.452
66.605
66.755
66.902
67.046
67.187
67.326
67.462
67.595
67.726
67.854
67.981
68.103
68.223
68.342
68.459
68.573
68.686
68.796
68.905
69.011
69.116
69.218
69.319
69.417
69.514
69.608
69.703
69.789
69.875
69.962
70.046
70.131
70.213
