20
7.5545
-3.8952
-7.4632
-5.1006
-1.3496
1.2506
1.9834
1.5115
0.75324
0.24143
0.097981
0.18794
0.33481
0.43271
0.45981
0.44263
0.41457
0.39601
0.39144
0.39489
0.4004
0.40416
0.405
0.40456
0.40329
0.40284
0.40265
0.40271
0.40279
0.40284
0.40274
0.40262
0.40251
0.40238
0.40265
0.40277
0.4027
0.40244
0.40219
0.40241
0.40239
0.40225
0.40196
0.40202
0.40185
0.4016
0.4016
0.40139
0.40146
0.40117
0.40109
0.4007
0.40059
0.40048
0.40026
0.40006
0.39985
0.39973
0.39956
0.39944
0.39926
0.39917
0.39913
0.39898
0.39885
0.3988
0.39882
0.39871
0.39867
0.39864
0.39856
0.39856
0.39854
0.39854
0.39853
0.39849
0.39851
0.39851
0.39849
0.39846
0.39849
0.39846
0.39848
0.39849
0.39843
0.39846
0.39845
0.39842
0.39842
0.39843
0.39843
0.39843
0.39841
0.39842
0.39845
0.39847
0.39839
0.39839
0.39839
0.39846
0.3984
0.39841
0.39839
0.39842
0.39843
0.39836
0.39835
0.3984
0.39842
0.39834
0.39834
0.39832
0.39841
0.39843
0.39836
0.39829
0.39836
0.39837
0.39839
0.39833
0.39831
0.39832
0.3984
0.39841
0.39833
0.39828
0.3983
0.39831
0.39832
0.39831
0.39831
0.39831
0.39831
0.39833
0.39826
0.39825
0.39826
0.39826
0.39825
0.39826
0.39828
0.39829
0.39824
0.39825
0.39824
0.39825
0.39827
0.39819
0.39819
0.39819
0.39821
0.39821
0.39819
0.3982
0.39818
0.39819
0.39821
0.39814
0.39813
0.39814
0.39815
0.39815
0.39814
0.39814
0.39814
0.39814
0.39815
0.3981
0.3981
0.39803
0.39804
0.39811
0.39812
0.39806
0.39798
0.39803
0.39803
0.39801
0.39803
0.39802
0.39801
0.39794
0.39795
0.39795
0.39794
0.39793
0.39792
0.39791
0.39792
0.3979
0.39789
0.39783
0.39782
0.3978
0.39782
0.39782
0.39782
0.3978
0.39779
