125.88
13.732
9.7928
6.4135
4.2169
2.6081
1.9033
1.2884
0.82885
0.54734
0.38937
0.26568
0.17848
0.12747
0.098222
0.080443
0.072032
0.069348
0.068934
0.069129
0.069403
0.069631
0.069757
0.069874
0.069902
0.069929
0.069878
0.069808
0.069696
0.069557
0.069444
0.069315
0.069176
0.068971
0.068813
0.068637
0.068448
0.068202
0.067976
0.067678
0.067416
0.06707
0.066755
0.066342
0.065911
0.065499
0.064972
0.064437
0.063925
0.063251
0.062588
0.061879
0.061168
0.060456
0.059693
0.05894
0.058131
0.057457
0.056722
0.056068
0.055477
0.054898
0.054407
0.053902
0.05353
0.053146
0.052916
0.052588
0.052368
0.052194
0.052024
0.051894
0.051782
0.051667
0.051645
0.051562
0.051501
0.05145
0.051443
0.051375
0.051383
0.051326
0.051358
0.051307
0.051308
0.051338
0.051293
0.051318
0.051301
0.051258
0.051305
0.051254
0.051296
0.051267
0.0513
0.051293
0.051248
0.051301
0.051258
0.051291
0.051292
0.051254
0.051284
0.051288
0.051285
0.051244
0.051277
0.051295
0.051281
0.05125
0.051297
0.051248
0.051296
0.051302
0.051278
0.051253
0.05129
0.051281
0.051288
0.051242
0.051286
0.051262
0.051299
0.051296
0.051251
0.051287
0.051288
0.05128
0.05124
0.051297
0.051246
0.051303
0.051299
0.051287
0.05125
0.051291
0.051285
0.051243
0.05129
0.05129
0.051281
0.051245
0.051305
0.051253
0.051296
0.051296
0.051283
0.051246
0.051294
0.051284
0.05129
0.05125
0.051291
0.051251
0.051288
0.051295
0.05129
0.051249
0.051287
0.051284
0.051277
0.051249
0.051301
0.051253
0.051295
0.051308
0.051246
0.051293
0.051285
0.05128
0.051251
0.051274
0.051285
0.051285
0.051246
0.051301
0.051258
0.05129
0.051295
0.051244
0.05129
0.051286
0.051284
0.051246
0.051299
0.051255
0.051302
0.051291
0.051253
0.051297
0.051277
0.051281
0.051242
0.05128
0.05129
0.05129
0.051242
0.051299
0.051251
0.051288
