9.6568
3.2189
1.6719
1.6168
1.5645
1.421
1.4076
1.4034
1.401
1.4
1.4003
1.4015
1.4035
1.4059
1.4088
1.4119
1.4346
1.4673
1.4901
1.5087
1.5202
1.5271
1.5419
1.5443
1.5465
1.5487
1.5507
1.5526
1.5544
1.5561
1.5577
1.5615
1.5628
1.564
1.5656
1.5666
1.5676
1.5685
1.5693
1.5701
1.5709
1.572
1.5727
1.5732
1.5738
1.5743
1.5748
1.5752
1.5757
1.5761
1.5764
1.5768
1.5771
1.5774
1.5781
1.5793
1.5794
1.5795
1.5808
1.5808
1.5808
1.5809
1.5809
1.5809
1.581
1.5811
1.5811
1.5812
1.5812
1.5813
1.5813
1.5814
1.5814
1.5814
1.5815
1.5815
1.5815
1.5815
1.5816
1.5816
1.5816
1.5816
1.5816
1.5816
1.5817
1.5817
1.5817
1.5817
1.5817
1.5817
1.5817
1.5817
1.5817
1.5817
1.5817
1.5817
1.5818
1.5818
1.5818
1.5818
1.5818
1.5818
1.5818
1.5818
1.5818
1.5818
1.5818
1.5818
1.5818
1.5818
1.5818
1.5818
1.5818
1.5818
1.5818
1.5818
1.5818
1.5818
1.5818
1.5818
1.5818
1.5818
1.5818
1.5818
1.5818
1.5818
1.5818
1.5818
1.5818
1.5818
1.5818
1.5818
1.5818
1.5818
1.5818
1.5818
1.5818
1.5818
