-0.020002,0.019998,-2.3222e-06,-2.3222e-06,-2.3222e-06,-2.3222e-06,-2.3222e-06
-0.02,0.02,-2.6954,0.0024274,2.6954,-0.0024274,8.2164e-10
-0.04,0.04,-2.0215,-1.6667e-12,2.0215,1.6667e-12,8.5123e-13
0.06,-0.06,-1.6108,0.00050361,1.6108,-0.00050361,2.163e-16
0.16,-0.16,-1.228,0.00068547,1.228,-0.00068547,-5.7446e-18
0.26,-0.26,-0.8752,0.0007367,0.8752,-0.0007367,-5.7446e-18
0.36,-0.36,-0.65267,0.00054313,0.65267,-0.00054313,-5.7446e-18
0.46,-0.46,-0.45912,0.0002337,0.45912,-0.0002337,-5.7446e-18
0.56,-0.56,-0.28011,0.00010234,0.28011,-0.00010234,-5.7446e-18
0.66,-0.66,-0.11467,4.6627e-05,0.11467,-4.6627e-05,-5.7446e-18
0.76,-0.76,0.038166,2.3011e-05,-0.038166,-2.3011e-05,-5.7446e-18
0.86,-0.86,0.17935,1.3004e-05,-0.17935,-1.3004e-05,-5.7446e-18
0.96,-0.96,0.3098,8.7651e-06,-0.3098,-8.7651e-06,-5.7446e-18
1.06,-1.06,0.43037,6.9706e-06,-0.43037,-6.9706e-06,-5.7446e-18
1.16,-1.16,0.54186,6.2122e-06,-0.54186,-6.2122e-06,-5.7446e-18
1.26,-1.26,0.64502,5.8933e-06,-0.64502,-5.8933e-06,-5.7446e-18
1.36,-1.36,0.74052,5.7608e-06,-0.74052,-5.7608e-06,-5.7446e-18
1.4402,-1.4402,0.82905,5.7082e-06,-0.82905,-5.7082e-06,-5.7446e-18
1.4904,-1.4904,0.91147,5.6938e-06,-0.91147,-5.6938e-06,1.1943e-18
1.5207,-1.5207,0.98768,5.6868e-06,-0.98768,-5.6868e-06,-5.4042e-19
1.5352,-1.5352,1.0584,5.6868e-06,-1.0584,-5.6868e-06,-5.4042e-19
1.541,-1.541,1.1241,5.6895e-06,-1.1241,-5.6895e-06,-5.4042e-19
1.5428,-1.5428,1.1852,5.693e-06,-1.1852,-5.693e-06,-5.4042e-19
1.5428,-1.5428,1.2279,3.259e-06,-1.2279,-3.259e-06,-5.4042e-19
1.5428,-1.5428,1.2676,2.2262e-06,-1.2676,-2.2262e-06,-5.4042e-19
1.5428,-1.5428,1.3045,1.7881e-06,-1.3045,-1.7881e-06,-5.4042e-19
1.5428,-1.5428,1.3388,1.6025e-06,-1.3388,-1.6025e-06,-5.4042e-19
1.5428,-1.5428,1.3707,1.524e-06,-1.3707,-1.524e-06,-5.4042e-19
1.5428,-1.5428,1.4004,1.4911e-06,-1.4004,-1.4911e-06,-5.4042e-19
1.5428,-1.5428,1.4281,1.4774e-06,-1.4281,-1.4774e-06,-5.4042e-19
1.5428,-1.5428,1.4539,1.472e-06,-1.4539,-1.472e-06,-5.4042e-19
1.5428,-1.5428,1.4779,1.47e-06,-1.4779,-1.47e-06,-5.4042e-19
1.5428,-1.5428,1.4978,7.3495e-07,-1.4978,-7.3495e-07,-5.4042e-19
1.5428,-1.5428,1.5164,4.2215e-07,-1.5164,-4.2215e-07,-5.4042e-19
1.5428,-1.5428,1.5337,2.891e-07,-1.5337,-2.891e-07,-5.4042e-19
1.5428,-1.5428,1.5494,8.8095e-08,-1.5494,-8.8095e-08,-5.4042e-19
1.5428,-1.5428,1.5641,2.58e-09,-1.5641,-2.58e-09,-5.4042e-19
1.5428,-1.5428,1.5778,-3.375e-08,-1.5778,3.375e-08,-5.4042e-19
1.5428,-1.5428,1.5906,-4.9125e-08,-1.5906,4.9125e-08,-5.4042e-19
1.5428,-1.5428,1.6025,-5.5585e-08,-1.6025,5.5585e-08,-5.4042e-19
1.5428,-1.5428,1.6136,-5.825e-08,-1.6136,5.825e-08,-5.4042e-19
1.5428,-1.5428,1.624,-5.9295e-08,-1.624,5.9295e-08,-5.4042e-19
1.5428,-1.5428,1.6333,-2.996e-08,-1.6333,2.996e-08,-5.4042e-19
1.5428,-1.5428,1.6419,-1.7375e-08,-1.6419,1.7375e-08,-5.4042e-19
1.5428,-1.5428,1.65,-1.1945e-08,-1.65,1.1945e-08,-5.4042e-19
1.5428,-1.5428,1.6576,-9.56e-09,-1.6576,9.56e-09,-5.4042e-19
1.5428,-1.5428,1.6647,-8.485e-09,-1.6647,8.485e-09,-5.4042e-19
1.5428,-1.5428,1.6713,-7.965e-09,-1.6713,7.965e-09,-5.4042e-19
1.5428,-1.5428,1.6775,-7.69e-09,-1.6775,7.69e-09,-5.4042e-19
1.5428,-1.5428,1.6832,-7.53e-09,-1.6832,7.53e-09,-5.4042e-19
1.5428,-1.5428,1.6886,-7.415e-09,-1.6886,7.415e-09,-5.4042e-19
1.5428,-1.5428,1.6936,-7.32e-09,-1.6936,7.32e-09,-5.4042e-19
1.5428,-1.5428,1.6983,-7.245e-09,-1.6983,7.245e-09,-5.4042e-19
1.5428,-1.5428,1.7027,-7.17e-09,-1.7027,7.17e-09,-5.4042e-19
1.5428,-1.5428,1.7068,-7.105e-09,-1.7068,7.105e-09,-5.4042e-19
1.5428,-1.5428,1.7102,-3.445e-09,-1.7102,3.445e-09,-5.4042e-19
1.5428,-1.5428,1.7114,3.1355e-08,-1.7114,-3.1355e-08,-5.4042e-19
1.5428,-1.5428,1.7125,4.7375e-08,-1.7125,-4.7375e-08,-5.4042e-19
1.5428,-1.5428,1.7136,5.475e-08,-1.7136,-5.475e-08,-5.4042e-19
1.5428,-1.5428,1.7141,6.6539e-08,-1.7141,-6.6539e-08,-5.4042e-19
1.5428,-1.5428,1.7146,7.1962e-08,-1.7146,-7.1962e-08,-5.4042e-19
1.5428,-1.5428,1.7151,7.4456e-08,-1.7151,-7.4456e-08,-5.4042e-19
1.5428,-1.5428,1.7155,7.5604e-08,-1.7155,-7.5604e-08,-5.4042e-19
1.5428,-1.5428,1.7159,7.6132e-08,-1.7159,-7.6132e-08,-5.4042e-19
1.5428,-1.5428,1.7163,7.6375e-08,-1.7163,-7.6375e-08,-5.4042e-19
1.5428,-1.5428,1.7167,4.1354e-08,-1.7167,-4.1354e-08,-5.4042e-19
1.5428,-1.5428,1.7174,2.9135e-08,-1.7174,-2.9135e-08,-5.4042e-19
1.5428,-1.5428,1.718,2.3931e-08,-1.718,-2.3931e-08,-5.4042e-19
1.5428,-1.5428,1.7186,2.1714e-08,-1.7186,-2.1714e-08,-5.4042e-19
1.5428,-1.5428,1.7191,2.077e-08,-1.7191,-2.077e-08,-5.4042e-19
1.5428,-1.5428,1.7196,2.0368e-08,-1.7196,-2.0368e-08,-5.4042e-19
1.5428,-1.5428,1.7201,2.0197e-08,-1.7201,-2.0197e-08,-5.4042e-19
1.5428,-1.5428,1.7205,1.1521e-08,-1.7205,-1.1521e-08,-5.4042e-19
1.5428,-1.5428,1.7209,7.8261e-09,-1.7209,-7.8261e-09,-5.4042e-19
1.5428,-1.5428,1.7213,6.2523e-09,-1.7213,-6.2523e-09,-5.4042e-19
1.5428,-1.5428,1.7216,5.582e-09,-1.7216,-5.582e-09,-5.4042e-19
1.5428,-1.5428,1.7219,2.5055e-09,-1.7219,-2.5055e-09,-5.4042e-19
1.5428,-1.5428,1.7222,1.1951e-09,-1.7222,-1.1951e-09,-5.4042e-19
1.5428,-1.5428,1.7225,5.4137e-10,-1.7225,-5.4137e-10,-5.4042e-19
1.5428,-1.5428,1.7227,2.629e-10,-1.7227,-2.629e-10,-5.4042e-19
1.5428,-1.5428,1.7229,1.4429e-10,-1.7229,-1.4429e-10,-5.4042e-19
1.5428,-1.5428,1.7231,9.3767e-11,-1.7231,-9.3767e-11,-5.4042e-19
1.5428,-1.5428,1.7233,7.2247e-11,-1.7233,-7.2247e-11,-5.4042e-19
1.5428,-1.5428,1.7235,3.2307e-11,-1.7235,-3.2307e-11,-5.4042e-19
1.5428,-1.5428,1.7237,1.5296e-11,-1.7237,-1.5296e-11,-5.4042e-19
1.5428,-1.5428,1.7238,8.0499e-12,-1.7238,-8.0499e-12,-5.4042e-19
1.5428,-1.5428,1.7239,4.9635e-12,-1.7239,-4.9635e-12,-5.4042e-19
1.5428,-1.5428,1.724,3.6488e-12,-1.724,-3.6488e-12,-5.4042e-19
1.5428,-1.5428,1.7241,3.0889e-12,-1.7241,-3.0889e-12,-5.4042e-19
1.5428,-1.5428,1.7242,2.8504e-12,-1.7242,-2.8504e-12,-5.4042e-19
1.5428,-1.5428,1.7243,2.7488e-12,-1.7243,-2.7488e-12,-5.4042e-19
1.5428,-1.5428,1.7244,1.5347e-12,-1.7244,-1.5347e-12,-5.4042e-19
1.5428,-1.5428,1.7245,1.0175e-12,-1.7245,-1.0175e-12,-5.4042e-19
1.5428,-1.5428,1.7246,7.9724e-13,-1.7246,-7.9724e-13,-5.4042e-19
1.5428,-1.5428,1.7247,7.0342e-13,-1.7247,-7.0342e-13,-5.4042e-19
1.5428,-1.5428,1.7248,6.6346e-13,-1.7248,-6.6346e-13,-5.4042e-19
1.5428,-1.5428,1.7249,6.4644e-13,-1.7249,-6.4644e-13,-5.4042e-19
1.5428,-1.5428,1.725,6.3919e-13,-1.725,-6.3919e-13,-5.4042e-19
1.5428,-1.5428,1.7251,6.361e-13,-1.7251,-6.361e-13,-5.4042e-19
1.5428,-1.5428,1.7251,3.1674e-13,-1.7251,-3.1674e-13,-5.4042e-19
1.5428,-1.5428,1.7251,1.8071e-13,-1.7251,-1.8071e-13,-5.4042e-19
1.5428,-1.5428,1.7251,9.2899e-14,-1.7251,-9.2899e-14,-5.4042e-19
1.5428,-1.5428,1.7251,5.5496e-14,-1.7251,-5.5496e-14,-5.4042e-19
1.5428,-1.5428,1.7252,4.8333e-14,-1.7252,-4.8333e-14,-5.4042e-19
1.5428,-1.5428,1.7253,4.5675e-14,-1.7253,-4.5675e-14,-5.4042e-19
1.5428,-1.5428,1.7253,4.4689e-14,-1.7253,-4.4689e-14,-5.4042e-19
1.5428,-1.5428,1.7253,4.4323e-14,-1.7253,-4.4323e-14,-5.4042e-19
1.5428,-1.5428,1.7253,4.4187e-14,-1.7253,-4.4187e-14,-5.4042e-19
1.5428,-1.5428,1.7253,4.4137e-14,-1.7253,-4.4137e-14,-5.4042e-19
1.5428,-1.5428,1.7253,4.4118e-14,-1.7253,-4.4118e-14,-5.4042e-19
1.5428,-1.5428,1.7253,2.2051e-14,-1.7253,-2.2051e-14,-5.4042e-19
1.5428,-1.5428,1.7253,1.3865e-14,-1.7253,-1.3865e-14,-5.4042e-19
1.5428,-1.5428,1.7253,1.0828e-14,-1.7253,-1.0828e-14,-5.4042e-19
1.5428,-1.5428,1.7253,9.701e-15,-1.7253,-9.701e-15,-5.4042e-19
1.5428,-1.5428,1.7253,9.282e-15,-1.7253,-9.282e-15,-5.4042e-19
1.5428,-1.5428,1.7253,9.127e-15,-1.7253,-9.127e-15,-5.4042e-19
1.5428,-1.5428,1.7253,9.069e-15,-1.7253,-9.069e-15,-5.4042e-19
1.5428,-1.5428,1.7253,9.048e-15,-1.7253,-9.048e-15,-5.4042e-19
1.5428,-1.5428,1.7253,9.04e-15,-1.7253,-9.04e-15,-5.4042e-19
1.5428,-1.5428,1.7253,1.1375e-14,-1.7253,-1.1375e-14,-5.4042e-19
1.5428,-1.5428,1.7253,1.2241e-14,-1.7253,-1.2241e-14,-5.4042e-19
1.5428,-1.5428,1.7253,1.2562e-14,-1.7253,-1.2562e-14,-5.4042e-19
1.5428,-1.5428,1.7253,1.2682e-14,-1.7253,-1.2682e-14,-5.4042e-19
1.5428,-1.5428,1.7253,1.2726e-14,-1.7253,-1.2726e-14,-5.4042e-19
1.5428,-1.5428,1.7253,6.3794e-15,-1.7253,-6.3794e-15,-5.4042e-19
1.5428,-1.5428,1.7253,4.0248e-15,-1.7253,-4.0248e-15,-5.4042e-19
1.5428,-1.5428,1.7253,3.1512e-15,-1.7253,-3.1512e-15,-5.4042e-19
1.5428,-1.5428,1.7253,2.8271e-15,-1.7253,-2.8271e-15,-5.4042e-19
1.5428,-1.5428,1.7253,2.7069e-15,-1.7253,-2.7069e-15,-5.4042e-19
1.5428,-1.5428,1.7253,2.6623e-15,-1.7253,-2.6623e-15,-5.4042e-19
1.5428,-1.5428,1.7253,2.6457e-15,-1.7253,-2.6457e-15,-5.4042e-19
1.5428,-1.5428,1.7253,2.6396e-15,-1.7253,-2.6396e-15,-5.4042e-19
1.5428,-1.5428,1.7253,2.6373e-15,-1.7253,-2.6373e-15,-5.4042e-19
1.5428,-1.5428,1.7253,2.6364e-15,-1.7253,-2.6364e-15,-5.4042e-19
1.5428,-1.5428,1.7253,2.6362e-15,-1.7253,-2.6362e-15,-5.4042e-19
1.5428,-1.5428,1.7253,2.6361e-15,-1.7253,-2.6361e-15,-5.4042e-19
1.5428,-1.5428,1.7253,2.636e-15,-1.7253,-2.636e-15,-5.4042e-19
1.5428,-1.5428,1.7253,2.636e-15,-1.7253,-2.636e-15,-5.4042e-19
1.5428,-1.5428,1.7253,3.2997e-15,-1.7253,-3.2997e-15,-5.4042e-19
