0.023979
278.66
7.0444
1.5934
1.6286
1.6855
0.2335
0.04314
0.049178
0.062033
0.07388
0.084754
0.094744
0.10394
0.11244
0.1203
0.12759
0.13774
0.15184
0.16573
0.17677
0.18599
0.19332
0.030047
0.027615
0.031156
0.034466
0.037567
0.04046
0.044196
0.045696
0.048065
0.034951
0.036171
0.037561
0.038562
0.039626
0.040666
0.041656
0.042599
0.04349
0.044334
0.044979
0.045616
0.046223
0.046801
0.04735
0.047875
0.048359
0.04882
0.049243
0.049649
0.050028
0.050385
0.050722
0.051057
0.026143
0.026184
0.026228
0.0010315
0.0008794
0.00090564
0.00093178
0.00095334
0.0009749
9.058e-05
0.0002184
0.00028346
0.00034081
0.00039909
0.00044476
0.00049442
0.00011738
0.00014371
0.00017944
0.00021664
0.00019578
0.00021816
5.4827e-05
7.5333e-05
9.36e-05
0.00010904
0.00013059
3.7762e-05
5.2383e-05
7.1127e-05
7.874e-05
8.6827e-05
9.5791e-05
0.00010752
0.00011573
2.8089e-05
2.874e-05
4.2556e-05
4.9437e-05
5.7228e-05
7.0385e-05
7.7981e-05
8.6827e-05
7.9586e-05
7.832e-05
1.077e-05
4e-06
1.2e-05
3.7094e-05
4.7917e-05
4.7917e-05
4.7917e-05
4.7917e-05
4.7917e-05
4.2426e-05
4.2426e-05
4.2426e-05
4.2426e-05
4.2426e-05
4.2426e-05
4.2426e-05
4.2426e-05
4.2426e-05
1.4283e-05
1.4283e-05
1.4283e-05
1.4283e-05
1.4283e-05
1.4283e-05
1.4283e-05
1.4283e-05
1.4283e-05
1.4283e-05
1.4283e-05
1.4283e-05
1.4283e-05
1.4283e-05
1.4283e-05
1.4283e-05
1.4283e-05
1.4283e-05
1.4283e-05
1.4142e-05
