9.1556e-05
0.00012067
0.00015662
0.00013083
0.00012227
0.00016017
0.00013171
0.00012243
0.00011914
0.00015772
0.00013058
0.00012191
0.00011872
0.00011756
0.00015653
0.00012981
0.00012135
0.00011817
0.00011712
0.00015587
0.00010349
0.00011226
0.00011496
0.00011583
0.00015427
0.00010306
0.00011174
0.00011443
0.00011531
0.00015381
0.00010264
0.00011132
0.00011402
0.0001149
0.00015333
0.00010218
0.00011096
0.00011366
0.00011454
0.00015258
0.00010181
0.00011059
0.0001133
0.00011396
0.00015223
0.00010144
0.00011023
0.00011272
0.00011369
0.00015148
0.00010112
0.0001096
0.0001124
0.00011307
0.00015104
0.00010065
0.00010924
0.00011204
0.00011271
0.00015061
0.0001003
0.00010888
0.00011168
0.00011236
0.00014998
9.9962e-05
0.00010855
0.00011105
0.00011204
0.00014928
9.9643e-05
0.00014147
0.00011497
0.00011315
0.00011255
0.00011236
0.00011227
0.00011218
0.00011219
0.0001122
0.00011221
0.00011213
0.00011213
0.00011214
0.00011215
0.00011217
0.00011208
0.00011209
0.0001121
0.00011211
0.00011211
0.00011213
0.00011204
0.00011205
0.00011206
0.00011207
0.00011208
0.00011199
0.000112
0.00011201
0.00011202
0.00011203
0.00011194
0.00011195
0.00011196
0.00011197
0.00011198
0.0001119
0.00011191
0.00011191
0.00011192
0.00011194
0.00011185
0.00011186
0.00011187
0.00011188
0.00011189
0.0001119
0.00011181
0.00011182
0.00011183
0.00011184
0.00011185
0.00011176
0.00011177
0.00011178
0.00011179
0.0001118
0.00011172
0.00011173
0.00011174
0.00011175
0.00011176
0.00011167
0.00011168
0.00011169
0.00011171
0.00011172
0.00011163
0.00011185
0.00011156
0.00011177
0.00011168
0.0001117
0.00011161
0.00011182
0.00011153
0.00011175
0.00011166
0.00011157
