141.42
0.29269
0.20732
0.20467
0.20402
0.20777
0.20475
0.20403
0.20381
0.20747
0.20466
0.204
0.20378
0.20371
0.20735
0.2046
0.20396
0.20375
0.20368
0.20728
0.20297
0.20339
0.20355
0.2036
0.20711
0.20294
0.20336
0.20352
0.20357
0.20707
0.20292
0.20334
0.20349
0.20354
0.20703
0.20289
0.20332
0.20347
0.20352
0.20696
0.20287
0.20329
0.20345
0.20349
0.20693
0.20285
0.20327
0.20341
0.20347
0.20686
0.20284
0.20324
0.20339
0.20343
0.20682
0.20281
0.20321
0.20337
0.20341
0.20679
0.20279
0.20319
0.20335
0.20339
0.20673
0.20277
0.20318
0.20331
0.20337
0.20667
0.20275
0.019309
0.0052007
0.0044642
0.0042484
0.0041825
0.0041523
0.0041231
0.0041262
0.0041292
0.0041335
0.0041043
0.0041073
0.0041104
0.0041134
0.0041177
0.0040885
0.0040915
0.0040946
0.0040977
0.0041007
0.004105
0.0040758
0.0040788
0.0040819
0.004085
0.0040893
0.00406
0.0040631
0.0040662
0.0040693
0.0040736
0.0040444
0.0040474
0.0040505
0.0040536
0.004058
0.0040287
0.0040318
0.0040349
0.004038
0.0040424
0.0040132
0.0040162
0.0040193
0.0040225
0.0040256
0.0040299
0.0040007
0.0040038
0.0040069
0.0040101
0.0040144
0.0039852
0.0039883
0.0039915
0.0039946
0.003999
0.0039698
0.0039729
0.0039761
0.0039792
0.0039836
0.0039544
0.0039576
0.0039607
0.0039659
0.0039703
0.0039412
0.004012
0.0039167
0.0039873
0.0039584
0.0039628
0.0039337
0.0040046
0.0039092
0.0039798
0.0039499
0.0039208
