140.86
1.3583
0.59074
0.47466
0.32939
0.23331
0.16486
0.11648
0.082285
0.058422
0.082334
0.059239
0.040984
0.028987
0.040989
0.032774
0.0205
0.014493
0.020492
0.017291
0.01025
0.0072535
0.010251
0.0094134
0.00513
0.0036263
0.0051308
0.0047302
0.0029875
0.0017989
0.0025481
0.0019658
0.0012877
0.00089482
0.0006614
0.00045911
0.00032051
0.00032807
0.00036872
0.00011488
8.2071e-05
0.00028827
4.3517e-05
3.3597e-05
0.00028424
1.4426e-05
0.00022661
9.0409e-06
9.7411e-06
1.0841e-05
0.00012172
9.7283e-06
1.8523e-05
3.6364e-05
6.9696e-05
7.0175e-05
8.6233e-05
6.9909e-05
7.0203e-05
6.8957e-05
0.00013274
9.0331e-05
6.9071e-05
0.00012989
0.0001299
0.00013134
0.00012983
0.00012983
0.00012991
0.00013399
0.00012966
0.00012989
0.00012995
0.00013021
0.00028343
0.00028152
0.00028058
0.00028596
0.00028136
0.00028022
0.00027966
0.00027964
0.00027929
0.00057848
0.0005779
0.00057736
0.00057683
0.00057641
0.00057602
0.0005757
0.00057527
0.00057493
0.00057464
0.00057424
0.00057391
0.00057364
0.00057322
0.00057293
0.00057253
0.00057224
0.00057188
0.0011359
0.0011346
0.0011334
0.0011321
0.0011308
0.0011296
0.0011283
0.0011261
0.0011248
0.0011234
0.0022404
0.0022351
0.0022297
0.0022244
0.0022191
0.0044178
0.0043965
0.0043752
0.0043539
0.0043326
0.0043147
0.0042942
0.0042739
0.0042537
0.0042335
0.0042135
0.0041936
0.0041738
0.0041541
0.0082327
0.0081555
0.0080789
0.0080031
0.015573
0.015346
0.015113
0.014875
0.014633
0.014379
0.014103
0.013804
0.013496
0.013256
0.012985
0.012753
0.012499
0.012249
0.012009
0.011783
