17.386
0.34332
0.16223
0.0018219
0.15865
0.15956
0.080009
0.0059892
0.079823
0.079803
0.039946
0.00081364
0.039861
0.039882
0.019948
0.00025067
0.019943
0.01995
0.0099758
0.00025001
0.0099862
0.0099863
0.0049969
0.00025013
0.0050136
0.0050102
0.0025069
0.00025043
0.0025424
0.0025423
0.0012676
0.00025001
0.0013412
0.0013412
0.00067072
0.00025011
0.00039919
0.00039907
0.00029449
0.00025004
0.00026186
0.00026186
0.00025302
0.00025
0.00025076
0.00025076
0.00025017
0.00025
0.00025005
0.00025006
0.00025001
0.00025
0.00025
0.00025
0.00025
0.00025
0.00025
0.00025
0.00025
0.00025001
0.00025
0.00024998
0.00024998
0.00024608
0.00024691
0.00024216
0.00024998
0.00024998
0.00024217
0.00024217
0.00024217
0.00024217
0.00023846
0.00024233
0.0002344
0.00023436
0.00023436
0.00023436
0.00023436
0.00023436
0.00023436
0.00023436
0.00023045
0.0002285
0.00022655
0.00022253
0.00021862
0.00021472
0.00021082
0.00020691
0.00020301
0.0001991
0.0001952
0.00018837
0.00018149
0.00016868
0.00015679
0.00014577
0.00013549
0.00012598
0.0001171
0.00010885
0.00010116
9.4062e-05
8.745e-05
8.1276e-05
7.5542e-05
7.0248e-05
6.5319e-05
6.0683e-05
5.6388e-05
5.2436e-05
4.8727e-05
4.5311e-05
4.2114e-05
3.9138e-05
3.638e-05
3.3818e-05
3.1427e-05
2.9134e-05
2.811e-05
2.7621e-05
2.7539e-05
2.7359e-05
2.7333e-05
2.6938e-05
2.694e-05
2.6939e-05
2.6547e-05
2.6547e-05
2.6547e-05
2.6157e-05
2.6158e-05
2.6157e-05
2.5767e-05
2.5767e-05
2.5767e-05
2.5377e-05
2.5377e-05
2.5377e-05
2.4987e-05
2.4987e-05
2.4987e-05
2.4986e-05
2.4596e-05
2.4596e-05
2.4596e-05
2.4205e-05
2.4205e-05
2.4205e-05
