139.16
2.7072
1.8077
1.2766
0.9026
0.63823
0.90265
0.63827
0.45183
0.31972
0.22585
0.15955
0.11278
0.079779
0.11282
0.079765
0.056402
0.039889
0.05641
0.039898
0.028215
0.019956
0.028237
0.019982
0.014119
0.0099856
0.014143
0.010029
0.007068
0.0050081
0.0071172
0.0050778
0.0035559
0.0025406
0.0036654
0.0026863
0.0020283
0.0016018
0.0013359
0.0011825
0.0010982
0.0010536
0.0020614
0.0020377
0.0020236
0.0020169
0.0040264
0.0040225
0.0040199
0.0040181
0.0080305
0.0080254
0.0080205
0.0080157
0.016012
0.015993
0.015974
0.015955
0.015936
0.015918
0.015899
0.031724
0.031648
0.062997
0.0627
0.031381
0.01562
0.015601
0.031127
0.031054
0.061815
0.061523
0.061231
0.030567
0.030493
0.030406
0.030329
0.030258
0.030187
0.060091
0.059809
0.059526
0.059244
0.11738
0.11628
0.22837
0.22413
0.21997
0.21588
0.21186
0.20792
0.20405
0.20026
0.38594
0.37185
0.69128
0.6426
0.59736
0.55532
0.51629
0.47993
0.44605
0.41464
0.38547
0.35835
0.33314
0.30964
0.28788
0.26771
0.24865
0.23113
0.21486
0.19973
0.18566
0.17258
0.16043
0.14913
0.13862
0.12881
0.11944
0.057598
0.028297
0.014105
0.0069919
0.006955
0.00692
0.0068866
0.0068537
0.006821
0.006789
0.0067571
0.0067253
0.0066941
0.006662
0.0066305
0.0065998
0.0065684
0.0065373
0.0065073
0.0064761
0.0064459
0.0064153
0.0063856
0.0063563
0.0063249
0.0062958
0.0062652
0.0062356
0.0062055
0.006175
