50
31.077
19.174
24.686
44.648
50
48.555
38.223
27.378
19.156
14.697
13.409
13.739
14.531
15.186
15.573
15.783
15.925
16.06
16.197
16.32
16.411
16.468
16.495
16.504
16.505
16.501
16.496
16.492
16.488
16.484
16.48
16.474
16.468
16.463
16.459
16.453
16.447
16.442
16.436
16.432
16.425
16.419
16.412
16.405
16.398
16.39
16.384
16.376
16.368
16.361
16.353
16.344
16.336
16.325
16.316
16.307
16.3
16.292
16.285
16.28
16.275
16.271
16.267
16.264
16.262
16.262
16.262
16.262
16.263
16.263
16.265
16.267
16.265
16.265
16.267
16.269
16.271
16.273
16.274
16.275
16.275
16.275
16.275
16.275
16.277
16.278
16.278
16.28
16.28
16.279
16.278
16.279
16.28
16.281
16.282
16.282
16.28
16.28
16.28
16.281
16.282
16.282
16.282
16.282
16.283
16.282
16.282
16.283
16.282
16.281
16.281
16.28
16.282
16.282
16.282
16.282
16.282
16.282
16.282
16.281
16.28
16.279
16.281
16.282
16.282
16.282
16.282
16.282
16.281
16.281
16.28
16.281
16.282
16.282
16.282
16.282
16.283
16.283
16.283
16.283
16.282
16.282
16.281
16.281
16.282
16.282
16.282
16.282
16.282
16.282
16.282
16.281
16.281
16.281
16.281
16.282
16.282
16.282
16.282
16.282
16.281
16.281
16.28
16.28
16.282
16.281
16.282
16.282
16.283
16.283
16.282
16.282
16.283
16.282
16.281
16.28
16.28
16.282
16.282
16.283
16.283
16.283
16.282
16.282
16.281
16.281
16.282
16.282
16.283
16.283
16.283
16.284
16.283
16.282
16.284
16.282
16.282
16.281
16.281
