2.4679
0.020542
0.0049889
0.17146
0.14357
0.060667
0.14651
0.15775
0.16391
0.16383
0.16134
0.15838
0.15554
0.15355
0.15293
0.15202
0.15084
0.15012
0.14992
0.1501
0.15054
0.15108
0.15162
0.15152
0.15147
0.15142
0.15139
0.15138
0.15272
0.15326
0.1536
0.15385
0.15403
0.15422
0.15439
0.15454
0.15454
0.15456
0.15457
0.15458
0.15458
0.15456
0.15457
0.15456
0.15457
0.15577
0.15588
0.15586
0.15573
0.15562
0.15553
0.15547
0.15543
0.15539
0.15536
0.1553
0.15526
0.15522
0.15517
0.15512
0.15506
0.15502
0.15496
0.15491
0.15487
0.15483
0.15477
0.15472
0.15467
0.15464
0.15462
0.15459
0.15455
0.15453
0.1545
0.15448
0.15444
0.15441
0.15439
0.15437
0.15434
0.15432
0.15429
0.15425
0.15424
0.15422
0.15418
0.15419
0.15415
0.15413
0.15412
0.15411
0.15407
0.15405
0.15405
0.15403
0.15401
0.15398
0.15398
0.15395
0.15393
0.15392
0.15392
0.15388
0.15387
0.15387
0.15386
0.15383
0.15381
0.15381
0.15381
0.15379
0.15378
0.15378
0.15375
0.15374
0.15374
0.15372
0.15372
0.15371
0.15369
0.15367
0.15368
0.15366
0.15364
0.15363
0.15362
0.15362
0.15361
0.15361
0.1536
0.15358
0.15357
0.15358
0.15355
0.15355
0.15353
0.15353
0.15352
0.15351
0.1535
0.1535
0.15349
0.15348
0.15347
0.15348
0.15348
0.15346
0.15345
0.15345
0.15344
0.15344
0.15343
0.15342
0.15342
0.15341
0.15342
0.1534
0.15341
0.15341
0.1534
0.15341
0.1534
0.15338
0.15339
0.15338
0.15337
0.15337
0.15337
0.15337
0.15336
0.15336
0.15337
0.15334
0.15334
0.15333
0.15334
0.15334
0.15333
0.15333
0.15333
0.15333
0.15332
0.15331
0.1533
0.15332
0.15331
0.15332
0.1533
0.15329
0.1533
0.15329
0.15329
0.15329
0.15329
0.1533
0.15328
0.15328
0.15329
0.15329
