140.55
1.1399
0.32338
17.141
12.157
9.725
8.7824
8.3118
8.5404
8.8028
8.9181
8.9358
8.9065
8.8663
8.7971
8.8011
8.8119
8.8223
8.8343
8.8491
8.8708
8.8972
8.9261
8.9385
8.9441
8.9464
8.9471
8.9471
8.9747
9.0091
9.0406
9.0676
9.0879
9.1043
9.1171
9.1274
9.1311
9.1329
9.1344
9.1352
9.1359
9.1359
9.1362
9.1361
9.1363
9.1569
9.1769
9.1937
9.2029
9.2057
9.2044
9.2017
9.1981
9.1942
9.1907
9.1863
9.1829
9.1794
9.176
9.1729
9.1697
9.1666
9.1634
9.1602
9.1572
9.1546
9.1516
9.1485
9.1457
9.1432
9.1413
9.1394
9.1375
9.136
9.1343
9.1326
9.1308
9.129
9.1275
9.126
9.1243
9.123
9.1214
9.1197
9.1184
9.1174
9.1154
9.1146
9.113
9.1119
9.1111
9.1104
9.1087
9.1072
9.1066
9.1055
9.1046
9.1029
9.1022
9.101
9.0999
9.099
9.0985
9.097
9.096
9.0955
9.095
9.0941
9.093
9.0923
9.0919
9.0912
9.0903
9.09
9.0893
9.0886
9.0881
9.0871
9.0865
9.086
9.085
9.0841
9.0839
9.0835
9.0824
9.0818
9.0811
9.0808
9.08
9.0796
9.0792
9.0784
9.0777
9.0778
9.0769
9.0766
9.0757
9.0753
9.0748
9.0744
9.074
9.0738
9.073
9.0725
9.0719
9.0721
9.0719
9.0713
9.0708
9.0706
9.0704
9.0702
9.0695
9.0687
9.0684
9.068
9.0681
9.0678
9.068
9.0681
9.0678
9.0679
9.0675
9.0666
9.0666
9.0662
9.0658
9.0654
9.0655
9.0655
9.0652
9.0652
9.0656
9.0646
9.0642
9.0638
9.0637
9.0637
9.0637
9.0636
9.0635
9.0634
9.063
9.0626
9.0621
9.0624
9.0622
9.0624
9.0619
9.0614
9.0612
9.0612
9.061
9.0609
9.0608
9.0611
9.0605
9.0603
9.0605
9.0607
