1
-2.3781e-10
-2.6168e-10
-2.7729e-10
-4.1903e-10
-5.7316e-10
-2.9512e-09
-4.0293e-10
-3.1178e-09
-5.4946e-08
-0.087361
-0.18735
-0.29367
-0.29993
-0.25319
-0.20321
-0.17658
-0.175
-0.18672
-0.19921
-0.21211
-0.21245
-0.20637
-0.20009
-0.1969
-0.19687
-0.19842
-0.19996
-0.2016
-0.2016
-0.2008
-0.2
-0.1996
-0.1996
-0.1998
-0.2
-0.2001
-0.2001
-0.20005
-0.2
-0.19995
-0.19994
-0.19997
-0.19999
-0.2
-0.2
-0.2
-0.2
-0.2
-0.2
-0.2
-0.2
-0.2
-0.2
-0.2
-0.2
-0.2
-0.2
-0.2
-0.2
-0.2
-0.2
-0.2
-0.2
-0.2
-0.2
-0.2
-0.2
-0.2
-0.2
-0.2
-0.2
-0.2
-0.2
-0.2
-0.2
-0.2
-0.2
-0.2
-0.2
-0.2
-0.2
-0.2
-0.2
-0.2
-0.2
-0.2
-0.2
-0.2
-0.2
-0.2
-0.2
-0.2
-0.2
-0.2
-0.2
-0.2
-0.2
-0.2
-0.2
