1.1,1.1,0.3,-0.005,2.5624,-0.00012813,5.9692
0.9,0.9,0.3,0.0071631,-0.3365,-0.0010511,0.12581
1.1,0.9,0.3,0.0037179,-0.16333,0.00018207,-0.073324
1.1,0.9,0.3,0.0009782,-0.1396,0.00031624,-0.080511
1.1,0.9,0.3,0.00032686,-0.099392,0.00034225,-0.090121
1.1,0.9,0.3,-0.0027137,-0.040932,-0.00056531,-0.098324
1.1,0.9,0.3,-0.0046885,0.009809,-0.0017979,-0.099901
1.1,0.9,0.3,-0.0062933,0.052883,-0.0031304,-0.097194
1.1,0.9,0.3,-0.0077622,0.089038,-0.0044821,-0.092052
1.1,0.9,0.3,-0.021399,0.15923,-0.008254,-0.074578
1.0724,0.95761,0.3,-0.022221,0.18642,-0.013351,-0.02297
1.0302,1.0158,0.3,-0.0212,0.20908,-0.016048,0.035831
1.0164,1.0417,0.3,-0.018161,0.234,-0.017088,0.066132
1.0237,1.047,0.3,-0.015646,0.25584,-0.016803,0.075138
1.0346,1.0475,0.3,-0.014512,0.27094,-0.016024,0.07722
1.0423,1.0487,0.3,-0.014286,0.28043,-0.015374,0.07865
1.0887,1.0667,0.3,-0.014069,0.29464,-0.015546,0.069756
1.1,1.1,0.3,-0.015975,0.29814,-0.015664,0.081032
1.1,1.1,0.3,-0.017183,0.29933,-0.015829,0.081682
1.1,1.1,0.3,-0.017891,0.29943,-0.015916,0.081736
1.1,1.1,0.3,-0.017715,0.29944,-0.015954,0.081743
1.1,1.1,0.3,-0.016781,0.29944,-0.015972,0.081744
1.1,1.1,0.3,-0.015431,0.29944,-0.015966,0.081743
1.1,1.1,0.3,-0.014992,0.29944,-0.015956,0.081743
1.1,1.1,0.3,-0.015271,0.29944,-0.015948,0.081743
1.1,1.1,0.3,-0.015743,0.29944,-0.015946,0.081743
1.1,1.1,0.3,-0.016076,0.29944,-0.015947,0.081743
1.1,1.1,0.3,-0.016173,0.29944,-0.01595,0.081743
1.1,1.1,0.3,-0.016112,0.29944,-0.015952,0.081743
1.1,1.1,0.3,-0.016002,0.29944,-0.015952,0.081743
1.1,1.1,0.3,-0.015922,0.29944,-0.015952,0.081743
1.1,1.1,0.3,-0.01589,0.29944,-0.015951,0.081743
1.1,1.1,0.3,-0.015905,0.29944,-0.015951,0.081743
1.1,1.1,0.3,-0.015937,0.29944,-0.015951,0.081743
1.1,1.1,0.3,-0.015953,0.29944,-0.015951,0.081743
1.1,1.1,0.3,-0.015969,0.29944,-0.015951,0.081743
1.1,1.1,0.3,-0.015969,0.29944,-0.015951,0.081743
1.1,1.1,0.3,-0.015952,0.29944,-0.015951,0.081743
1.1,1.1,0.3,-0.015953,0.29944,-0.015951,0.081743
1.1,1.1,0.3,-0.015953,0.29944,-0.015951,0.081743
1.1,1.1,0.3,-0.015952,0.29944,-0.015951,0.081743
1.1,1.1,0.3,-0.015953,0.29944,-0.015951,0.081743
1.1,1.1,0.3,-0.015953,0.29944,-0.015951,0.081743
1.1,1.1,0.3,-0.015953,0.29944,-0.015951,0.081743
1.1,1.1,0.3,-0.015953,0.29944,-0.015951,0.081743
1.1,1.1,0.3,-0.015953,0.29944,-0.015951,0.081743
1.1,1.1,0.3,-0.015953,0.29944,-0.015951,0.081743
1.1,1.1,0.3,-0.015953,0.29944,-0.015951,0.081743
1.1,1.1,0.3,-0.015953,0.29944,-0.015951,0.081743
1.1,1.1,0.3,-0.015953,0.29944,-0.015951,0.081743
1.1,1.1,0.3,-0.015953,0.29944,-0.015951,0.081743
1.1,1.1,0.3,-0.015953,0.29944,-0.015951,0.081743
1.1,1.1,0.3,-0.015953,0.29944,-0.015951,0.081743
1.1,1.1,0.3,-0.015953,0.29944,-0.015951,0.081743
1.1,1.1,0.3,-0.015953,0.29944,-0.015951,0.081743
1.1,1.1,0.3,-0.015953,0.29944,-0.015951,0.081743
1.1,1.1,0.3,-0.015953,0.29944,-0.015951,0.081743
1.1,1.1,0.3,-0.015953,0.29944,-0.015951,0.081743
1.1,1.1,0.3,-0.015953,0.29944,-0.015951,0.081743
1.1,1.1,0.3,-0.015953,0.29944,-0.015951,0.081743
1.1,1.1,0.3,-0.015953,0.29944,-0.015951,0.081743
1.1,1.1,0.3,-0.015953,0.29944,-0.015951,0.081743
1.1,1.1,0.3,-0.015953,0.29944,-0.015951,0.081743
1.1,1.1,0.3,-0.015953,0.29944,-0.015951,0.081743
1.1,1.1,0.3,-0.015953,0.29944,-0.015951,0.081743
1.1,1.1,0.3,-0.015953,0.29944,-0.015951,0.081743
1.1,1.1,0.3,-0.015953,0.29944,-0.015951,0.081743
1.1,1.1,0.3,-0.015953,0.29944,-0.015951,0.081743
1.1,1.1,0.3,-0.015953,0.29944,-0.015951,0.081743
1.1,1.1,0.3,-0.015953,0.29944,-0.015951,0.081743
1.1,1.1,0.3,-0.015953,0.29944,-0.015951,0.081743
1.1,1.1,0.3,-0.015953,0.29944,-0.015951,0.081743
1.1,1.1,0.3,-0.015953,0.29944,-0.015951,0.081745
1.1,1.1,0.3,-0.015961,0.29945,-0.015951,0.081748
1.1,1.1,0.3,-0.015964,0.29947,-0.015952,0.08176
1.1,1.1,0.3,-0.015974,0.2995,-0.015955,0.081778
1.1,1.1,0.3,-0.015979,0.29956,-0.015961,0.081812
1.1,1.1,0.3,-0.015985,0.29964,-0.01597,0.081853
1.1,1.1,0.3,-0.015993,0.29974,-0.015983,0.08191
1.1,1.1,0.3,-0.01601,0.29984,-0.015999,0.081964
1.1,1.1,0.3,-0.016033,0.29991,-0.016018,0.082005
1.1,1.1,0.3,-0.016058,0.29997,-0.016041,0.082035
1.1,1.1,0.3,-0.016073,0.29999,-0.016065,0.082046
1.1,1.1,0.3,-0.016101,0.3,-0.016091,0.082054
1.1,1.1,0.3,-0.016135,0.30001,-0.016124,0.082059
1.1,1.1,0.3,-0.016174,0.30001,-0.016161,0.082059
1.1,1.1,0.3,-0.016217,0.3,-0.016202,0.082058
1.1,1.1,0.3,-0.016263,0.3,-0.016247,0.082059
1.1,1.1,0.3,-0.016312,0.3,-0.016295,0.08206
1.1,1.1,0.3,-0.016363,0.3,-0.016345,0.082059
1.1,1.1,0.3,-0.016416,0.3,-0.016397,0.08206
1.1,1.1,0.3,-0.01647,0.3,-0.016451,0.082062
1.1,1.1,0.3,-0.016526,0.3,-0.016506,0.082064
1.1,1.1,0.3,-0.016583,0.3,-0.016562,0.082065
1.1,1.1,0.3,-0.01664,0.29999,-0.01662,0.082065
1.0107,1.0912,0.3,-0.016698,0.28153,-0.015651,0.11588
1.0555,1.0125,0.3,-0.011606,0.3129,-0.015278,0.073422
1.1,0.9859,0.3,-0.012405,0.3163,-0.013756,0.039057
1.0738,1.0194,0.3,-0.015548,0.29907,-0.013832,0.058466
1.0511,1.0441,0.3,-0.016231,0.2935,-0.014665,0.078975
