1.1034,1.1067,1.4362,0.0023877,1.4362,0.0023877,5.9742
0.90002,0.89997,-0.01826,0.0030528,-0.01826,0.0030528,0.12581
0.99979,1.0002,0.06803,-0.0010963,0.06803,-0.0010963,-0.07323
0.99979,1.0002,0.079893,-0.0023991,0.079893,-0.0023991,-0.080417
0.99974,1.0003,0.1,-0.0027134,0.1,-0.0027134,-0.090027
0.9997,1.0003,0.12923,-0.0046884,0.12923,-0.0046884,-0.09823
0.99967,1.0003,0.1546,-0.0062933,0.1546,-0.0062933,-0.099807
0.99966,1.0003,0.17614,-0.0077621,0.17614,-0.0077621,-0.0971
0.99965,1.0004,0.19421,-0.009173,0.19421,-0.009173,-0.091958
0.99981,1.0002,0.22931,-0.017872,0.22931,-0.017872,-0.074484
1.0148,1.0152,0.24303,-0.019536,0.24303,-0.019536,-0.022916
1.0228,1.0232,0.25451,-0.018848,0.25451,-0.018848,0.035838
1.0288,1.0293,0.26705,-0.017247,0.26705,-0.017247,0.06612
1.035,1.0357,0.27795,-0.01588,0.27795,-0.01588,0.075127
1.0407,1.0414,0.2855,-0.015083,0.2855,-0.015083,0.077214
1.0451,1.0459,0.29022,-0.014745,0.29022,-0.014745,0.078647
1.0773,1.0781,0.29728,-0.015155,0.29728,-0.015155,0.069767
1.0996,1.1004,0.29904,-0.015831,0.29904,-0.015831,0.081032
1.0996,1.1004,0.2997,-0.016518,0.2997,-0.016518,0.081682
1.0996,1.1004,0.29977,-0.016917,0.29977,-0.016917,0.081737
1.0996,1.1004,0.29984,-0.016849,0.29984,-0.016849,0.081744
1.0996,1.1004,0.29984,-0.016376,0.29984,-0.016376,0.081744
1.0996,1.1004,0.29996,-0.015684,0.29996,-0.015684,0.081743
1.0996,1.1004,0.29996,-0.015477,0.29996,-0.015477,0.081743
1.0996,1.1004,0.29996,-0.01561,0.29996,-0.01561,0.081743
1.0996,1.1004,0.29996,-0.015843,0.29996,-0.015843,0.081743
1.0996,1.1004,0.29996,-0.016008,0.29996,-0.016008,0.081743
1.0996,1.1004,0.29996,-0.01606,0.29996,-0.01606,0.081743
1.0996,1.1004,0.29996,-0.016031,0.29996,-0.016031,0.081743
1.0996,1.1004,0.29996,-0.015977,0.29996,-0.015977,0.081743
1.0996,1.1004,0.29996,-0.015933,0.29996,-0.015933,0.081743
1.0996,1.1004,0.29996,-0.015919,0.29996,-0.015919,0.081743
1.0996,1.1004,0.29996,-0.015928,0.29996,-0.015928,0.081743
1.0996,1.1004,0.29996,-0.015941,0.29996,-0.015941,0.081743
1.0996,1.1004,0.29996,-0.015955,0.29996,-0.015955,0.081743
1.0996,1.1004,0.29996,-0.015962,0.29996,-0.015962,0.081743
1.0996,1.1004,0.29996,-0.015957,0.29996,-0.015957,0.081743
1.0996,1.1004,0.29996,-0.015955,0.29996,-0.015955,0.081743
1.0996,1.1004,0.29996,-0.015954,0.29996,-0.015954,0.081743
1.0996,1.1004,0.29996,-0.015953,0.29996,-0.015953,0.081743
1.0996,1.1004,0.29996,-0.015953,0.29996,-0.015953,0.081743
1.0996,1.1004,0.29996,-0.015953,0.29996,-0.015953,0.081743
1.0996,1.1004,0.29996,-0.015953,0.29996,-0.015953,0.081743
1.0996,1.1004,0.29996,-0.015953,0.29996,-0.015953,0.081743
1.0996,1.1004,0.29996,-0.015953,0.29996,-0.015953,0.081743
1.0996,1.1004,0.29996,-0.015953,0.29996,-0.015953,0.081743
1.0996,1.1004,0.29996,-0.015953,0.29996,-0.015953,0.081743
1.0996,1.1004,0.29996,-0.015953,0.29996,-0.015953,0.081743
1.0996,1.1004,0.29996,-0.015953,0.29996,-0.015953,0.081743
1.0996,1.1004,0.29996,-0.015953,0.29996,-0.015953,0.081743
1.0996,1.1004,0.29996,-0.015953,0.29996,-0.015953,0.081743
1.0996,1.1004,0.29996,-0.015953,0.29996,-0.015953,0.081743
1.0996,1.1004,0.29996,-0.015953,0.29996,-0.015953,0.081743
1.0996,1.1004,0.29996,-0.015953,0.29996,-0.015953,0.081743
1.0996,1.1004,0.29996,-0.015953,0.29996,-0.015953,0.081743
1.0996,1.1004,0.29996,-0.015953,0.29996,-0.015953,0.081743
1.0996,1.1004,0.29996,-0.015953,0.29996,-0.015953,0.081743
1.0996,1.1004,0.29996,-0.015953,0.29996,-0.015953,0.081743
1.0996,1.1004,0.29996,-0.015953,0.29996,-0.015953,0.081743
1.0996,1.1004,0.29996,-0.015953,0.29996,-0.015953,0.081743
1.0996,1.1004,0.29996,-0.015953,0.29996,-0.015953,0.081743
1.0996,1.1004,0.29996,-0.015953,0.29996,-0.015953,0.081743
1.0996,1.1004,0.29996,-0.015953,0.29996,-0.015953,0.081743
1.0996,1.1004,0.29996,-0.015953,0.29996,-0.015953,0.081743
1.0996,1.1004,0.29996,-0.015953,0.29996,-0.015953,0.081743
1.0996,1.1004,0.29996,-0.015953,0.29996,-0.015953,0.081743
1.0996,1.1004,0.29996,-0.015953,0.29996,-0.015953,0.081743
1.0996,1.1004,0.29996,-0.015953,0.29996,-0.015953,0.081743
1.0996,1.1004,0.29996,-0.015953,0.29996,-0.015953,0.081743
1.0996,1.1004,0.29996,-0.015953,0.29996,-0.015953,0.081743
1.0996,1.1004,0.29996,-0.015953,0.29996,-0.015953,0.081743
1.0996,1.1004,0.29996,-0.015953,0.29996,-0.015953,0.081743
1.0996,1.1004,0.29984,-0.015958,0.29984,-0.015958,0.081745
1.0996,1.1004,0.29978,-0.015962,0.29978,-0.015962,0.081748
1.0996,1.1004,0.29976,-0.01597,0.29976,-0.01597,0.08176
1.0996,1.1004,0.29976,-0.015976,0.29976,-0.015976,0.081778
1.0996,1.1004,0.29976,-0.015982,0.29976,-0.015982,0.081812
1.0996,1.1004,0.29982,-0.015989,0.29982,-0.015989,0.081853
1.0996,1.1004,0.29987,-0.016,0.29987,-0.016,0.08191
1.0996,1.1004,0.29992,-0.016016,0.29992,-0.016016,0.081964
1.0996,1.1004,0.29996,-0.016037,0.29996,-0.016037,0.082005
1.0996,1.1004,0.29998,-0.016061,0.29998,-0.016061,0.082035
1.0996,1.1004,0.29999,-0.016081,0.29999,-0.016081,0.082046
1.0996,1.1004,0.3,-0.016108,0.3,-0.016108,0.082054
1.0996,1.1004,0.3,-0.016141,0.3,-0.016141,0.082059
1.0996,1.1004,0.3,-0.016179,0.3,-0.016179,0.082059
1.0996,1.1004,0.3,-0.016221,0.3,-0.016221,0.082058
1.0996,1.1004,0.3,-0.016267,0.3,-0.016267,0.082059
1.0996,1.1004,0.3,-0.016315,0.3,-0.016315,0.08206
1.0996,1.1004,0.3,-0.016365,0.3,-0.016365,0.082059
1.0996,1.1004,0.3,-0.016418,0.3,-0.016418,0.08206
1.0996,1.1004,0.3,-0.016472,0.3,-0.016472,0.082062
1.0996,1.1004,0.3,-0.016527,0.3,-0.016527,0.082064
1.0996,1.1004,0.3,-0.016584,0.3,-0.016584,0.082065
1.0996,1.1004,0.3,-0.016641,0.3,-0.016641,0.082065
1.0506,1.0513,0.29089,-0.014962,0.29089,-0.014962,0.11584
1.0335,1.0345,0.30639,-0.01411,0.30639,-0.01411,0.073443
1.0425,1.0434,0.30797,-0.014829,0.30797,-0.014829,0.039111
1.0462,1.047,0.29945,-0.01553,0.29945,-0.01553,0.058492
1.0472,1.048,0.29674,-0.015566,0.29674,-0.015566,0.078979
