139.52
3.134
0.13784
0.24886
0.53127
0.57461
0.60441
0.62587
0.61705
0.1133
0.23343
0.26822
0.20347
0.18607
0.19858
0.21263
0.18323
0.11139
0.054615
0.027391
0.013715
0.013723
0.006863
0.0068629
0.0068632
0.0068637
0.0068639
0.006864
0.006864
0.0068639
0.0068638
0.0068638
0.0068638
0.0068638
0.0068638
0.0068638
0.0068638
0.0068638
0.0068638
0.0068638
0.0068638
0.0068638
0.0068638
0.0068638
0.0068638
0.0068638
0.0068638
0.0068638
0.0068645
0.0068645
0.0068645
0.0068645
0.0068645
0.0068645
0.0068645
0.0068645
0.0068645
0.0068645
0.0068645
0.0068645
0.0068645
0.0068645
0.0068645
0.0068645
0.0068645
0.0068645
0.0068645
0.0068645
0.0068645
0.0068645
0.0068645
1.0846e-06
2.1875e-05
2.0699e-05
1.713e-05
2.7385e-05
7.9503e-05
0.00039374
0.0007486
0.0007384
0.00061691
0.00046726
0.00068158
0.0007445
0.00084735
0.00095939
0.0010486
0.0011348
0.0012016
0.0012603
0.0013273
0.0013641
0.0014122
0.0014577
0.001486
1.4389
0.56385
0.2721
0.26357
0.26439
