1
-0.19589
-1.1867e-08
-3.2212e-09
-4.6864e-10
-1.285e-09
-7.137e-11
-7.0677e-10
-8.7777e-11
-5.732e-10
-3.3863e-10
-2.8188e-10
-2.3456e-10
-2.0168e-10
-1.7932e-10
-2.9913e-11
-6.8704e-11
-9.5089e-11
-8.7141e-11
-8.1744e-11
-7.8436e-11
-1.3753e-10
-1.2993e-10
-1.1237e-10
-9.7053e-11
-8.671e-11
-7.9896e-11
-7.5353e-11
-7.2303e-11
-7.0233e-11
-3.4858e-11
-4.4181e-11
-2.1685e-11
-1.8104e-11
-1.6187e-11
-1.4674e-11
-1.3842e-11
-1.3202e-11
-1.2828e-11
-1.2552e-11
-1.2382e-11
-2.7684e-11
-3.8601e-11
-3.1994e-11
-2.6912e-11
-2.3844e-11
-2.1877e-11
-2.0474e-11
-1.9578e-11
-1.8944e-11
-1.8509e-11
-1.8313e-11
-1.818e-11
-1.8029e-11
-1.4607e-11
-1.3119e-11
-1.5071e-11
-1.5738e-11
-1.658e-11
-1.6938e-11
-1.7216e-11
-1.738e-11
-1.7502e-11
-1.4417e-11
-1.2747e-11
-1.498e-11
-1.5848e-11
-1.6444e-11
-1.6893e-11
-1.7147e-11
-1.7398e-11
-1.7501e-11
-1.4414e-11
-1.2925e-11
-1.4797e-11
-1.5896e-11
-1.6451e-11
-1.684e-11
-1.7195e-11
-1.7369e-11
-1.7511e-11
-1.4413e-11
-1.275e-11
-1.5006e-11
-1.5809e-11
-1.6437e-11
-1.6812e-11
-1.7206e-11
-1.7341e-11
-1.7509e-11
-1.4411e-11
-1.276e-11
-1.4947e-11
-1.9286e-11
-2.2109e-11
-2.4098e-11
-2.5517e-11
-2.6467e-11
-2.7148e-11
-2.7533e-11
