154.64
34.952
20.369
21.68
23.169
24.134
24.569
24.61
24.387
23.991
23.487
22.925
22.342
21.771
21.24
20.705
20.056
19.563
19.211
19.022
18.955
18.908
18.796
18.575
18.258
17.861
17.346
17.062
16.872
16.787
16.861
16.878
16.911
16.971
17.045
17.118
17.181
17.228
17.254
17.254
17.245
17.213
17.183
17.149
17.117
17.091
17.073
17.064
17.062
17.061
17.072
17.083
17.094
17.104
17.111
17.115
17.116
17.115
17.112
17.107
17.102
17.097
17.093
17.089
17.086
17.085
17.085
17.085
17.085
17.086
17.087
17.088
17.088
17.087
17.087
17.085
17.084
17.083
17.081
17.08
