562.84
1.5991
0.78591
0.55136
0.4288
0.35012
0.29852
0.26501
0.24278
0.20342
0.16444
0.14472
0.13237
0.1246
0.11968
0.10098
0.092959
0.087978
0.084758
0.082659
0.081289
0.06594
0.055858
0.049992
0.046244
0.043836
0.04228
0.041265
0.040601
0.040163
0.032576
0.027674
0.024833
0.023017
0.021851
0.021096
0.020605
0.020282
0.020069
0.019929
0.019835
0.016084
0.013705
0.012333
0.011455
0.010891
0.010525
0.010288
0.010131
0.010028
0.0099604
0.0099154
0.0098853
0.0098652
0.007998
0.0097563
0.009296
0.0094686
0.0095859
0.009665
0.0097182
0.0097537
0.0097776
0.0079246
0.0097052
0.0092716
0.009452
0.0095747
0.0096574
0.0097131
0.0097504
0.0097753
0.0079227
0.0097039
0.009271
0.0094516
0.0095744
0.0096572
0.009713
0.0097503
0.0097753
0.0079224
0.0097039
0.0092709
0.0094516
0.0095744
0.0096572
0.009713
0.0097503
0.0097753
0.0079224
0.0097039
0.010678
0.011345
0.01183
0.012167
0.012396
0.012551
0.012655
0.012725
