0.0028091
0.0047443
0.0047383
0.0047356
0.0047343
0.0047335
0.0047329
0.0047323
0.004732
0.0047317
0.0047314
0.0047311
0.004731
0.0047307
0.0047304
0.0047301
0.0047298
0.0047299
0.0047298
0.0047298
0.0047299
0.0047299
0.0047299
0.0047299
0.0047299
0.0047299
0.0047299
0.0047299
0.0047299
0.0047299
0.0047298
0.0047298
0.0047298
0.0047298
0.0047298
0.0047298
0.0047298
0.0047299
0.0047299
0.0047299
0.0047299
0.0047299
0.0047298
0.0047298
0.0047299
0.0047299
0.0047299
0.0047299
0.0047299
0.0047299
0.0047299
0.0047299
0.0047299
0.0047299
0.0047299
0.0047299
0.0047299
0.0047299
0.0047299
0.0047299
0.0047299
0.0047299
0.0047299
0.0047299
0.0047299
0.0047299
0.0047299
0.0047299
0.0047299
0.0047299
0.0047299
0.0047299
0.0047299
0.0047299
0.0047299
0.0047299
0.0047299
0.0047299
0.0047299
0.0047299
0.0047299
0.0047299
0.0047299
0.0047299
0.0047299
0.0047299
0.0047299
0.0047299
0.0047299
0.0047299
0.0047299
0.0047299
0.0047299
0.0047299
0.0047299
0.0047299
0.0047299
0.0047299
0.0047299
0.0047299
0.0047299
0.0047299
0.0047298
0.0047299
0.0047299
0.0047299
0.0047299
0.0047299
0.0047299
0.0047299
0.0047299
0.0047298
0.0047299
0.0047299
0.0047299
0.0047299
0.0047299
0.0047299
0.0047299
0.0047299
0.0047299
0.0047299
0.0047298
0.0047298
0.0047298
0.0047298
0.0047298
0.0047298
0.0047298
0.0047298
0.0047298
0.0047298
0.0047298
0.0047298
0.0047298
0.0047299
0.0047299
0.0047299
0.0047299
0.0047299
0.0047299
0.0047299
0.0047299
0.0047299
0.0047299
0.0047299
0.0047299
0.0047299
0.0047299
0.0047299
0.0047299
0.0047299
0.0047299
0.0047299
0.0047299
0.0047299
0.0047299
0.0047299
0.0047299
0.0047299
0.0047299
0.0047299
0.0047299
0.0047299
0.0047299
0.0047299
0.0047299
0.0047299
0.0047299
0.0047299
0.0047299
0.0047299
0.0047299
0.0047299
0.0047299
0.0047299
0.0047299
0.0047299
0.0047299
0.0047299
0.0047299
0.0047299
0.0047299
0.0047299
0.0047299
0.0047299
0.0047299
0.0047299
0.0047299
0.0047299
0.0047299
0.0047299
0.0047299
0.0047299
0.0047299
0.0047299
0.0047299
0.0047299
0.0047299
0.0047299
0.0047299
0.0047299
0.0047299
0.0047299
0.0047299
0.0047299
0.0047299
0.0047299
0.0047299
0.0047299
0.0047299
0.0047299
0.0047299
0.0047299
0.0047299
0.0047299
0.0047299
0.0047299
0.0047299
0.0047299
0.0047299
0.0047299
0.0047299
0.0047299
0.0047299
0.0047299
0.0047299
0.0047299
0.0047299
0.0047299
0.0047299
0.0047299
0.0047299
0.0047299
0.0047299
0.0047299
0.0047299
0.0047299
0.0047299
0.0047299
0.0047299
0.0047299
0.0047299
0.0047299
0.0047299
0.0047299
0.0047299
0.0047299
0.0047299
0.0047299
0.0047299
0.0047299
0.0047299
0.0047299
0.0047299
0.0047299
0.0047299
0.0047299
0.0047299
0.0047299
0.0047299
0.0047299
0.0047299
0.0047299
0.0047299
0.0047299
0.0047299
0.0047299
0.0047299
0.0047299
0.0047299
0.0047299
0.0047299
0.0047299
0.0047299
0.0047299
0.0047299
0.0047299
0.0047299
0.0047299
0.0047299
0.0047299
0.0047299
0.0047299
0.0047299
0.0047299
0.0047299
0.0047299
0.0047299
0.0047299
0.0047299
0.0047299
0.0047299
0.0047299
0.0047299
0.0047299
0.0047299
0.0047299
0.0047299
0.0047299
0.0047299
0.0047299
0.0047299
0.0047299
0.0047299
0.0047299
0.0047299
0.0047299
0.0047299
0.0047299
0.0047299
0.0047299
0.0047299
0.0047299
0.0047299
0.0047299
0.0047299
0.0047299
0.0047299
0.0047299
0.0047299
0.0047299
0.0047299
0.0047299
0.0047299
0.0047299
0.0047299
0.0047299
0.0047299
0.0047299
0.0047299
0.0047299
0.0047299
0.0047299
0.0047299
0.0047299
0.0047299
0.0047299
0.0047299
0.0047299
0.0047299
0.0047299
0.0047299
0.0047299
0.0047299
0.0047299
0.0047299
0.0047299
0.0047299
0.0047299
0.0047299
0.0047299
0.0047299
0.0047299
0.0047299
0.0047299
0.0047299
0.0047299
0.0047299
0.0047299
0.0047299
0.0047299
0.0047299
0.0047299
0.0047299
0.0047299
0.0047299
0.0047299
0.0047299
0.0047299
0.0047299
0.0047299
0.0047299
0.0047299
0.0047299
0.0047299
0.0047299
0.0047299
0.0047299
0.0047299
0.0047299
0.0047299
0.0047299
0.0047299
0.0047299
0.0047299
0.0047299
0.0047299
0.0047299
0.0047299
0.0047299
0.0047299
0.0047299
0.0047299
0.0047299
0.0047299
0.0047299
0.0047299
0.0047299
0.0047299
0.0047299
0.0047299
0.0047299
0.0047299
0.0047299
0.0047299
0.0047299
0.0047299
0.0047299
0.0047299
0.0047299
0.0047299
0.0047299
0.0047299
0.0047299
0.0047299
0.0047299
0.0047299
0.0047299
0.0047299
0.0047299
0.0047299
0.0047299
0.0047299
0.0047299
0.0047299
0.0047299
0.0047299
0.0047299
0.0047299
0.0047299
0.0047299
0.0047299
0.0047299
0.0047299
0.0047299
0.0047299
0.0047299
0.0047299
0.0047299
0.0047299
0.0047299
0.0047299
0.0047299
0.0047299
0.0047299
0.0047299
0.0047299
0.0047299
0.0047299
0.0047299
0.0047299
0.0047299
0.0047299
0.0047299
0.0047299
0.0047299
0.0047299
0.0047299
0.0047299
0.0047299
0.0047299
0.0047299
0.0047299
0.0047299
0.0047299
0.0047299
0.0047299
0.0047299
0.0047299
0.0047299
0.0047299
0.0047299
0.0047299
0.0047299
0.0047299
0.0047299
0.0047299
0.0047299
0.0047299
0.0047299
0.0047299
0.0047299
0.0047299
0.0047299
0.0047299
0.0047299
0.0047299
0.0047299
0.0047299
0.0047299
0.0047299
0.0047299
0.0047299
0.0047299
0.0047299
0.0047299
0.0047299
0.0047299
0.0047299
