140.83
1.7425
0.55013
0.20211
0.13184
0.083445
0.059464
0.041912
0.026919
0.019033
0.013454
0.0095122
0.0065493
0.0046375
0.0032785
0.0023213
0.001624
0.0046689
0.00080286
0.00057146
0.00041042
0.00029026
0.00042195
0.00019186
0.00011039
0.00012368
6.0368e-05
5.7437e-05
5.7916e-05
6.1025e-05
0.00012478
4.5201e-05
3.8443e-05
3.3987e-05
0.0090525
0.0045071
0.0032133
3.9999e-05
0.0015738
0.00084383
0.0003966
0.0001617
0.00028032
0.0011816
4.8892e-05
0.00063734
2.8201e-05
2.0229e-05
2.851e-05
0.00089754
0.00048224
3.4367e-05
1.513e-05
0.00016318
9.4982e-05
2.2321e-05
1.5514e-05
2.0834e-05
1.7508e-05
1.5155e-05
0.00019849
5.349e-05
0.0004638
9.0687e-06
9.4005e-06
1.3774e-05
0.00022299
5.9072e-05
5.6434e-05
1.6662e-05
1.3338e-05
0.00045673
4.0951e-05
2.1456e-05
6.8103e-06
1.4365e-05
2.6764e-05
1.6035e-05
1.4281e-05
1.4401e-05
0.00020871
0.00016705
1.661e-05
2.5798e-05
1.5535e-05
9.7971e-05
4.7787e-05
2.928e-05
1.4331e-05
9.3344e-05
1.4276e-05
2.9907e-05
3.5204e-05
4.0664e-05
0.00010854
7.251e-05
5.0773e-05
4.2927e-05
3.5263e-05
2.2146e-05
1.4351e-05
0.00016367
0.00028177
1.5196e-05
1.5638e-05
1.6153e-05
1.4364e-05
0.00027319
0.00013022
1.6623e-05
6.3348e-05
0.00013484
1.4351e-05
1.5523e-05
0.00051278
0.00024816
0.00011106
3.8934e-05
4.8658e-05
0.00019878
0.00013156
3.1232e-05
6.7599e-05
6.4227e-05
3.8381e-05
4.0654e-05
4.3062e-05
4.0351e-05
3.0597e-05
2.9731e-05
0.00032928
0.00021229
5.1249e-05
0.00030727
0.00038628
2.86e-05
0.0001401
0.00023313
4.5081e-05
6.6682e-05
8.8671e-05
3.4562e-05
0.00020344
0.00015473
3.9018e-05
8.6241e-05
1.6149e-05
4.3566e-05
9.1035e-05
0.00021523
2.8335e-05
0.00011687
1.57e-05
2.2397e-05
4.0085e-05
5.9842e-05
8.0054e-05
4.4291e-05
2.5614e-05
1.4276e-05
2.4593e-05
4.3118e-05
6.2982e-05
8.3231e-05
4.1249e-05
2.3004e-05
1.4499e-05
2.7286e-05
4.6175e-05
6.6129e-05
8.6411e-05
3.8238e-05
2.057e-05
1.5409e-05
3.0077e-05
0.00018904
6.9235e-05
0.00015934
0.00010907
1.9513e-05
1.5845e-05
3.0653e-05
4.9459e-05
6.9072e-05
8.896e-05
3.6247e-05
1.9363e-05
1.5942e-05
3.0847e-05
4.9669e-05
6.9287e-05
8.9177e-05
3.6046e-05
1.9216e-05
1.6031e-05
0.00045187
2.4378e-05
4.3696e-05
0.00027504
5.9499e-05
0.00011019
0.00019268
7.0918e-05
9.0206e-05
3.9262e-05
1.4546e-05
9.7377e-06
2.6984e-05
4.5951e-05
6.5152e-05
8.4428e-05
3.852e-05
1.981e-05
7.1902e-05
5.0936e-05
3.1873e-05
1.369e-05
1.044e-05
2.794e-05
4.693e-05
0.00020724
0.00015597
3.7543e-05
1.8884e-05
7.2892e-05
0.00012033
3.0906e-05
8.1701e-05
1.1187e-05
2.8901e-05
4.791e-05
6.7123e-05
8.6404e-05
3.6573e-05
1.7971e-05
7.645e-06
2.3324e-05
4.2185e-05
6.136e-05
8.0626e-05
4.2276e-05
2.3411e-05
7.6796e-06
1.7887e-05
3.6482e-05
5.5605e-05
0.00014537
2.4266e-05
4.3159e-05
6.2342e-05
8.1611e-05
4.1302e-05
2.2471e-05
7.3566e-06
1.8798e-05
3.7451e-05
0.00012702
6.623e-05
0.00011738
4.4134e-05
6.3324e-05
8.2595e-05
4.0328e-05
2.1535e-05
7.1565e-06
1.9717e-05
3.8423e-05
5.7566e-05
7.682e-05
4.6048e-05
4.511e-05
6.4306e-05
8.358e-05
3.9356e-05
2.0604e-05
7.0897e-06
2.0641e-05
3.9394e-05
5.8546e-05
7.7804e-05
4.5071e-05
2.6125e-05
9.1462e-06
1.5326e-05
3.3707e-05
5.2799e-05
7.2035e-05
5.0802e-05
3.1741e-05
1.3572e-05
1.0535e-05
2.8069e-05
4.7063e-05
6.6271e-05
8.555e-05
3.7412e-05
1.876e-05
7.3657e-06
2.2509e-05
4.1341e-05
6.051e-05
7.9774e-05
4.3119e-05
2.4227e-05
8.0442e-06
1.7104e-05
3.5643e-05
5.4759e-05
7.4004e-05
4.8844e-05
2.9816e-05
1.193e-05
1.2072e-05
2.9986e-05
4.9019e-05
6.8238e-05
8.7521e-05
3.5474e-05
1.6947e-05
8.1272e-06
2.4392e-05
4.329e-05
6.2474e-05
8.1743e-05
4.117e-05
2.2344e-05
7.3204e-06
1.8921e-05
3.7582e-05
5.6717e-05
0.00014649
4.689e-05
9.7921e-05
1.0407e-05
5.9358e-05
0.00010204
2.1406e-05
7.1366e-06
1.9842e-05
0.00010881
1.517e-05
9.2557e-06
2.6292e-05
4.5245e-05
6.4443e-05
8.3717e-05
3.9219e-05
2.0474e-05
7.0884e-06
0.00012204
3.2571e-05
8.3404e-05
9.9213e-06
4.4932e-05
9.5944e-05
9.0556e-06
0.00012783
3.8248e-05
8.918e-05
7.1808e-06
5.0663e-05
0.00010172
1.3452e-05
0.00013361
4.3956e-05
9.4959e-05
8.478e-06
5.6408e-05
0.00010751
1.863e-05
6.8906e-05
0.00012006
3.064e-05
8.1429e-05
1.1398e-05
4.2976e-05
9.3967e-05
7.9763e-06
5.5422e-05
0.00010652
1.7715e-05
6.7917e-05
0.00011907
2.9674e-05
8.0439e-05
1.2192e-05
4.1995e-05
9.2976e-05
7.5724e-06
5.4436e-05
0.00010552
1.6809e-05
6.6929e-05
0.00011808
2.871e-05
7.9449e-05
1.3013e-05
4.1016e-05
9.1985e-05
7.2829e-06
5.3451e-05
0.00010453
1.5913e-05
6.594e-05
0.00011709
2.7747e-05
7.8459e-05
1.3858e-05
4.0037e-05
9.0994e-05
7.1216e-06
1.9992e-05
3.8712e-05
5.7858e-05
7.7114e-05
4.5756e-05
2.6793e-05
9.5993e-06
1.4715e-05
3.303e-05
5.2112e-05
7.1346e-05
5.1488e-05
3.2417e-05
1.4167e-05
6.3971e-05
0.00011511
2.5837e-05
7.6486e-05
1.5593e-05
3.8089e-05
8.9019e-05
7.2093e-06
5.0503e-05
0.00010156
1.3316e-05
6.2983e-05
0.00011411
0.00033049
9.9702e-05
1.7307e-05
6.1693e-05
0.00011215
2.5921e-05
7.3957e-05
2.3201e-05
3.6763e-05
8.6389e-05
1.5051e-05
4.8609e-05
9.8818e-05
1.6217e-05
6.0748e-05
0.00011128
2.4819e-05
7.3039e-05
2.3283e-05
3.5856e-05
8.5412e-05
1.5398e-05
4.7663e-05
9.7838e-05
1.5769e-05
5.9786e-05
0.0001103
2.4014e-05
7.2067e-05
5.3224e-05
3.4949e-05
8.4435e-05
1.58e-05
4.6718e-05
9.6858e-05
1.5371e-05
5.8824e-05
0.00010932
2.3225e-05
7.1094e-05
0.0001218
3.4044e-05
8.3459e-05
1.6252e-05
4.5776e-05
9.5878e-05
1.5028e-05
5.7864e-05
0.00010833
2.2451e-05
7.0124e-05
0.00012082
3.3147e-05
8.2483e-05
1.6751e-05
4.4836e-05
9.4899e-05
1.4743e-05
0.00012657
3.8458e-05
8.8195e-05
1.4567e-05
