139.53
1.6514
0.37743
0.96005
0.56502
0.18251
0.19401
0.31551
0.57445
0.5522
0.71728
1.2084
0.93871
0.45217
0.39536
0.14098
0.15946
0.14306
0.08748
0.045031
0.024185
0.026016
0.004197
0.0076161
0.0090451
0.0090806
0.0057998
0.0028802
0.0015986
0.00090858
0.00056536
0.00040269
0.00032937
0.00027456
0.0002188
0.00017524
0.00014352
0.00012886
0.00011088
9.9245e-05
8.9589e-05
9.1411e-05
9.1346e-05
0.00018817
0.00018426
0.00018696
0.00019061
0.00019233
0.00019389
0.00019525
0.00019752
0.00020095
0.0002034
0.00020543
0.00020313
0.00020748
0.00021257
0.0002112
0.00021413
0.00022352
0.0002249
0.000234
0.00020786
0.00019857
0.00022105
0.00022143
0.00020267
0.00020033
0.00019537
0.00019334
0.00019439
0.00019203
0.00019302
0.00019104
0.00019089
0.00019069
0.00019066
0.00019047
0.00019049
0.00019036
0.34612
0.17279
0.0025572
0.0017336
0.0004611
0.00015113
8.8957e-05
8.3873e-05
7.1501e-05
3.1264e-05
1.1974e-05
9.2077e-06
8.1409e-06
8.1162e-06
7.4191e-06
7.1687e-06
2.9123e-05
2.2602e-05
2.2357e-05
3.6201e-05
